segmentnr	original	analyzed	folio	translated
['BO_T04_D3859-2:271a-11']	des ni phung po'i mtshan nyid las gzhan pa'i gang zag gis sdug bsngal bdag gis ma byas so zhes bstan te /	des ni phung po'i mtshan nyid las gzhan pa'i gang zag gis sdug bsngal bdag gis ma byas so zhes bstan te /	271a	This shows that the self does not create suffering, where the self is something other than the characteristics of the aggregates.
['BO_T04_D3859-2:271a-12']	'di ltar sdug bsngal gyi ngo bo nyid ma yin pa'i gang zag nam mkha'i me tog lta bu gzhan med pa'i phyir des na sdug bsngal ma byas so zhes bya bar dgongs so //	'di ltar sdug bsngal gyi ngo bo nyid ma yin pa'i gang zag nam mkha'i me tog lta bu gzhan med pa'i phyir des na sdug bsngal ma byas so zhes bya bar dgongs so //	271a	The intended meaning is that since there is no self that is not the entity of suffering, like a sky flower, therefore suffering is not created by the self.
['BO_T04_D3859-2:271a-13']	ci ste sdug bsngal gyi ngo bo nyid ma yin pa'i gang zag med pa'i phyir des de ma byas pa'i skyon du gyur na mi rung ngo snyam pas gang zag ni sdug bsngal gyi ngo bo nyid yin no zhe na /	ci ste sdug bsngal gyi ngo bo nyid ma yin pa'i gang zag med pa'i phyir des de ma byas pa'i skyon du gyur na mi rung ngo snyam pas gang zag ni sdug bsngal gyi ngo bo nyid yin no zhe na /	271a	But if you think that it is not correct that the error of “that does not create that” arises because there is no self that is not the entity of suffering, then the self is the entity of suffering.
['BO_T04_D3859-2:271a-14']	de'i phyir sdug bsngal gyi ngo bo nyid yin na yang /	de'i phyir sdug bsngal gyi ngo bo nyid yin na yang /	271a	But if the self is the entity of suffering,
['BO_T04_D3859-2:271a-15']	de nyid kyis ni de ma byas /	de nyid kyis ni de ma byas /	271a	then it does not create itself.
['BO_T04_D3859-2:271a-16']	gal te bdag gis byas gyur na //	gal te bdag gis byas gyur na //	271a	If it were created by itself,
['BO_T04_D3859-2:271a-17']	de phyir brten nas 'byung mi 'gyur //	de phyir brten nas 'byung mi 'gyur //	271a	then it would not arise in dependence.
['BO_T04_D3859-2:271a-18']	zhes bya ba der bkag zin pa'i phyir ro zhes bya bar dgongs so zhes bya ba smras te /	zhes bya ba der bkag zin pa'i phyir ro zhes bya bar dgongs so zhes bya ba smras te /	271a	This is what is meant by the phrase “This has already been refuted.”
['BO_T04_D3859-2:271a-19']	gang zag gang yin pa de nyid sdug bsngal yin la /	gang zag gang yin pa de nyid sdug bsngal yin la /	271a	That very person is suffering.
['BO_T04_D3859-2:271a-20']	des de byas par gyur na gang gi phyir bdag gis byas pa ni rgyu dang rkyen gyis byas pa ma yin pa de'i phyir de la brten nas byung ba nyid kyi chos med pa'i phyir de ni mi 'dod de sngar bkag zin to zhes bya bar dgongs so	des de byas par gyur na gang gi phyir bdag gis byas pa ni rgyu dang rkyen gyis byas pa ma yin pa de'i phyir de la brten nas byung ba nyid kyi chos med pa'i phyir de ni mi 'dod de sngar bkag zin to zhes bya bar dgongs so	271a	If it were produced by itself, then what is produced by itself would not be produced by causes and conditions. Therefore, since it is unacceptable that it arises in dependence on that, because it was refuted earlier, this is the intended meaning.
['BO_T04_D3859-2:271a-21']	// yang na /	// yang na /	271a	Or else,🔽🔽
['BO_T04_D3859-2:271a-22']	de nyid kyis ni de ma byas //	de nyid kyis ni de ma byas //	271a	that itself does not produce that.
['BO_T04_D3859-2:271a-23']	zhes bya ba ni /	zhes bya ba ni /	271a	This is the intended meaning:🔽Because it is not seen to perform the action on itself, and because it is unacceptable that it produces itself, it is unacceptable that it produces that.
['BO_T04_D3859-2:271b-0']	rang la bya ba byed pa ma mthong ba'i phyir dang / bdag las skye ba mi 'thad pa bzhin du des byed pa mi 'thad pa'i phyir ro zhes bya bar dgongs so zhes @271b bya bas ni tshig le'ur byas pa'i rtsa ba 'di'i don rnam pa gzhan du bshad pa ston to //	rang la bya ba byed pa ma mthong ba'i phyir dang / bdag las skye ba mi 'thad pa bzhin du des byed pa mi 'thad pa'i phyir ro zhes bya bar dgongs so zhes @271b bya bas ni tshig le'ur byas pa'i rtsa ba 'di'i don rnam pa gzhan du bshad pa ston to //	271b	This teaches the explanation of the meaning of this root verse in another way.
['BO_T04_D3859-2:271b-1']	gang zag gang yin pa de nyid sdug bsngal yin par gyur na de nyid kyis de mi byed de rang la byed pa 'gal ba'i phyir dang / bdag las skye ba mi 'thad pa bzhin du des de byed pa mi 'thad pa'i phyir sdug bsngal bdag gis byas pa ma yin no zhes bya bar dgongs so //	gang zag gang yin pa de nyid sdug bsngal yin par gyur na de nyid kyis de mi byed de rang la byed pa 'gal ba'i phyir dang / bdag las skye ba mi 'thad pa bzhin du des de byed pa mi 'thad pa'i phyir sdug bsngal bdag gis byas pa ma yin no zhes bya bar dgongs so //	271b	If the person himself were suffering, he himself would not create it, because it is contradictory for something to act on itself, and because it is untenable that it creates itself, just like it is untenable that it arises from itself.🔽The meaning is that suffering is not created by itself.🔽If you say that suffering is created by another,
['BO_T04_D3859-2:271b-2']	sdug bsngal gang yin pa de nyid gang zag ma yin pa'i phyir des byas pa ni gzhan gyis byas pa yang yin te zhes gang smras pa de yang bzang po ma yin te zhes bya bas ni gang zag phung po dang gcig pa ma yin pas des byas	sdug bsngal gang yin pa de nyid gang zag ma yin pa'i phyir des byas pa ni gzhan gyis byas pa yang yin te zhes gang smras pa de yang bzang po ma yin te zhes bya bas ni gang zag phung po dang gcig pa ma yin pas des byas	271b	because that which is suffering is not the person,🔽that is also not good.
['BO_T04_D3859-2:271b-3']	pa ni sdug bsngal gzhan gyis byas pa yin par 'dod pa'i phyogs su dgag pa ston to //	pa ni sdug bsngal gzhan gyis byas pa yin par 'dod pa'i phyogs su dgag pa ston to //	271b	This shows the refutation of the position that suffering is created by another, because the person is not the same as the aggregates.🔽Therefore it is said:
['BO_T04_D3859-2:271b-4']	de'i phyir / gal te gzhan bdag ma byas na //	de'i phyir / gal te gzhan bdag ma byas na //	271b	If another does not create itself,
['BO_T04_D3859-2:271b-5', 'BO_T04_D3859-2:271b-6']	sdug bsngal gzhan byas ga la 'gyur //🔽zhes bya ba la sogs pa smras te /	sdug bsngal gzhan byas ga la 'gyur //🔽zhes bya ba la sogs pa smras te /	271b	how could suffering be created by another?
['BO_T04_D3859-2:271b-7']	des ni gal te pha rol po dag gis phung po las gzhan pa'i gang zag yod par brtags pa des bdag nyid byas te yod par gyur na ni de nyid gzhan yin pas des byas pa'i sdug bsngal ni gzhan gyis byas pa zhes bya bar yang 'gyur ba	des ni gal te pha rol po dag gis phung po las gzhan pa'i gang zag yod par brtags pa des bdag nyid byas te yod par gyur na ni de nyid gzhan yin pas des byas pa'i sdug bsngal ni gzhan gyis byas pa zhes bya bar yang 'gyur ba	271b	If the self were to exist as it is imagined by the opponent, as something other than the aggregates, then since it would be other, the suffering created by it would be created by another.
['BO_T04_D3859-2:271b-8']	zhig na / phung po las gzhan pa'i gang zag des bdag nyid ma byas te /	zhig na / phung po las gzhan pa'i gang zag des bdag nyid ma byas te /	271b	But the self that is other than the aggregates does not create itself.
['BO_T04_D3859-2:271b-9']	yod pa ma yin pas gzhan nyid med na des sdug bsngal byas par ga la 'gyur te /	yod pa ma yin pas gzhan nyid med na des sdug bsngal byas par ga la 'gyur te /	271b	Since it does not exist, if it is not other, how could suffering be created by it?
['BO_T04_D3859-2:271b-10', 'BO_T04_D3859-2:271b-11']	mi 'gyur ro zhes ston to //🔽de nyid bstan pa'i phyir pha rol po dag gis gzhan nyid du bsam pa gang yin pa de gal te bdag gis ma byas shing bdag nyid ma skyes kyang yod par gyur na ni des na de gzhan nyid du grub pa'i phyir des byas pa yang gzhan gyis	mi 'gyur ro zhes ston to // de nyid bstan pa'i phyir pha rol po dag gis gzhan nyid du bsam pa gang yin pa de gal te bdag gis ma byas shing bdag nyid ma skyes kyang yod par gyur na ni des na de gzhan nyid du grub pa'i phyir des byas pa yang gzhan gyis	271b	It could not be.
['BO_T04_D3859-2:271b-12']	byas par 'gyur grang na /	byas par 'gyur grang na /	271b	To demonstrate this, if that which is imagined by the opponent to be other, even though it is not created by the self and does not arise by itself, existed, then since it would be established as other, that created by it would be created by another.
['BO_T04_D3859-2:271b-13']	mkhas pa rnams ni ma skyes pa yod pa nyid du mi ston pas de'i phyir sdug bsngal gzhan gyis byas par ga la 'gyur te /	mkhas pa rnams ni ma skyes pa yod pa nyid du mi ston pas de'i phyir sdug bsngal gzhan gyis byas par ga la 'gyur te /	271b	But the wise do not teach that what has not arisen exists. Therefore how could suffering be self-produced?
['BO_T04_D3859-2:271b-14']	de ni yod pa ma yin pa nyid do zhes bya ba'i tshig gi don to zhes bya ba smras so //	de ni yod pa ma yin pa nyid do zhes bya ba'i tshig gi don to zhes bya ba smras so //	271b	The meaning of the words “it does not exist” is that suffering is not produced by another.
['BO_T04_D3859-2:271b-15']	de ltar na /	de ltar na /	271b	Thus:🔽It is illogical that suffering is self-produced
['BO_T04_D3859-2:271b-16']	sdug bsngal bdag gis byas pa dang // gzhan gyis byas par mi rigs so //	sdug bsngal bdag gis byas pa dang // gzhan gyis byas par mi rigs so //	271b	Or produced by another.
['BO_T04_D3859-2:271b-17']	zhes bya ba ni sngar pha rol po dag na re gang zag bdag gis byas pa'i phyir sdug bsngal bdag gis byas pa yang yin la /	zhes bya ba ni sngar pha rol po dag na re gang zag bdag gis byas pa'i phyir sdug bsngal bdag gis byas pa yang yin la /	271b	Previously, the opponent said: “Suffering is self-produced because it is produced by the person himself.
['BO_T04_D3859-2:271b-18']	sdug bsngal gang yin pa de nyid gnag zag ma yin pa'i phyir sdug bsngal gzhan gyis byas pa yang ma yin te /	sdug bsngal gang yin pa de nyid gnag zag ma yin pa'i phyir sdug bsngal gzhan gyis byas pa yang ma yin te /	271b	Suffering is not produced by another because that which is suffering is not another person.
['BO_T04_D3859-2:272a-0']	de ltar rnam grangs las bdag dang gzhan gyis byas par grub pa'i phyir skyon med do zhes gang zag gi mtshan nyid phyogs @272a * //	de ltar rnam grangs las bdag dang gzhan gyis byas par grub pa'i phyir skyon med do zhes gang zag gi mtshan nyid phyogs @272a * //	272a	Thus, because it is established by enumeration that suffering is produced by itself and by another, there is no error.”
['BO_T04_D3859-2:272a-1', 'BO_T04_D3859-2:272a-2']	su byas nas sdug bsngal gnyi gas byas so zhes zer ba'i lan gyi mjug bsdu ba yin no /🔽// / bam po lnga bcu pa /	su byas nas sdug bsngal gnyi gas byas so zhes zer ba'i lan gyi mjug bsdu ba yin no / // / bam po lnga bcu pa /	272a	This is the conclusion of the response to the assertion that suffering is produced by both.
['BO_T04_D3859-2:272a-3']	da ni dam bcas pa gsum pa de nyid sgrub pa'i phyir grangs can dag gis /	da ni dam bcas pa gsum pa de nyid sgrub pa'i phyir grangs can dag gis /	272a	Now, in order to prove the third thesis, the Sāṃkhya present another
['BO_T04_D3859-2:272a-4']	rang bzhin dang skyes bu phyogs su byas nas sdug bsngal bdag dang gzhan gnyi gas byas pa dgag pa'i rnam pa gzhan ston te /	rang bzhin dang skyes bu phyogs su byas nas sdug bsngal bdag dang gzhan gnyi gas byas pa dgag pa'i rnam pa gzhan ston te /	272a	form of the refutation of the self and another producing suffering.🔽In order to demonstrate the opponent’s position, the text says, “The Sāṃkhya🔽say that the manifestations of the puruṣa and prakṛti, which are engaged in
['BO_T04_D3859-2:272a-5']	de'i phyir phyogs snga ma bstan pa'i phyir grangs can dag ni rdul shas che bas bya ba byed pa'i 'jug pa de dag dmigs pa ni sdug bsngal yin la /	de'i phyir phyogs snga ma bstan pa'i phyir grangs can dag ni rdul shas che bas bya ba byed pa'i 'jug pa de dag dmigs pa ni sdug bsngal yin la /	272a	activity because of the predominance of rajas, are the objects of suffering.🔽Since the internal manifestations are the agent, the self is the possessor of
['BO_T04_D3859-2:272a-6']	de yang gang gi phyir bdag nyid kyi nang gi byed pa dag byed pa po nyid yin pa de'i phyir byed pa po bdag nyid dang ldan pa yin pa la /	de yang gang gi phyir bdag nyid kyi nang gi byed pa dag byed pa po nyid yin pa de'i phyir byed pa po bdag nyid dang ldan pa yin pa la /	272a	the agent.
['BO_T04_D3859-2:272a-7', 'BO_T04_D3859-2:272a-8']	gang gi phyir skyes bu'i ngo bo nyid las tha dad pa'i nang gi byed pa gzhan du gyur pa dag byed pa po nyid yin pa de'i phyir byed pa po gzhan dang ldan pa yin pa las des byas pa'i sdug bsngal ni bdag dang gzhan gyis byas pa🔽yin no zhes zer zhing zhes bya ba la sogs pa smras te /	gang gi phyir skyes bu'i ngo bo nyid las tha dad pa'i nang gi byed pa gzhan du gyur pa dag byed pa po nyid yin pa de'i phyir byed pa po gzhan dang ldan pa yin pa las des byas pa'i sdug bsngal ni bdag dang gzhan gyis byas pa yin no zhes zer zhing zhes bya ba la sogs pa smras te /	272a	Because the person is distinct from the internal agents that are its transformation, it is the agent. Therefore, since it possesses another agent, the suffering it creates is self-created and created by another.
['BO_T04_D3859-2:272a-9']	grangs can dag na re skyes bu ma gtogs pa'i dngos po thams can ni snying stobs dang rdul dang mun pa'i rang bzhin yin pa las gang gi tshe rdul shas che bas lus dang / dbang po dang / blo'i tshogs kyi bya ba byed pa'i 'jug pa de dag dmigs pa ni sdug bsngal yin la /	grangs can dag na re skyes bu ma gtogs pa'i dngos po thams can ni snying stobs dang rdul dang mun pa'i rang bzhin yin pa las gang gi tshe rdul shas che bas lus dang / dbang po dang / blo'i tshogs kyi bya ba byed pa'i 'jug pa de dag dmigs pa ni sdug bsngal yin la /	272a	Sāṃkhyas say: All things except the person are the nature of sattva, rajas, and tamas. When rajas predominates, the person engages in the activities of the collection of body, sense faculties, and mind.🔽The observation of that is suffering.
['BO_T04_D3859-2:272a-10']	sdug bsngal de yang rang bzhin la ltos nas byed pa po bdag nyid dang ldan pas byas pa ni bdag gis byas pa yin la /	sdug bsngal de yang rang bzhin la ltos nas byed pa po bdag nyid dang ldan pas byas pa ni bdag gis byas pa yin la /	272a	That suffering is self-created because it is created by the person itself, which possesses the nature of the agent.
['BO_T04_D3859-2:272a-11']	skyes bu la ltos nas byed pa po gzhan dang ldan pas byas pa ni gzhan gyis byas pa yin pas de'i phyir sdug bsngal ni bdag dang gzhan gyis byas pa yin no zhes zer ro //	skyes bu la ltos nas byed pa po gzhan dang ldan pas byas pa ni gzhan gyis byas pa yin pas de'i phyir sdug bsngal ni bdag dang gzhan gyis byas pa yin no zhes zer ro //	272a	Suffering is self-produced and other-produced because it is produced by the self and by another in reliance on a person.
['BO_T04_D3859-2:272a-12', 'BO_T04_D3859-2:272a-13', 'BO_T04_D3859-2:272a-14']	de la rang bzhin la ltos nas byed pa po bdag nyid dang ldan pa ci lta bu yin zhe na /🔽gang gi phyir bdag nyid kyi nang gi byed pa dag byed pa po yin pa de'i phyir byed pa po bdag nyid dang ldan pa yin te /🔽rdul shas che ba'i rang bzhin las nga rgyal byung zhing nga rgyal las dbang po rnams dang de tsam rnams 'byung bas rdul shas che ba las nga rgyal 'byung ba ni rdul gyi rang bzhin las byung ba'i nang gi byed pa yin pas de dag ni bdag nyid	de la rang bzhin la ltos nas byed pa po bdag nyid dang ldan pa ci lta bu yin zhe na / gang gi phyir bdag nyid kyi nang gi byed pa dag byed pa po yin pa de'i phyir byed pa po bdag nyid dang ldan pa yin te / rdul shas che ba'i rang bzhin las nga rgyal byung zhing nga rgyal las dbang po rnams dang de tsam rnams 'byung bas rdul shas che ba las nga rgyal 'byung ba ni rdul gyi rang bzhin las byung ba'i nang gi byed pa yin pas de dag ni bdag nyid	272a	How is it self-produced in reliance on intrinsic nature?🔽Because the internal activities of the self are the agent, therefore it is self-produced.
['BO_T04_D3859-2:272a-15']	kyi nang gi byed pa dag ces bya'o //	kyi nang gi byed pa dag ces bya'o //	272a	Since pride arises from the intrinsic nature of predominance, and the faculties and objects arise from pride, pride arising from the predominance of rajas is the internal activity arising from the intrinsic nature of rajas. Therefore, they are called the internal activities of the self.
['BO_T04_D3859-2:272a-16']	bdag nyid kyi nang gi byed pa de dag las dbang po rnams dang de tsam rnams byung ba ni phung po'i ngo bo nyid yin pas sdug bsngal zhes bya ste /	bdag nyid kyi nang gi byed pa de dag las dbang po rnams dang de tsam rnams byung ba ni phung po'i ngo bo nyid yin pas sdug bsngal zhes bya ste /	272a	The faculties and the mere entities that arise from those internal activities of the self are the nature of the aggregates and are called suffering.
['BO_T04_D3859-2:272b-0']	sdug bsngal de bdag nyid kyi nang gi byed pa dag @272b gis bskyed pa ni byed pa po bdag nyid dang ldan pa zhes bya'o //	sdug bsngal de bdag nyid kyi nang gi byed pa dag @272b gis bskyed pa ni byed pa po bdag nyid dang ldan pa zhes bya'o //	272b	The generation of that suffering by the internal activities of the self is called “endowed with an agent that is itself.”
['BO_T04_D3859-2:272b-1']	skyes bu la ltos nas byed pa po gzhan dang ldan pa ci lta bu yin zhe na /	skyes bu la ltos nas byed pa po gzhan dang ldan pa ci lta bu yin zhe na /	272b	How is it that the self is endowed with an agent that is different from itself?
['BO_T04_D3859-2:272b-2']	gang gi phyir skyes bu'i ngo bo nyid las tha dad pa'i nang gi byed pa gzhan du gyur pa dag byed pa po nyid yin pa de'i phyir byed pa po gzhan dang ldan pa yin te /	gang gi phyir skyes bu'i ngo bo nyid las tha dad pa'i nang gi byed pa gzhan du gyur pa dag byed pa po nyid yin pa de'i phyir byed pa po gzhan dang ldan pa yin te /	272b	Since the self is an agent that is different from the internal activities that are different from the nature of the self, it is endowed with an agent that is different from itself.
['BO_T04_D3859-2:272b-3']	skyes bu'i ngo bo nyid ni snying stobs dang rdul dang mun pa'i rang bzhin ma yin pas rdul shas che ba'i rang bzhin las nga rgyal 'byung ba ni skyes bu'i ngo bo nyid las tha dad pa'i nang gi byed pa gzhan du gyur pa dag yin pas de	skyes bu'i ngo bo nyid ni snying stobs dang rdul dang mun pa'i rang bzhin ma yin pas rdul shas che ba'i rang bzhin las nga rgyal 'byung ba ni skyes bu'i ngo bo nyid las tha dad pa'i nang gi byed pa gzhan du gyur pa dag yin pas de	272b	Since the nature of a person is not the nature of sattva, rajas, and tamas, the arising of pride from the nature of predominance of rajas is a transformation of another internal agent that is different from the nature of a person.
['BO_T04_D3859-2:272b-4']	dag ni skyes bu'i ngo bo nyid las tha dad pa'i nang gi byed pa gzhan du gyur pa dag ces bya'o //	dag ni skyes bu'i ngo bo nyid las tha dad pa'i nang gi byed pa gzhan du gyur pa dag ces bya'o //	272b	Therefore, they are called “a transformation of another internal agent that is different from the nature of a person.”
['BO_T04_D3859-2:272b-5']	skyes bu'i ngo bo nyid las tha dad pa'i nang gi byed pa gzhan du gyur pa de dag las dbang po rnams dang / de tsam rnams byung ba yang phung po'i ngo bo nyid yin pas sdug bsngal zhes bya ste /	skyes bu'i ngo bo nyid las tha dad pa'i nang gi byed pa gzhan du gyur pa de dag las dbang po rnams dang / de tsam rnams byung ba yang phung po'i ngo bo nyid yin pas sdug bsngal zhes bya ste /	272b	From those internal agents that are different from the nature of a person, the faculties and the subtle elements arise. Since they are the nature of the aggregates, they are called suffering.
['BO_T04_D3859-2:272b-6']	sdug bsngal de skyes bu'i ngo bo nyid las tha dad pa'i nang gi byed pa gzhan du gyur pa dag gis bskyed pa ni byed pa po gzhan dang ldan pa zhes bya'o //	sdug bsngal de skyes bu'i ngo bo nyid las tha dad pa'i nang gi byed pa gzhan du gyur pa dag gis bskyed pa ni byed pa po gzhan dang ldan pa zhes bya'o //	272b	That suffering generated by internal agents that are different from the nature of a person is called “endowed with another agent.”
['BO_T04_D3859-2:272b-7']	de ltar byed pa po bdag nyid dang ldan pa dang / byed pa po gzhan dang ldan pa des byas pa'i sdug bsngal ni bdag dang gzhan gyis byas pa yi no zhes zer zhes grag go //	de ltar byed pa po bdag nyid dang ldan pa dang / byed pa po gzhan dang ldan pa des byas pa'i sdug bsngal ni bdag dang gzhan gyis byas pa yi no zhes zer zhes grag go //	272b	Thus, the suffering created by the self that possesses the creator and the suffering created by the other that possesses the creator is said to be self-created and other-created.
['BO_T04_D3859-2:272b-8']	de dag 'di skad ces /	de dag 'di skad ces /	272b	They say this:
['BO_T04_D3859-2:272b-9']	phung po skad cig smra ba yi //	phung po skad cig smra ba yi //	272b	The Sakyan who advocates momentary aggregates
['BO_T04_D3859-2:272b-10', 'BO_T04_D3859-2:272b-11']	sh'akya pa dag bdag med na //🔽mtho ris thar la dgos pa yi //	sh'akya pa dag bdag med na // mtho ris thar la dgos pa yi //	272b	has no self.🔽The effort for the purpose of
['BO_T04_D3859-2:272b-12']	'bad pa don med nyid du 'gyur //	'bad pa don med nyid du 'gyur //	272b	heaven and liberation is pointless.🔽From the generation of the result of the virtue
['BO_T04_D3859-2:272b-13', 'BO_T04_D3859-2:272b-14']	phung po snga mar gtogs pa yi //🔽dge ba de 'bras skyed pa las //	phung po snga mar gtogs pa yi // dge ba de 'bras skyed pa las //	272b	that belongs to the previous aggregates,
['BO_T04_D3859-2:272b-15']	phung po phyi ma khyad par can //	phung po phyi ma khyad par can //	272b	the special later aggregates
['BO_T04_D3859-2:272b-16']	kun du 'byung bar 'dod mod kyi //	kun du 'byung bar 'dod mod kyi //	272b	are asserted to arise.
['BO_T04_D3859-2:272b-17']	'on kyang de dag gzhan don du //	'on kyang de dag gzhan don du //	272b	However, their effort for the sake of others🔽is not tenable.
['BO_T04_D3859-2:272b-18']	'bad pa 'thad par mi 'gyur te //	'bad pa 'thad par mi 'gyur te //	272b	They do not engage in any activity
['BO_T04_D3859-2:272b-19', 'BO_T04_D3859-2:272b-20']	gzhan la phan par bya ba ni //🔽'ga' yang 'jug par mi byed do //	gzhan la phan par bya ba ni //🔽'ga' yang 'jug par mi byed do //	272b	that benefits others.
['BO_T04_D3859-2:272b-21']	zhes bya ba la sogs pa yang brjod do zhes bya ba ni grangs can rang bzhin dang skyes bu brtag par 'dod pa de dag 'di skad ces kyang brjod ces grag ste phung po rnams skad cig ma re re la 'jig pa'i ngang can yin par smra ba'i	zhes bya ba la sogs pa yang brjod do zhes bya ba ni grangs can rang bzhin dang skyes bu brtag par 'dod pa de dag 'di skad ces kyang brjod ces grag ste phung po rnams skad cig ma re re la 'jig pa'i ngang can yin par smra ba'i	272b	and so on.🔽The Sāṃkhyas who assert that the self and nature are permanent say this:
['BO_T04_D3859-2:272b-22', 'BO_T04_D3859-2:273a-0']	sh'a kyang pa dag la ni gang zag ces bya ba'i bdag brtag med pas de dag mtho ris la dgos pa'i 'bad pa brtul zhugs dang / nges pa la sogs pa yang dag par len pa dang / thar pa la dgos pa'i 'bad pa bsgom pa la sogs pa nyams su len pa dag don med pa nyid du 'gyur te /🔽phung po rnams skad cig ma'i rgyud tha dad pa yin pa'i phyir lhas byin mtho ris dang thar pa la dgos pa'i @273a * //	sh'a kyang pa dag la ni gang zag ces bya ba'i bdag brtag med pas de dag mtho ris la dgos pa'i 'bad pa brtul zhugs dang / nges pa la sogs pa yang dag par len pa dang / thar pa la dgos pa'i 'bad pa bsgom pa la sogs pa nyams su len pa dag don med pa nyid du 'gyur te / phung po rnams skad cig ma'i rgyud tha dad pa yin pa'i phyir lhas byin mtho ris dang thar pa la dgos pa'i @273a * //	272b	“Since the Śākyas assert that the aggregates are momentary and disintegrate moment by moment, they do not investigate the self called the person. Therefore their practice of the austerities necessary for higher rebirth and their practice of meditation and so on that is necessary for liberation is pointless.
['BO_T04_D3859-2:273a-1']	'bad pa rtsom pa dag mchod sbyin gyi rgyud la don med pa nyid du 'gyur ba bzhin no zhes zer ro //	'bad pa rtsom pa dag mchod sbyin gyi rgyud la don med pa nyid du 'gyur ba bzhin no zhes zer ro //	273a	Because the aggregates are a different continuum of moments, the effort of Devadatta to attain higher rebirth and liberation is pointless in the continuum of Yajña.”
['BO_T04_D3859-2:273a-2']	ci'i phyir zhe na /	ci'i phyir zhe na /	273a	Why?
['BO_T04_D3859-2:273a-3']	sh'akya pa dag phung po snga ma'i rgyud du gtogs pa'i las dge ba de'i 'bras bu mtho ris skyed pa las phung po phyi ma lha dang mi'i lus khyad par can dag sa bla dang bar snang yan chad du kun du 'byung bar 'dod pas las dge ba	sh'akya pa dag phung po snga ma'i rgyud du gtogs pa'i las dge ba de'i 'bras bu mtho ris skyed pa las phung po phyi ma lha dang mi'i lus khyad par can dag sa bla dang bar snang yan chad du kun du 'byung bar 'dod pas las dge ba	273a	Because the Śākyas assert that the result of virtuous karma belonging to the continuum of former aggregates generates a high rebirth, and the special bodies of gods and humans of the later aggregates arise in the upper and intermediate realms and so on.
['BO_T04_D3859-2:273a-4']	de dag mngon par 'du byed cing las mi dge ba ngan song gi 'bras bu skyed pa dag spong bar byed pa tsam zhig dge mod kyi /	de dag mngon par 'du byed cing las mi dge ba ngan song gi 'bras bu skyed pa dag spong bar byed pa tsam zhig dge mod kyi /	273a	Therefore, although it is virtuous to create those virtuous karmas and abandon nonvirtuous karmas that generate the result of the lower rebirths,
['BO_T04_D3859-2:273a-5']	'on kyang de dag da ltar gyi phung po skad cig ma 'dis phyi ma'i phung po skad cig ma gzhan gyi don du 'bad pa 'thad par mi 'gyur te /	'on kyang de dag da ltar gyi phung po skad cig ma 'dis phyi ma'i phung po skad cig ma gzhan gyi don du 'bad pa 'thad par mi 'gyur te /	273a	nevertheless it is not tenable that the present moment of the aggregates strives for the sake of another moment of the aggregates in the future.
['BO_T04_D3859-2:273a-6']	'di ltar 'jig rten na mkhas pa bdag la legs par 'dod pa dag las 'ga' yang gzhan la phan gdags pa'i don du 'jug par mi byed pa'i phyir ro zhes bya ba la sogs pa yang brjod ces grag go //	'di ltar 'jig rten na mkhas pa bdag la legs par 'dod pa dag las 'ga' yang gzhan la phan gdags pa'i don du 'jug par mi byed pa'i phyir ro zhes bya ba la sogs pa yang brjod ces grag go //	273a	Because in the world, those who are wise and who desire what is best for themselves do not engage in benefiting others.
['BO_T04_D3859-2:273a-7']	de skad ces zer ba de'i lan du 'dir 'grel pa byed pa nyid kyis /	de skad ces zer ba de'i lan du 'dir 'grel pa byed pa nyid kyis /	273a	In response to that statement, the author of this commentary says the following.
['BO_T04_D3859-2:273a-8']	sngar gang zag gi mtshan nyid phyogs su byas pa sun dbyung ba'i tshig le'ur byas pa de nyid yang bzlas te /	sngar gang zag gi mtshan nyid phyogs su byas pa sun dbyung ba'i tshig le'ur byas pa de nyid yang bzlas te /	273a	In response to that, the author of this commentary repeats the verses that refute the definition of the person that was previously presented in the chapter on the person.
['BO_T04_D3859-2:273a-9']	'dir bshad pa /	'dir bshad pa /	273a	Here, he explains:
['BO_T04_D3859-2:273a-10']	re zhig sdug bsngal bdag byas min //	re zhig sdug bsngal bdag byas min //	273a	Suffering is not self-created.
['BO_T04_D3859-2:273a-11', 'BO_T04_D3859-2:273a-12']	skyes bus so zhes bya ba smras te /🔽re zhig sdug bsngal ni skyes bu bdag gis ma byas te /	skyes bus so zhes bya ba smras te / re zhig sdug bsngal ni skyes bu bdag gis ma byas te /	273a	The person is the experiencer.
['BO_T04_D3859-2:273a-13']	'di ltar grangs can dag gi gzhung las rang bzhin byed pa po yin la skyes bu ni za ba po yin te /	'di ltar grangs can dag gi gzhung las rang bzhin byed pa po yin la skyes bu ni za ba po yin te /	273a	Suffering is not created by the person himself because, according to the Sāṃkhya scriptures, the person is not the creator but the experiencer,
['BO_T04_D3859-2:273a-14']	dper na long ba dang grum po'i tshul bzhin no zhes 'byung bas skyes bu byed pa po ma yin pa'i phyir ro //	dper na long ba dang grum po'i tshul bzhin no zhes 'byung bas skyes bu byed pa po ma yin pa'i phyir ro //	273a	just as a blind man and a lame man are mutually dependent.
['BO_T04_D3859-2:273a-15']	gal te nang gi byed pas byas so zhe na zhes bya ba ni gal te grangs can dag 'di skad ces kho bo cag gi gzhung las bdag nyid kyi nang gi byed pa skyes bu'i ngo bo nyid las tha dad pa gzhan du gyur pa dag sdug bsngal	gal te nang gi byed pas byas so zhe na zhes bya ba ni gal te grangs can dag 'di skad ces kho bo cag gi gzhung las bdag nyid kyi nang gi byed pa skyes bu'i ngo bo nyid las tha dad pa gzhan du gyur pa dag sdug bsngal	273a	If you say that suffering is created by an internal creator,
['BO_T04_D3859-2:273a-16']	gyi byed pa po nyid du 'dod pas des byas so zhes zer na'o //	gyi byed pa po nyid du 'dod pas des byas so zhes zer na'o //	273a	then since Sāṃkhyas say that suffering is created by the internal creator,
['BO_T04_D3859-2:273a-17']	de'i lan du /	de'i lan du /	273a	the master says in response:
['BO_T04_D3859-2:273a-18']	nang gi byed pa rdul shas che ba de ni sdug bsngal yin pas sdug bsngal de nyid kyis de nyid byed par mi 'thad de /	nang gi byed pa rdul shas che ba de ni sdug bsngal yin pas sdug bsngal de nyid kyis de nyid byed par mi 'thad de /	273a	Since that internal creator that is dominated by rajas is suffering, it is untenable that it creates itself.🔽For example, it is untenable that a vase creates itself.
['BO_T04_D3859-2:273a-19']	dper na bum pa de nyid kyis bum pa de nyid byed par mi 'thad pa bzhin no zhes bya bar slob dpon gyis dgongs nas /	dper na bum pa de nyid kyis bum pa de nyid byed par mi 'thad pa bzhin no zhes bya bar slob dpon gyis dgongs nas /	273a	Thinking of this, the master says:
['BO_T04_D3859-2:273a-20', 'BO_T04_D3859-2:273a-21']	de nyid kyis ni de ma byas //🔽zhes gsungs te zhes bya ba smras te /	de nyid kyis ni de ma byas //🔽zhes gsungs te zhes bya ba smras te /	273a	It is not created by itself.
['BO_T04_D3859-2:273b-0']	bdag nyid kyi nang gi byed pa zhes bya ba rdul shas che ba las nga rgyul  'byung ba de ni dbang po rnams dang de tsam rnams kyi ngo bo nyid yin pas de nyid kyis de nyid byed par mi 'thad de dper na bum @273b pa	bdag nyid kyi nang gi byed pa zhes bya ba rdul shas che ba las nga rgyul  'byung ba de ni dbang po rnams dang de tsam rnams kyi ngo bo nyid yin pas de nyid kyis de nyid byed par mi 'thad de dper na bum @273b pa	273b	being the agent of itself.
['BO_T04_D3859-2:273b-1']	bzhin no zhes bya bar slob dpon klu sgrub kyi zhal snga nas kyis dgongs nas /	bzhin no zhes bya bar slob dpon klu sgrub kyi zhal snga nas kyis dgongs nas /	273b	Thinking this, Master Nāgārjuna said:
['BO_T04_D3859-2:273b-2', 'BO_T04_D3859-2:273b-3']	de nyid kyis ni de ma byas //🔽zhes gsungs so //	de nyid kyis ni de ma byas // zhes gsungs so //	273b	It does not make itself.
['BO_T04_D3859-2:273b-4']	de'i phyir sdug bsngal bdag gis ma byas so zhes bya ba ni grangs can dag gi byed pa po bdag nyid dang ldan pas sdug bsngal ma byas par dgag pa'i mjug bsdu ba yin no //	de'i phyir sdug bsngal bdag gis ma byas so zhes bya ba ni grangs can dag gi byed pa po bdag nyid dang ldan pas sdug bsngal ma byas par dgag pa'i mjug bsdu ba yin no //	273b	Therefore, “Suffering is not self-produced” is the conclusion of the refutation of the assertion that suffering is not produced by the self that is the agent of the Sāṃkhyas.
['BO_T04_D3859-2:273b-5']	da ni grangs can dag gi byed pa po gzhan dang ldan pas sdug bsngal ma byas par dgag pa'i phyir //	da ni grangs can dag gi byed pa po gzhan dang ldan pas sdug bsngal ma byas par dgag pa'i phyir //	273b	Now, in order to refute the assertion that suffering is not produced by another that is the agent of the Sāṃkhyas, he said:
['BO_T04_D3859-2:273b-6']	gal te gzhan bdag ma byas na //	gal te gzhan bdag ma byas na //	273b	If another is not self-produced,
['BO_T04_D3859-2:273b-7', 'BO_T04_D3859-2:273b-8']	sdug bsngal gzhan byas ga la 'gyur //🔽zhes bya ba la sogs pa smras te /	sdug bsngal gzhan byas ga la 'gyur //🔽zhes bya ba la sogs pa smras te /	273b	how could suffering be produced by another?
['BO_T04_D3859-2:273b-9']	des ni gal te grangs can dag gis skyes bu las gzhan pa'i nang gi byed pa yod par brtags pa de bdag nyid grub par gyur na ni de nyid gzhan yin pas des byas pa'i sdug bsngal ni gzhan gyis byas pa zhes bya bar yang 'gyur ba zhig	des ni gal te grangs can dag gis skyes bu las gzhan pa'i nang gi byed pa yod par brtags pa de bdag nyid grub par gyur na ni de nyid gzhan yin pas des byas pa'i sdug bsngal ni gzhan gyis byas pa zhes bya bar yang 'gyur ba zhig	273b	This shows that if the Sāṃkhya’s internal creator other than the person were established, then since it would be different, the suffering created by it would be created by another.
['BO_T04_D3859-2:273b-10']	na / skyes bu las gzhan pa'i nang gi byed pa de bdag nyid ma grub pas gzhan nyid med na des /	na / skyes bu las gzhan pa'i nang gi byed pa de bdag nyid ma grub pas gzhan nyid med na des /	273b	But since that internal creator other than the person is not established, it does not exist as another.
['BO_T04_D3859-2:273b-11', 'BO_T04_D3859-2:273b-12']	sdug bsngal byas par ga la 'gyur te mi 'gyur ro zhes ston to //🔽de nyid bstan pa'i phyir pha rol po dag gis nang gi byed pa las gzhan yin par bsams pa gang yin pa'i gzhan de ni bdag gis ma byas te /	sdug bsngal byas par ga la 'gyur te mi 'gyur ro zhes ston to // de nyid bstan pa'i phyir pha rol po dag gis nang gi byed pa las gzhan yin par bsams pa gang yin pa'i gzhan de ni bdag gis ma byas te /	273b	How could suffering be created by it? It could not!🔽To demonstrate this, he says, “That other that is thought to be different from the internal creator is not created by the self.”
['BO_T04_D3859-2:273b-13']	bdag nyid ma grub po zhes bya ba'i tha tshig go zhes bya ba smras te /	bdag nyid ma grub po zhes bya ba'i tha tshig go zhes bya ba smras te /	273b	This means it is not established.
['BO_T04_D3859-2:273b-14']	grangs can dag gi gzhung las snying stobs la sogs pa yon tan gsum ni rtag pa dang / thams cad du song bas dngos po thams cad kyang thams cad kyi bdag nyid yin par 'dod pas des na nang gi byed pa las gzhan pa'i skyes bu yang gzhan du ma grub la /	grangs can dag gi gzhung las snying stobs la sogs pa yon tan gsum ni rtag pa dang / thams cad du song bas dngos po thams cad kyang thams cad kyi bdag nyid yin par 'dod pas des na nang gi byed pa las gzhan pa'i skyes bu yang gzhan du ma grub la /	273b	The Samkhyas assert that the three gunas, such as rajas, are permanent and all-pervading, and that all things are the nature of all things. Therefore, the person is not established as other than the internal agent.
['BO_T04_D3859-2:273b-15']	skyes bu gzhan du ma grub na nang gi byed pa yang de las gzhan du gyur pa ma yin pas gzhan nyid med na sdug bsngal gzhan gyis byas par ga la 'gyur te mi 'gyur ro //	skyes bu gzhan du ma grub na nang gi byed pa yang de las gzhan du gyur pa ma yin pas gzhan nyid med na sdug bsngal gzhan gyis byas par ga la 'gyur te mi 'gyur ro //	273b	If the person is not established as other, the internal agent is not other than it. Since there is no otherness, how could suffering be produced by another? It could not be!
['BO_T04_D3859-2:273b-16']	'dir gal te sgra'i mtshan nyid la 'chel ba dag 'di skad ces /	'dir gal te sgra'i mtshan nyid la 'chel ba dag 'di skad ces /	273b	Here, those who are attached to the definition of the word “other” say:🔽The meaning of “not established as other” is stated in the metrical text as “not produced by itself.” The statement “not produced by itself” is a corruption of the text.
['BO_T04_D3859-2:273b-17']	gzhan de bdag nyid ma grub pa'i don yin pa las tshig le'ur byas pa las bdag ma byas zhes smos pa ni tshig zur chag yin no zhes zer ba'i phyogs snga ma khong nas dbyung ba de'i lan du 'dir 'grel pa byed pa nyid kyis /	gzhan de bdag nyid ma grub pa'i don yin pa las tshig le'ur byas pa las bdag ma byas zhes smos pa ni tshig zur chag yin no zhes zer ba'i phyogs snga ma khong nas dbyung ba de'i lan du 'dir 'grel pa byed pa nyid kyis /	273b	In response to this former opponent, the author of the commentary here says:
['BO_T04_D3859-2:273b-18']	bdag ma byas zhes bya ba'i sgra ni don du ma la 'jug pa'i phyir dper na zan byas so zhes bya ba bzhin no zhes bya ba smras te /	bdag ma byas zhes bya ba'i sgra ni don du ma la 'jug pa'i phyir dper na zan byas so zhes bya ba bzhin no zhes bya ba smras te /	273b	The word “self” is used in many senses, as in “I have eaten.”🔽For example, when food is prepared, it is said, “I have eaten.” There is no fault in the expression.
['BO_T04_D3859-2:274a-0']	dper na zas kyi g-yos grub pa la zan byas so zhes brjod pa la tshig zur chag med pa de bzhin du 'dir yang bdag nyid ma grub pa la bdag ma byas zhes brjod pa la @274a * //	dper na zas kyi g-yos grub pa la zan byas so zhes brjod pa la tshig zur chag med pa de bzhin du 'dir yang bdag nyid ma grub pa la bdag ma byas zhes brjod pa la @274a * //	274a	Similarly, here, when the self is not established, it is said, “I have not made myself.”
['BO_T04_D3859-2:274a-1']	tshig zur chag med do //	tshig zur chag med do //	274a	There is no fault in the expression.🔽Therefore, how could suffering be created by another, since “another” is not established?
['BO_T04_D3859-2:274a-2']	de'i phyir de nyid gzhan zhes bya ba bdag nyid ma grub pas sdug bsngal gzhan gyis byas par ga la 'gyur zhes bya ba ni skyes bu'i ngo bo nyid las tha dad pa'i nang gi byed pa gzhan du gyur pa bdag nyid ma grub pas gzhan nyid med	de'i phyir de nyid gzhan zhes bya ba bdag nyid ma grub pas sdug bsngal gzhan gyis byas par ga la 'gyur zhes bya ba ni skyes bu'i ngo bo nyid las tha dad pa'i nang gi byed pa gzhan du gyur pa bdag nyid ma grub pas gzhan nyid med	274a	Since the internal agent that is different from the nature of the person is not established, there is no other.
['BO_T04_D3859-2:274a-3']	na des sdug bsngal byas par ga la 'gyur zhes bya bar sbyar ro //	na des sdug bsngal byas par ga la 'gyur zhes bya bar sbyar ro //	274a	How could suffering be created by that?
['BO_T04_D3859-2:274a-4']	yang na gzhan nyid ma grub pa'i phyir te skyes bu ni nang gi byed pa las gzhan ma yin te /	yang na gzhan nyid ma grub pa'i phyir te skyes bu ni nang gi byed pa las gzhan ma yin te /	274a	Or, because difference itself is not established, a person is not different from inner activity.
['BO_T04_D3859-2:274a-5']	dngos po yin pa'i phyir dper na nang gi byed pa'i rang gi bdag nyid bzhin pas rang gi rjes su dpag pa la gnod do zhes bya bas ni rjes su dpag pa'i sgo nas gzhan nyid dgag pa ston te /	dngos po yin pa'i phyir dper na nang gi byed pa'i rang gi bdag nyid bzhin pas rang gi rjes su dpag pa la gnod do zhes bya bas ni rjes su dpag pa'i sgo nas gzhan nyid dgag pa ston te /	274a	Because it is a thing, like the self of inner activity, this is a refutation of the inference of the other. This teaches that difference is refuted through inference.
['BO_T04_D3859-2:274a-6']	de dag ni chos can dang / bsgrub par bya ba chos dang / sgrub pa'i chos dang / dpe dang mjug bsdu ba yin par go rims bzhin du sbyar te /	de dag ni chos can dang / bsgrub par bya ba chos dang / sgrub pa'i chos dang / dpe dang mjug bsdu ba yin par go rims bzhin du sbyar te /	274a	The subject, the probandum, the property of the probandum, the example, and the conclusion are applied in order.
['BO_T04_D3859-2:274a-7']	dper na nang gi byed pa ni dngos po yin pa'i phyir rang gi bdag nyid las gzhan ma yin pa de bzhin du skyes bu yang dngos po yin pa'i phyir nang gi byed pa las gzhan ma yin pas de'i phyir dngos po nyid du rjes su dpog pas	dper na nang gi byed pa ni dngos po yin pa'i phyir rang gi bdag nyid las gzhan ma yin pa de bzhin du skyes bu yang dngos po yin pa'i phyir nang gi byed pa las gzhan ma yin pas de'i phyir dngos po nyid du rjes su dpog pas	274a	For example, because inner activity is a thing, it is not different from itself. In the same way, because a person is a thing, it is not different from inner activity. Therefore, because it is inferred to be a thing,
['BO_T04_D3859-2:274a-8']	gzhan nyid med pas skyes bu'i gzhan nyid bsal bas grangs can dag gi rang gi rjes su dpag pa la gnod do //	gzhan nyid med pas skyes bu'i gzhan nyid bsal bas grangs can dag gi rang gi rjes su dpag pa la gnod do //	274a	Since there is no difference, the difference of the person is refuted, and the inference of the Sāṃkhya is undermined.
['BO_T04_D3859-2:274a-9', 'BO_T04_D3859-2:274a-10']	gzhan nyid du rjes su dpog pas sdug bsngal dmigs pa'i byed pa po ma yin pa nyid kyis de bsal ba'i phyir /🔽dam bcas pa la chos kyi ngo bo nyid bzlog pa'i skyon yang yod do zhes bya bas ni grangs can dag skyes bu'i ngo bo nyid las nang gi byed pa gzhan nyid du rjes su dpog pas des na nang gi byed pa sdug bsngal dmigs pa'i byed pa	gzhan nyid du rjes su dpog pas sdug bsngal dmigs pa'i byed pa po ma yin pa nyid kyis de bsal ba'i phyir / dam bcas pa la chos kyi ngo bo nyid bzlog pa'i skyon yang yod do zhes bya bas ni grangs can dag skyes bu'i ngo bo nyid las nang gi byed pa gzhan nyid du rjes su dpog pas des na nang gi byed pa sdug bsngal dmigs pa'i byed pa	274a	Since difference is inferred, the person is not the experiencer of suffering, and that is refuted.🔽Since the nature of the property of the thesis is contradicted, there is the fault of contradiction.🔽Since difference is inferred from the nature of the person, the internal agent is not the experiencer of suffering.
['BO_T04_D3859-2:274a-11']	po ma yin pa nyid kyis byed pa po yin pa de bsal ba'i phyir grangs can dag gis dam bcas pa la nang gi byed pa sdug bsngal gyi byed pa po yin par bsgrub par bya ba chos kyi ngo bo nyid bzlog pa'i skyon nang gi byed pa	po ma yin pa nyid kyis byed pa po yin pa de bsal ba'i phyir grangs can dag gis dam bcas pa la nang gi byed pa sdug bsngal gyi byed pa po yin par bsgrub par bya ba chos kyi ngo bo nyid bzlog pa'i skyon nang gi byed pa	274a	Since it is not the experiencer, the agent is refuted. Therefore, since the Sāṃkhya prove that the internal agent is the agent of suffering, the nature of the property of the thesis is contradicted. The internal agent🔽is not the agent of suffering.
['BO_T04_D3859-2:274a-12']	sdug bsngal gyi byed pa po ma yin pa nyid du grub pa yang yod do zhes bstan to //	sdug bsngal gyi byed pa po ma yin pa nyid du grub pa yang yod do zhes bstan to //	274a	It is also established that the self is not the agent of suffering.
['BO_T04_D3859-2:274a-13']	de ltar na yang sdug bsngal bdag gis byas pa dang gzhan gyis byas par mi rigs so zhes bya ba ni sngar grangs can dag rang bzhin dang skyes bu phyogs su byas nas sdug bsngal gnyi gas byas so zhes zer ba'i lan gyi mjug bsdu ba yin no	de ltar na yang sdug bsngal bdag gis byas pa dang gzhan gyis byas par mi rigs so zhes bya ba ni sngar grangs can dag rang bzhin dang skyes bu phyogs su byas nas sdug bsngal gnyi gas byas so zhes zer ba'i lan gyi mjug bsdu ba yin no	274a	Thus, it is not logical that suffering is self-produced or produced by another. This is the conclusion of the response to the Sāṃkhya assertion that suffering is produced by both self and other, which was presented earlier in the context of nature and spirit.
['BO_T04_D3859-2:274b-0']	// da ni dam bcas pa gsum pa de nyid sgrub pa'i phyir rnam pa gnyis su smra ba dag gi lus dang srog gi rnam grangs phyogs su byas nas sdug bsngal bdag dang @274b gzhan gnyi gas byas pa'i dgag pa'i rnam pa gzhan ston te de'i phyogs snga ma	// da ni dam bcas pa gsum pa de nyid sgrub pa'i phyir rnam pa gnyis su smra ba dag gi lus dang srog gi rnam grangs phyogs su byas nas sdug bsngal bdag dang @274b gzhan gnyi gas byas pa'i dgag pa'i rnam pa gzhan ston te de'i phyogs snga ma	274b	Now, in order to establish the third thesis, the two-part thesis that the body and life force are synonyms is presented, and then another way of refuting the assertion that suffering is produced by both self and other is taught.🔽The opponent’s position is stated in the following.
['BO_T04_D3859-2:274b-1']	bstan pa'i phyir rnam pa gnyis su smra ba dag na re 'o na rnam grangs las sdug bsngal ni gnyi gas byas pa'i phyir skyon med do zhe na zhes bya ba smras te /	bstan pa'i phyir rnam pa gnyis su smra ba dag na re 'o na rnam grangs las sdug bsngal ni gnyi gas byas pa'i phyir skyon med do zhe na zhes bya ba smras te /	274b	“But if suffering is produced by both, there is no error.”
['BO_T04_D3859-2:274b-2']	'dir rnam gnyis su smra ba zhes bya ba mu stegs 'os pa ba nam mkha'i gos can dag na re /	'dir rnam gnyis su smra ba zhes bya ba mu stegs 'os pa ba nam mkha'i gos can dag na re /	274b	Here, the proponents of the two part theory are the tīrthikas, the Ājīvikas, and the sky-clad ones.
['BO_T04_D3859-2:274b-3']	lus kyi rnam grangs ni sdug bsngal nyid yin pas des byas pa ni sdug bsngal bdag gis byas pa yin la /	lus kyi rnam grangs ni sdug bsngal nyid yin pas des byas pa ni sdug bsngal bdag gis byas pa yin la /	274b	They say: The part of the body is suffering itself, so suffering produced by it is self-produced suffering.🔽The part of the life force is different from suffering, so suffering produced by it is suffering produced by another.
['BO_T04_D3859-2:274b-4']	srog gi rnam grangs ni sdug bsngal las gzhan yin pas des byas pa ni sdug bsngal gzhan gyis byas pa yin pa'i phyogs snga ma dag tu bstan pa'i skyon kho bo cag gi phyogs la med do zhes zer ro //	srog gi rnam grangs ni sdug bsngal las gzhan yin pas des byas pa ni sdug bsngal gzhan gyis byas pa yin pa'i phyogs snga ma dag tu bstan pa'i skyon kho bo cag gi phyogs la med do zhes zer ro //	274b	The error that was demonstrated in the former position does not exist in our position.
['BO_T04_D3859-2:274b-5']	de skad ces zer ba de'i lan du 'dir 'grel pa byed pa nyid kyis /	de skad ces zer ba de'i lan du 'dir 'grel pa byed pa nyid kyis /	274b	In response to that statement, the author of the commentary says:
['BO_T04_D3859-2:274b-6']	de'i phyir de dgag pa'i phyir bshad pa /	de'i phyir de dgag pa'i phyir bshad pa /	274b	Therefore, in order to refute that, it is said:
['BO_T04_D3859-2:274b-7']	gal te re res byas gyur na //	gal te re res byas gyur na //	274b	If suffering were produced by each,
['BO_T04_D3859-2:274b-8']	sdug bsngal gnyi gas byas par 'gyur //	sdug bsngal gnyi gas byas par 'gyur //	274b	Suffering would be created by both.🔽When it is not tenable that suffering is created by itself or created by another, as it has been explained, then it is impossible to state that suffering is created by both.
['BO_T04_D3859-2:274b-9']	gang gi tshe ci skad bstan pa'i bsgrubs pas bdag gis byas pa dang gzhan gyis byas par mi rigs pa de'i tshe gnyi gas byas so zhes bya ba'i skabs med do zhes bya bar dgongs so zhes bya ba smras te /	gang gi tshe ci skad bstan pa'i bsgrubs pas bdag gis byas pa dang gzhan gyis byas par mi rigs pa de'i tshe gnyi gas byas so zhes bya ba'i skabs med do zhes bya bar dgongs so zhes bya ba smras te /	274b	When it is not tenable that suffering is created by itself or created by another, as it has been explained, then it is impossible to state that suffering is created by both.🔽When it is not tenable that suffering is created by itself or created by another, as it has been explained, then it is impossible to state that suffering is created by both.🔽When it is not tenable that suffering is created by itself or created by another, as it has been explained, then it is impossible to state that suffering is created by both.🔽When it is not tenable that suffering is created by itself or created by another, as it has been explained, then it is impossible to state that suffering is created by both.
['BO_T04_D3859-2:274b-10']	gang gi tshe sngar bdag dang gzhan phyogs su byas pa dang phung po'i mtshan nyid phyogs su byas pa dang gang zag gi mtshan nyid phyogs su byas pa dang rang bzhin dang skyes bu phyogs su byas pa dag dgag pa'i sgrub pa ci skad bstan pa dag gis	gang gi tshe sngar bdag dang gzhan phyogs su byas pa dang phung po'i mtshan nyid phyogs su byas pa dang gang zag gi mtshan nyid phyogs su byas pa dang rang bzhin dang skyes bu phyogs su byas pa dag dgag pa'i sgrub pa ci skad bstan pa dag gis	274b	When it is not tenable that suffering is created by itself or created by another, as it has been explained, then it is impossible to state that suffering is created by both.
['BO_T04_D3859-2:274b-11', 'BO_T04_D3859-2:274b-12']	byas pa dang gzhan gyis byas par mi rigs pa de'i tshe /🔽'dir lus dang srog gi rnam grangs gnyi gas byas so zhes bya ba'i phyogs kyang de dag gi khongs su 'dus pa'i phyir bkag zin to zhes bya bar dgongs so //	byas pa dang gzhan gyis byas par mi rigs pa de'i tshe /🔽'dir lus dang srog gi rnam grangs gnyi gas byas so zhes bya ba'i phyogs kyang de dag gi khongs su 'dus pa'i phyir bkag zin to zhes bya bar dgongs so //	274b	When it is not tenable that suffering is created by itself or created by another, as it has been explained, then it is impossible to state that suffering is created by both.🔽When it is not tenable that suffering is created by itself or created by another, as it has been explained, then it is impossible to state that suffering is created by both.🔽When it is not tenable that suffering is created by itself or created by another, as it has been explained, then it is impossible to state that suffering is created by both.🔽When it is not tenable that suffering is created by itself or created by another, as it has been explained, then it is impossible to state that suffering is created by both.🔽When it is not tenable that suffering is created by itself or created by another, as it has been explained, then it is impossible to state that suffering is created by both.🔽When it is not tenable that suffering is created by itself or created by another, as it has been explained, then it is impossible to state that suffering is created by both.🔽When it is not tenable that suffering is created by itself or created by another, as it has been explained, then it is impossible to state that suffering is created by both.
['BO_T04_D3859-2:274b-13']	de ltar dam bcas pa gsum pa yang bsgrubs zin to //	de ltar dam bcas pa gsum pa yang bsgrubs zin to //	274b	Thus, the third promise has been fulfilled.🔽Now, in order to fulfill the fourth promise, he says,🔽Things do not arise causelessly,🔽because arising would be incessant.🔽Since arising from self is illogical,
['BO_T04_D3859-2:274b-14']	da ni dam bcas pa bzhi pa sgrub pa'i phyir rgyu med pa las byung ba yang ma yin te /	da ni dam bcas pa bzhi pa sgrub pa'i phyir rgyu med pa las byung ba yang ma yin te /	274b	arising from other is illogical,🔽and arising from both is illogical,🔽things do not arise causelessly.🔽Since arising from self is illogical,🔽arising from other is illogical,🔽and arising from both is illogical,🔽things do not arise causelessly.
['BO_T04_D3859-2:274b-15']	skye ba med pa'i rab tu byed pa rgyu med par smra ba bsal bas de'i phyir bshad pa /	skye ba med pa'i rab tu byed pa rgyu med par smra ba bsal bas de'i phyir bshad pa /	274b	Since arising from self is illogical,🔽arising from other is illogical,🔽and arising from both is illogical,🔽things do not arise causelessly.🔽Since arising from self is illogical,
['BO_T04_D3859-2:274b-16']	gzhan gyis ma byas bdag ma byas //	gzhan gyis ma byas bdag ma byas //	274b	arising from other is illogical,🔽and arising from both is illogical,
['BO_T04_D3859-2:274b-17']	sdug bsngal rgyu med ga la 'gyur //	sdug bsngal rgyu med ga la 'gyur //	274b	things do not arise causelessly.🔽Since arising from self is illogical,🔽arising from other is illogical,🔽and arising from both is illogical,🔽things do not arise causelessly.🔽Since arising from self is illogical,🔽arising from other is illogical,🔽and arising from both is illogical,🔽things do not arise causelessly.🔽Since arising from self is illogical,🔽arising from other is illogical,🔽and arising from both is illogical,🔽things do not arise causelessly.🔽Since arising from self is illogical,🔽arising from other is illogical,🔽and arising from both is illogical,🔽things do not arise causelessly.🔽Since arising from self is illogical,🔽arising from other is illogical,🔽and arising from both is illogical,🔽things do not arise causelessly.🔽Since arising from self is illogical,🔽arising from other is illogical,🔽and arising from both is illogical,🔽things do not arise causelessly.🔽Since arising from self is illogical,
['BO_T04_D3859-2:274b-18']	zhes bya ba la sogs pa smras te /	zhes bya ba la sogs pa smras te /	274b	arising from other is illogical,🔽and arising from both is illogical,🔽things do not arise causelessly.🔽Since arising from self is illogical,🔽arising from other is illogical,🔽and arising from both is illogical,
['BO_T04_D3859-2:274b-19']	sngar rkyen brtag pa'i rab tu byed par dngos po rnams rgyu med pa las skye ba med de /	sngar rkyen brtag pa'i rab tu byed par dngos po rnams rgyu med pa las skye ba med de /	274b	things do not arise causelessly.🔽Since arising from self is illogical,🔽arising from other is illogical,
['BO_T04_D3859-2:275a-0']	de ston pa'i rjes su dpag pa med pa'i phyir dang / rjes su dpag pa dang / grags pa'i gnod par 'gyur ba'i skyon yod pa'i phyir yang ngo zhes bya bar dgongs so zhes pa dang / yang na rgyu med ces bya ba ni rgyu ngan @275a * //	de ston pa'i rjes su dpag pa med pa'i phyir dang / rjes su dpag pa dang / grags pa'i gnod par 'gyur ba'i skyon yod pa'i phyir yang ngo zhes bya bar dgongs so zhes pa dang / yang na rgyu med ces bya ba ni rgyu ngan @275a * //	275a	and arising from both is illogical,🔽things do not arise causelessly.🔽Since arising from self is illogical,🔽arising from other is illogical,🔽and arising from both is illogical,🔽things do not arise causelessly.🔽Since arising from self is illogical,🔽arising
['BO_T04_D3859-2:275a-1', 'BO_T04_D3859-2:275a-2', 'BO_T04_D3859-2:275a-3', 'BO_T04_D3859-2:275a-4']	pa ste / ngo bo nyid dang / dbang phyug dang / skyes bu dang / gtso bo dang / dus dang / sred med kyi bu la sogs pa dag las skye ba med par bkag pa bzhin du 'dir yang sbyar bar bya'o zhes bya bar dgongs nas dam bcas pa bzhi pa'i skabs 'di bsgrub pa mdzad do zhes bya bar sbyar ro //🔽gzhan gyis ma byas bdag ma byas //🔽zhes bya ba'i tshig gi don bye brag tu bshad pa bstan pa'i phyir /🔽gzhan gyis byas pa ni gzhan gyis de byas pa ste gzhan gyis de byed ces bya ba'i tha tshig go //	pa ste / ngo bo nyid dang / dbang phyug dang / skyes bu dang / gtso bo dang / dus dang / sred med kyi bu la sogs pa dag las skye ba med par bkag pa bzhin du 'dir yang sbyar bar bya'o zhes bya bar dgongs nas dam bcas pa bzhi pa'i skabs 'di bsgrub pa mdzad do zhes bya bar sbyar ro // gzhan gyis ma byas bdag ma byas // zhes bya ba'i tshig gi don bye brag tu bshad pa bstan pa'i phyir / gzhan gyis byas pa ni gzhan gyis de byas pa ste gzhan gyis de byed ces bya ba'i tha tshig go //	275a	and that it is not produced from a self, an isvara, a purusha, prakriti, time, or Narayana, and so on.🔽  The meaning of the words “not created by another, not self-created” is explained in order to demonstrate the commentary.🔽  “Created by another” means that another creates it; it is created by another, that is the meaning.🔽
['BO_T04_D3859-2:275a-5', 'BO_T04_D3859-2:275a-6', 'BO_T04_D3859-2:275a-7']	gzhan gyis ma byas pa ni gzhan gyis mi byed pa'o //🔽bdag gis byas pa yang bdag gis de byas pa ste bdag gis byed ces bya ba'i tha tshig go //🔽bdag gis ma byas pa ni bdag gis mi byed pa'o //	gzhan gyis ma byas pa ni gzhan gyis mi byed pa'o //🔽bdag gis byas pa yang bdag gis de byas pa ste bdag gis byed ces bya ba'i tha tshig go //🔽bdag gis ma byas pa ni bdag gis mi byed pa'o //	275a	and the refutation of arising from self, from another, from both, and causelessly, and the refutation of arising from a permanent cause, from an impermanent cause, from a cause that is both permanent and impermanent, from a cause that is neither permanent nor impermanent, from a cause that is a real entity, from a cause that is not a real entity, from a cause that is both a real entity and not a real entity, from a cause that is neither a real entity nor not a real entity, from a cause that is a real entity and is not a real entity, from a cause that is permanent and impermanent, from a cause that is neither permanent nor impermanent, from a cause that is a real entity and is impermanent, from a cause that is not a real entity and is permanent, from a cause that is a real entity and is permanent, from a cause that is not a real entity and is impermanent, from a cause that is a real entity and is not a real entity and is permanent and impermanent, from a cause that is neither a real entity nor not a real entity and is permanent and impermanent, from a cause that is a real entity and is not a real entity and is permanent and impermanent and is neither a real entity nor not a real entity, from a cause that is a real entity and is not a real entity and is permanent and impermanent and is neither a real entity nor not a real entity and is permanent and impermanent, from a cause that is a real entity and is not a real entity and is permanent and impermanent and is neither a real entity nor not a real entity and is permanent and impermanent and is neither permanent nor impermanent, from a cause that is a real entity and is not a real entity and is permanent and impermanent and is neither a real entity nor not a real entity and is permanent and impermanent and is neither permanent nor impermanent and is permanent and impermanent, from a cause that is a real entity and is not a real entity and is permanent and impermanent and is neither a real entity nor not a real entity and is permanent and impermanent and is neither permanent nor impermanent and is permanent and impermanent and is neither a real entity nor not a real entity, from a cause that is a real entity and is not a real entity and is permanent and impermanent and is neither a real entity nor not a real entity and is permanent and impermanent and is neither permanent nor impermanent and
['BO_T04_D3859-2:275a-8']	gzhan gyis ma byas pa dang / bdag gis ma byas pa ni gzhan gyis mi byed pa dang bdag gis mi byed pa'o zhes bya ba smras so //	gzhan gyis ma byas pa dang / bdag gis ma byas pa ni gzhan gyis mi byed pa dang bdag gis mi byed pa'o zhes bya ba smras so //	275a	That which is not created by another and not created by itself is not created by another and not created by itself.
['BO_T04_D3859-2:275a-9']	gzhan gyis ma byas pa dang / bdag gis ma byas pa'i phyir sdug bsngal rgyu med pa las byung ba ma yin par bsgrub pa'i 'thad pa bstan pa'i phyir /	gzhan gyis ma byas pa dang / bdag gis ma byas pa'i phyir sdug bsngal rgyu med pa las byung ba ma yin par bsgrub pa'i 'thad pa bstan pa'i phyir /	275a	In order to demonstrate the logic proving that suffering does not arise without a cause, he says:
['BO_T04_D3859-2:275a-10']	gang gi tshe ji skad smos pa'i tshad mas gnod pa'i phyir don dam par sdug bsngal dmigs su med pa de'i tshe sdug bsngal rgyu med pa las byung bar ga la 'gyur te /	gang gi tshe ji skad smos pa'i tshad mas gnod pa'i phyir don dam par sdug bsngal dmigs su med pa de'i tshe sdug bsngal rgyu med pa las byung bar ga la 'gyur te /	275a	When suffering is not observed in an ultimate sense because it is undermined by the valid cognition just mentioned, how could suffering arise without a cause?
['BO_T04_D3859-2:275a-11']	de yod pa ma yin pa nyid do zhes bya ba'i tshig gi don te zhes bya ba smras te /	de yod pa ma yin pa nyid do zhes bya ba'i tshig gi don te zhes bya ba smras te /	275a	The meaning of the words “it does not exist” is stated.
['BO_T04_D3859-2:275a-12']	sngar rkyen brtag pa'i rab tu byed pa dang por /	sngar rkyen brtag pa'i rab tu byed pa dang por /	275a	In the first chapter, the examination of conditions, it was said:
['BO_T04_D3859-2:275a-13']	bdag las ma yin gzhan las min //	bdag las ma yin gzhan las min //	275a	Not from self, not from another,
['BO_T04_D3859-2:275a-14', 'BO_T04_D3859-2:275a-15']	gnyis las ma yin rgyu med min //🔽dngos po gang dag gang na yang //	gnyis las ma yin rgyu med min // dngos po gang dag gang na yang //	275a	Not from both, not without cause,🔽Nowhere do any entities
['BO_T04_D3859-2:275a-16']	skyes pa nam yang yod ma yin //	skyes pa nam yang yod ma yin //	275a	Ever arise.
['BO_T04_D3859-2:275a-17']	zhes smos pa'i tshad mas don dam par sdug bsngal la sogs pa dngos po thams cad dmigs su med pa de'i tshe sdug bsngal ngo bo nyid med pa rgyu med pa las byung bar ga la 'gyur te /	zhes smos pa'i tshad mas don dam par sdug bsngal la sogs pa dngos po thams cad dmigs su med pa de'i tshe sdug bsngal ngo bo nyid med pa rgyu med pa las byung bar ga la 'gyur te /	275a	When valid cognition shows that ultimately all things such as suffering are not observed, how could suffering arise causelessly, without intrinsic reality?
['BO_T04_D3859-2:275a-18', 'BO_T04_D3859-2:275a-19']	sdug bsngal de yod pa ma yin na rgyu med pa las byung ba lta yod par ga la 'gyur zhes bya ba'i tshig gi don to //🔽de'i phyir de ltar rnam pa thams cad du sdug bsngal mi srid pas pha rol pos rab tu byed pa'i dang por don dam par phung po rnams yod pa kho na yin te /	sdug bsngal de yod pa ma yin na rgyu med pa las byung ba lta yod par ga la 'gyur zhes bya ba'i tshig gi don to // de'i phyir de ltar rnam pa thams cad du sdug bsngal mi srid pas pha rol pos rab tu byed pa'i dang por don dam par phung po rnams yod pa kho na yin te /	275a	If that suffering does not exist, how could it arise causelessly? This is the meaning of the words.
['BO_T04_D3859-2:275a-20']	sdug bsngal yin pa'i phyir ro zhes smras pa'i gtan tshigs kyi don ma grub pa nyid do zhes bya ba ni mjug bsdu ba dang tshad ma'i 'bras bu yin te /	sdug bsngal yin pa'i phyir ro zhes smras pa'i gtan tshigs kyi don ma grub pa nyid do zhes bya ba ni mjug bsdu ba dang tshad ma'i 'bras bu yin te /	275a	Therefore, since suffering is impossible in any way, the reason stated by the opponent in the first chapter, “The aggregates ultimately exist because suffering exists,” is not established. This is the conclusion and the result of valid cognition.
['BO_T04_D3859-2:275b-0']	pha rol pos smras pa'i gtan tshigs kyi don ma grub pa nyid kyis bstan bcos mdzad pa'i dam bcas pa @275b grub po //	pha rol pos smras pa'i gtan tshigs kyi don ma grub pa nyid kyis bstan bcos mdzad pa'i dam bcas pa @275b grub po //	275b	The meaning of the reason stated by the opponent is not established, and thus the thesis of the treatise author is established.
['BO_T04_D3859-2:275b-1', 'BO_T04_D3859-2:275b-2']	da ni slob dpon gyis sdug bsngal rnam pa bzhi yod par mi 'thad par bstan pa bzhin du dngos po lhag ma rnams la yang 'dra bar bstan par bzhed nas /🔽sdug bsngal 'ba' zhig rnam pa bzhi //	da ni slob dpon gyis sdug bsngal rnam pa bzhi yod par mi 'thad par bstan pa bzhin du dngos po lhag ma rnams la yang 'dra bar bstan par bzhed nas / sdug bsngal 'ba' zhig rnam pa bzhi //	275b	Now, just as the master has shown that it is untenable that the four types of suffering exist, he wishes to show that the same applies to the remaining things.🔽Not only suffering
['BO_T04_D3859-2:275b-3']	yod ma yin pa ma yin gyi //	yod ma yin pa ma yin gyi //	275b	Does not exist in these four ways,
['BO_T04_D3859-2:275b-4']	phyi rol dngos po rnams la yang //	phyi rol dngos po rnams la yang //	275b	External things
['BO_T04_D3859-2:275b-5']	rnam pa bzhi po yod ma yin //	rnam pa bzhi po yod ma yin //	275b	Do not exist in these four ways.
['BO_T04_D3859-2:275b-6']	ji skad bstan pa'i tshul gyis gzugs la sogs pa phyi rol gyi dngos po rnams la yang rnam pa bzhi po de dag yod pa ma yin no zhes bya ba smras te /	ji skad bstan pa'i tshul gyis gzugs la sogs pa phyi rol gyi dngos po rnams la yang rnam pa bzhi po de dag yod pa ma yin no zhes bya ba smras te /	275b	As was explained, external things such as form also do not exist in these four ways.
['BO_T04_D3859-2:275b-7']	gang gi phyir de ltar yang dag pa ji lta ba bzhin du brtags na dngos po thams cad bdag dang / gzhan dang / gnyis dang / rgyu med pas byas par mi 'thad pa de'i phyir sdug bsngal 'ba' zhig la bdag dang / gzhan dang /	gang gi phyir de ltar yang dag pa ji lta ba bzhin du brtags na dngos po thams cad bdag dang / gzhan dang / gnyis dang / rgyu med pas byas par mi 'thad pa de'i phyir sdug bsngal 'ba' zhig la bdag dang / gzhan dang /	275b	Because when one analyzes things in this way, correctly and in accordance with reality, it is untenable that all things are created by self, other, both, or causelessly, therefore, one should not say that suffering is created by self, other,🔽
['BO_T04_D3859-2:275b-8']	gnyis dang / rgyu med pas byas pa yod pa ma yin par ma zad kyi gzugs la sogs pa phyi rol gyi dngos por 'dod pa thams cad la yang bdag dang / gzhan dang / gnyis dang / rgyu med pas byas pa yod pa ma yin par ston to //	gnyis dang / rgyu med pas byas pa yod pa ma yin par ma zad kyi gzugs la sogs pa phyi rol gyi dngos por 'dod pa thams cad la yang bdag dang / gzhan dang / gnyis dang / rgyu med pas byas pa yod pa ma yin par ston to //	275b	Because when one analyzes things in this way, correctly and in accordance with reality, it is untenable that all things are created by self, other, both, or causelessly, therefore, not only does suffering not exist as created by self, other, both, or causelessly, but also all external things asserted to be forms and so on do not exist as created by self, other, both, or causelessly.
['BO_T04_D3859-2:275b-9']	de la re zhig gzugs kyi dbang du byas nas bshad par bya ste /	de la re zhig gzugs kyi dbang du byas nas bshad par bya ste /	275b	Here, first, I will explain from the perspective of form.
['BO_T04_D3859-2:275b-10']	gzugs ni bdag nyid kyis ma byas te /	gzugs ni bdag nyid kyis ma byas te /	275b	Form is not created by itself.
['BO_T04_D3859-2:275b-11']	yod pa dang med pa la byed pa mi 'thad pa'i phyir tshul sngar bstan pa bzhin no zhes bya ba dag ni chos can dang / bsgrub par bya ba chos dang / sgrub pa'i chos dang / dpe yin par go rims bzhin du sbyar te /	yod pa dang med pa la byed pa mi 'thad pa'i phyir tshul sngar bstan pa bzhin no zhes bya ba dag ni chos can dang / bsgrub par bya ba chos dang / sgrub pa'i chos dang / dpe yin par go rims bzhin du sbyar te /	275b	The subject, the predicate of the probandum, the property of the probandum, and the example are to be applied in order.
['BO_T04_D3859-2:275b-12']	de la re zhig yod pa bdag nyid kyis byas pa mi 'thad pa'i dbang du byas nas dper na bum pa yod pa ni yod pa'i phyir bdag nyid kyis ma byas pa de bzhin du gzugs yod pa yang yod pa'i phyir bdag nyid kyis ma byas so //	de la re zhig yod pa bdag nyid kyis byas pa mi 'thad pa'i dbang du byas nas dper na bum pa yod pa ni yod pa'i phyir bdag nyid kyis ma byas pa de bzhin du gzugs yod pa yang yod pa'i phyir bdag nyid kyis ma byas so //	275b	First, with respect to the untenability of the production of an existent thing, it is like, for example, a vase that exists because it exists is not produced by itself. In the same way, form that exists because it exists is not produced by itself.
['BO_T04_D3859-2:275b-13']	med pa bdag nyid kyis byas pa mi 'thad pa'i dbang du byas nas dper na nam mkha'i me tog med pa ni med pa'i phyir /	med pa bdag nyid kyis byas pa mi 'thad pa'i dbang du byas nas dper na nam mkha'i me tog med pa ni med pa'i phyir /	275b	With respect to the untenability of the production of a nonexistent thing, it is like, for example, a sky flower that does not exist because it does not exist is not produced by itself.
['BO_T04_D3859-2:275b-14']	bdag nyid kyis ma byas pa de bzhin du gzugs med pa yang med pa'i phyir bdag nyid kyis ma byas so //	bdag nyid kyis ma byas pa de bzhin du gzugs med pa yang med pa'i phyir bdag nyid kyis ma byas so //	275b	In the same way, form that does not exist because it does not exist is not produced by itself.
['BO_T04_D3859-2:275b-15']	yang na brten nas byung ba'i phyir dper na myu gu bzhin no zhes bya ba ni bdag gis ma byas pa'i rjes su dpag pa gzhan yin te /	yang na brten nas byung ba'i phyir dper na myu gu bzhin no zhes bya ba ni bdag gis ma byas pa'i rjes su dpag pa gzhan yin te /	275b	This is another inference of non-self-making.
['BO_T04_D3859-2:275b-16']	gzugs ni bdag nyid kyis ma byas te brten nas 'byung ba'i phyir dper na myu gu bzhin no zhes bya bar sbyar ro //	gzugs ni bdag nyid kyis ma byas te brten nas 'byung ba'i phyir dper na myu gu bzhin no zhes bya bar sbyar ro //	275b	Form is not self-made because it is dependently arisen, like a sprout.
['BO_T04_D3859-2:275b-17']	'byung ba gzhan du gyur pa dag gis kyang ma byas te de dag gzhan nyid du mi 'thad pa'i phyir ro zhes bya bas ni gzugs gzhan gyis ma byas te gzhan med pa'i phyir ro zhes ston to //	'byung ba gzhan du gyur pa dag gis kyang ma byas te de dag gzhan nyid du mi 'thad pa'i phyir ro zhes bya bas ni gzugs gzhan gyis ma byas te gzhan med pa'i phyir ro zhes ston to //	275b	It is not made by others, the elements, because it is not tenable that they are different. This shows that form is not made by another, because another does not exist.
['BO_T04_D3859-2:276a-0']	de'i phyir de'i @276a * //	de'i phyir de'i @276a * //	276a	Therefore,
['BO_T04_D3859-2:276a-1']	ltar mi 'thad ce na /	ltar mi 'thad ce na /	276a	if you say that is not tenable,
['BO_T04_D3859-2:276a-2']	'byung ba chan po de dag ni gzugs las gzhan du gyur pa ma yin te /	'byung ba chan po de dag ni gzugs las gzhan du gyur pa ma yin te /	276a	those great elements are not different from form,
['BO_T04_D3859-2:276a-3']	phyi rol pa yin pa'i phyir dper na gzugs kyi rang gi bdag nyid bzhin no zhes bya ba smras te /	phyi rol pa yin pa'i phyir dper na gzugs kyi rang gi bdag nyid bzhin no zhes bya ba smras te /	276a	because they are external, like the intrinsic nature of form itself.
['BO_T04_D3859-2:276a-4']	de dag kyang chos can dang / bsgrub par bya ba chos dang / sgrub pa'i chos dang / dpe yin par go rims bzhin du sbyar te /	de dag kyang chos can dang / bsgrub par bya ba chos dang / sgrub pa'i chos dang / dpe yin par go rims bzhin du sbyar te /	276a	They are respectively the subject, the predicate, the reason, and the example.
['BO_T04_D3859-2:276a-5']	dper na gzugs ni phyi rol pa yin pa'i phyir rang gi bdag nyid las gzhan du gyur pa ma yin pa de bzhin du 'byung ba chen po dag kyang phyi rol pa yin pa'i phyir gzugs las gzhan du gyur pa ma yin no //	dper na gzugs ni phyi rol pa yin pa'i phyir rang gi bdag nyid las gzhan du gyur pa ma yin pa de bzhin du 'byung ba chen po dag kyang phyi rol pa yin pa'i phyir gzugs las gzhan du gyur pa ma yin no //	276a	For example, form is not different from its own nature because it is external. Likewise, the great elements are not different from form because they are external.
['BO_T04_D3859-2:276a-6']	yang na rdzas su yod pa nyid bkag pa'i phyir te /	yang na rdzas su yod pa nyid bkag pa'i phyir te /	276a	Or, because substantial existence is refuted,
['BO_T04_D3859-2:276a-7']	med pa la gzhan nyid mi 'thad pa'i phyir ro zhes bya ba ni 'byung ba chen po dag gzugs las gzhan du gyur pa ma yin par rjes su dpag pa gzhan yin te /	med pa la gzhan nyid mi 'thad pa'i phyir ro zhes bya ba ni 'byung ba chen po dag gzugs las gzhan du gyur pa ma yin par rjes su dpag pa gzhan yin te /	276a	for it is untenable that the nonexistent is different. This is another inference that the great elements are not different from form.
['BO_T04_D3859-2:276a-8']	'byung ba chen po dag ni gzugs las gzhan du gyur pa ma yin te /	'byung ba chen po dag ni gzugs las gzhan du gyur pa ma yin te /	276a	The great elements are not different from form,
['BO_T04_D3859-2:276a-9']	rdzas su med pa'i phyir dper na ri bong gi rva bzhin no zhes bya bar sbyar ro //	rdzas su med pa'i phyir dper na ri bong gi rva bzhin no zhes bya bar sbyar ro //	276a	because they do not substantially exist, like the horn of an ass.
['BO_T04_D3859-2:276a-10']	gnyi gas kyang ma byas te /	gnyi gas kyang ma byas te /	276a	Neither is the case.
['BO_T04_D3859-2:276a-11']	re res byed pa mi 'thad pa'i phyir ro zhes bya bas ni gzugs bdag dang gzhan gnyi gas ma byas par bstan to //	re res byed pa mi 'thad pa'i phyir ro zhes bya bas ni gzugs bdag dang gzhan gnyi gas ma byas par bstan to //	276a	The phrase “because it is untenable that each is the cause” indicates that form is not produced by self, by other, or by both.
['BO_T04_D3859-2:276a-12']	rgyu med pa las byung ba yang ma yin te rgyu med par smra ba bkag pa'i phyir ro zhes bya bas ni gzugs rgyu med pa las byung ba ma yin par bstan to //	rgyu med pa las byung ba yang ma yin te rgyu med par smra ba bkag pa'i phyir ro zhes bya bas ni gzugs rgyu med pa las byung ba ma yin par bstan to //	276a	The phrase “nor does it arise without a cause, because the assertion of causeless arising has been refuted” indicates that form does not arise without a cause.
['BO_T04_D3859-2:276a-13']	de bzhin du sgra la sogs pa dag la yang brjod par bya'o zhes bya ba ni sgra dang / dri dang ro dang rig pa dang / chos rnams la yang bdag dang gzhan dang gnyis dang rgyu med pas byas pa rnam pa bzhi po dag mi 'thad par snga ma bzhin du sbyar ba bstan to //	de bzhin du sgra la sogs pa dag la yang brjod par bya'o zhes bya ba ni sgra dang / dri dang ro dang rig pa dang / chos rnams la yang bdag dang gzhan dang gnyis dang rgyu med pas byas pa rnam pa bzhi po dag mi 'thad par snga ma bzhin du sbyar ba bstan to //	276a	The phrase “the same should be said of sound, etc.” indicates that the four alternatives of being produced by self, by other, by both, or without a cause are untenable for sound, smell, taste, tangible objects, and the entities of the heaps of consciousness and formations. The same should be said of all entities.
['BO_T04_D3859-2:276a-14']	de la 'dir rab tu byed pa'i don ni pha rol pos rab tu byed pa'i dang por smras pa'i gtan tshigs kyi don ma grub pa nyid du brjod pas sdug bsngal ngo bo nyid med pa nyid du bstan pa bzhin no zhes bya ba ni mjug bsdu ba	de la 'dir rab tu byed pa'i don ni pha rol pos rab tu byed pa'i dang por smras pa'i gtan tshigs kyi don ma grub pa nyid du brjod pas sdug bsngal ngo bo nyid med pa nyid du bstan pa bzhin no zhes bya ba ni mjug bsdu ba	276a	This is the conclusion.
['BO_T04_D3859-2:276a-15']	dang tshad ma'i 'bras bu yin te /	dang tshad ma'i 'bras bu yin te /	276a	This is the result of valid cognition.🔽In this twelfth chapter, the examination of suffering, the meaning of the present chapter should be seen as the result of valid cognition.
['BO_T04_D3859-2:276a-16']	sdug bsngal brtag pa'i rab tu byed pa bcu gnyis pa'i skabs 'dir rab tu byed pa'i don tshad ma'i 'bras bur blta ba ni pha rol pos sngar phung po dang khams dang skye mched dam par yod bar bsgrub pa'i phyogs snga ma don dam par phung po rnams	sdug bsngal brtag pa'i rab tu byed pa bcu gnyis pa'i skabs 'dir rab tu byed pa'i don tshad ma'i 'bras bur blta ba ni pha rol pos sngar phung po dang khams dang skye mched dam par yod bar bsgrub pa'i phyogs snga ma don dam par phung po rnams	276a	The opponent previously argued that the aggregates, elements, and media exist ultimately.
['BO_T04_D3859-2:276a-17']	yod pa kho na yin te /	yod pa kho na yin te /	276a	The aggregates exist ultimately.🔽This is because they are suffering.
['BO_T04_D3859-2:276a-18']	sdug bsngal yin pa'i phyir ro zhes smras pa'i gtan tshigs kyi don ma grub pa nyid du brjod pas sdug bsngal ngo bo nyid med pa nyid du bstan pa yin no //	sdug bsngal yin pa'i phyir ro zhes smras pa'i gtan tshigs kyi don ma grub pa nyid du brjod pas sdug bsngal ngo bo nyid med pa nyid du bstan pa yin no //	276a	The meaning of this reason is shown to be unestablished, and so suffering is shown to be essenceless.
['BO_T04_D3859-2:276b-0']	sdug bsngal ngo bo nyid med pa nyid du bstan pa la yon @276b tan ci yod pa dang de bstan pa 'di la gzhan dag na re rtog ge skam po'i bstan bcos tsam nyi tshes bsgrubs so zhes zer ba bsal ba'i phyir 'dir yid ches pa'i lung gi	sdug bsngal ngo bo nyid med pa nyid du bstan pa la yon @276b tan ci yod pa dang de bstan pa 'di la gzhan dag na re rtog ge skam po'i bstan bcos tsam nyi tshes bsgrubs so zhes zer ba bsal ba'i phyir 'dir yid ches pa'i lung gi	276b	What is the benefit of teaching that suffering lacks entityness?
['BO_T04_D3859-2:276b-1']	khungs kyis kyang bsgrub par bya ste /	khungs kyis kyang bsgrub par bya ste /	276b	To dispel the claim by others that this teaching is merely a dry treatise of sophistry, it is established here by means of a source of trust, a citation from scripture.
['BO_T04_D3859-2:276b-2']	de'i phyir bcom ldan 'das ma shes rab kyi pha rol tu phyin pa rab kyi rtsal gyis rnam par gnon pas zhus pa'i mdo las /	de'i phyir bcom ldan 'das ma shes rab kyi pha rol tu phyin pa rab kyi rtsal gyis rnam par gnon pas zhus pa'i mdo las /	276b	Thus the Questions of Subāhu chapter of the Perfection of Wisdom in One Hundred Thousand Stanzas says:
['BO_T04_D3859-2:276b-3']	rab kyi rtsal gyis rnam par gnon pa gzugs ni bde ba'am sdug bsngal ba ma yin no //	rab kyi rtsal gyis rnam par gnon pa gzugs ni bde ba'am sdug bsngal ba ma yin no //	276b	Subāhu, form is not happiness or suffering.
['BO_T04_D3859-2:276b-4']	de bzhin du tshor ba dang / 'du shes dang / 'du byed rnams dang / rnam par shes pa yang bde ba'am sdug bsngal ba ma yin no //	de bzhin du tshor ba dang / 'du shes dang / 'du byed rnams dang / rnam par shes pa yang bde ba'am sdug bsngal ba ma yin no //	276b	Likewise, feeling, discrimination, compositional factors, and consciousness are not happiness or suffering.
['BO_T04_D3859-2:276b-5']	gzugs dang / tshor ba dang / 'du shes dang / 'du byed rnams dang / rnam par shes pa bde ba'am sdug bsngal ba ma yin pa gang yin pa de ni shes rab kyi pha rol tu phyin pa'o zhes bya ba la sogs pa gsungs pa dang /	gzugs dang / tshor ba dang / 'du shes dang / 'du byed rnams dang / rnam par shes pa bde ba'am sdug bsngal ba ma yin pa gang yin pa de ni shes rab kyi pha rol tu phyin pa'o zhes bya ba la sogs pa gsungs pa dang /	276b	That is the perfection of wisdom.
['BO_T04_D3859-2:276b-6', 'BO_T04_D3859-2:276b-7']	de bzhin du 'phags pa tshangs pas zhus pa'i mdo las tshangs pa rnam grangs des kyang khyod kyis 'di ltar shes par bya ste /🔽sdug bsngal dang / kun 'byung ba dang / 'gog pa dang / lam ni 'phags pa rnams kyi bden pa ma yin gyi /	de bzhin du 'phags pa tshangs pas zhus pa'i mdo las tshangs pa rnam grangs des kyang khyod kyis 'di ltar shes par bya ste / sdug bsngal dang / kun 'byung ba dang / 'gog pa dang / lam ni 'phags pa rnams kyi bden pa ma yin gyi /	276b	Similarly, the Questions of Brahma Sûtra says:🔽Brahma, by this method you should understand that suffering, origin, cessation, and path are not the truths of the noble ones.🔽In this way, the non-arising of suffering, origin, cessation, and path is the path of the noble ones.
['BO_T04_D3859-2:276b-8']	'di ltar sdug bsngal dang / kun 'byung ba dang / 'gog pa dang / lam ma skyes pa ni 'phags pa rnams kyi lam mo zhes bya ba la sogs pa theg pa chen po'i mdo mtha' yas pa dag las sdug bsngal ngo bo nyid med pa nyid du gsungs pa dang /	'di ltar sdug bsngal dang / kun 'byung ba dang / 'gog pa dang / lam ma skyes pa ni 'phags pa rnams kyi lam mo zhes bya ba la sogs pa theg pa chen po'i mdo mtha' yas pa dag las sdug bsngal ngo bo nyid med pa nyid du gsungs pa dang /	276b	In this way, the infinite Mahâyâna sûtras teach that suffering is essenceless.
['BO_T04_D3859-2:276b-9']	theg pa chen po'i lung 'ba' zhig las sdug bsngal ngo bo nyid med pa nyid du gsungs par ma zad kyi /	theg pa chen po'i lung 'ba' zhig las sdug bsngal ngo bo nyid med pa nyid du gsungs par ma zad kyi /	276b	Not only is it taught in the Mahayana scriptures that suffering is essenceless,
['BO_T04_D3859-2:276b-10']	nyan thos kyi theg par bcom ldan 'das kyis bka' stsal te /	nyan thos kyi theg par bcom ldan 'das kyis bka' stsal te /	276b	but it is also taught in the Hinayana scriptures.🔽A brahman asked the Lord, “O Gautama, is suffering produced by itself?”
['BO_T04_D3859-2:276b-11']	bcom ldan 'das la bram ze zhig gis kye goo ta ma sdug bsngal bdag gis byas sam zhes zhus pa dang / bka' stsal pa tshe dang ldan pa ma yin no //	bcom ldan 'das la bram ze zhig gis kye goo ta ma sdug bsngal bdag gis byas sam zhes zhus pa dang / bka' stsal pa tshe dang ldan pa ma yin no //	276b	The Lord replied, “Venerable sir, it is not.”
['BO_T04_D3859-2:276b-12']	gsol pa / gzhan gyis byas sam /	gsol pa / gzhan gyis byas sam /	276b	He asked, “Is it produced by another?”
['BO_T04_D3859-2:276b-13']	bka' stsal pa /	bka' stsal pa /	276b	The Lord replied,
['BO_T04_D3859-2:276b-14']	tshe dang ldan pa ma yin no //	tshe dang ldan pa ma yin no //	276b	“Venerable sir, it is not.”
['BO_T04_D3859-2:276b-15']	gsol pa gnyi gas byas sam /	gsol pa gnyi gas byas sam /	276b	He asked, “Is it produced by both?”
['BO_T04_D3859-2:276b-16']	bka' stsal pa /	bka' stsal pa /	276b	The Lord replied,
['BO_T04_D3859-2:276b-17', 'BO_T04_D3859-2:276b-18']	tshe dang ldan pa ma yin no //🔽gsol pa bdag gis kyang ma byas /	tshe dang ldan pa ma yin no // gsol pa bdag gis kyang ma byas /	276b	“Venerable sir, it is not.”
['BO_T04_D3859-2:276b-19']	gzhan gyis kyang ma byas sam /	gzhan gyis kyang ma byas sam /	276b	He asked, “Is it produced by neither?”
['BO_T04_D3859-2:276b-20']	bka' stsal pa /	bka' stsal pa /	276b	The Lord replied,🔽“Venerable sir, it is not.”
['BO_T04_D3859-2:276b-21']	tshe dang ldan pa ma yin no zhes bya ba la sogs pa rgya cher gsungs pa de dag grub pa yin no //	tshe dang ldan pa ma yin no zhes bya ba la sogs pa rgya cher gsungs pa de dag grub pa yin no //	276b	And so on extensively.
['BO_T04_D3859-2:276b-22']	de ltar theg pa che chung gi yid ches pa'i lung de dag grub pa ni sdug bsngal ngo bo nyid med pa nyid du bstan pa'i yon tan dang khungs yin te /	de ltar theg pa che chung gi yid ches pa'i lung de dag grub pa ni sdug bsngal ngo bo nyid med pa nyid du bstan pa'i yon tan dang khungs yin te /	276b	Thus, the establishment of those scriptures that are trusted in the Great and Lesser Vehicles is the good quality and the source of the teaching of the realitylessness of suffering.
['BO_T04_D3859-2:277a-0']	de'i phyir kho bos rang gi bsam pas rtog ge skam po tsam gyis bsgrubs pa ma yin te @277a * //	de'i phyir kho bos rang gi bsam pas rtog ge skam po tsam gyis bsgrubs pa ma yin te @277a * //	277a	Therefore, I have not established it by mere dry logic of my own thinking.
['BO_T04_D3859-2:277a-1']	lung de dag kyang yod do //	lung de dag kyang yod do //	277a	Those scriptures exist.
['BO_T04_D3859-2:277a-2']	gang gi phyir de ltar theg pa che chung gi mdo sde mtha' yas pa dag las sdug bsngal ngo bo nyid med pa nyid du bstan pa de dag bstan bcos 'dis rnam par bshad par bya ba'i yul nyid du bstan pa yang /	gang gi phyir de ltar theg pa che chung gi mdo sde mtha' yas pa dag las sdug bsngal ngo bo nyid med pa nyid du bstan pa de dag bstan bcos 'dis rnam par bshad par bya ba'i yul nyid du bstan pa yang /	277a	And because the realitylessness of suffering is taught in those scriptures of the Great and Lesser Vehicles, the teaching of this treatise is the very object to be explained.
['BO_T04_D3859-2:277a-3']	slob dpon gyi zhal snga nas kyi mkhyen rlabs dang 'grel pa byed pa'i mkhas pa nyid yin no //	slob dpon gyi zhal snga nas kyi mkhyen rlabs dang 'grel pa byed pa'i mkhas pa nyid yin no //	277a	This is the knowledge of the master himself and the skill of the commentator.
['BO_T04_D3859-2:277a-4']	slob dpon legs ldan byed kyis nye bar sbyar ba dbu ma'i rtsa ba'i 'grel pa /	slob dpon legs ldan byed kyis nye bar sbyar ba dbu ma'i rtsa ba'i 'grel pa /	277a	The commentary on the root text of the middle way composed by the master Bhāviveka.
['BO_T04_D3859-2:277a-5']	shes rab sgron ma las sdug bsngal brtag pa zhes bya ba ste rab tu byed pa bcu gnyis pa rgya cher 'grel pa /	shes rab sgron ma las sdug bsngal brtag pa zhes bya ba ste rab tu byed pa bcu gnyis pa rgya cher 'grel pa /	277a	This is the twelfth chapter of the Prajñāpradīpa, called “The Examination of Suffering.”
['BO_T04_D3859-2:277a-6']	slob dpon spyan ras gzigs brtul zhugs kyis nye bar sbyar ba rdzogs so /	slob dpon spyan ras gzigs brtul zhugs kyis nye bar sbyar ba rdzogs so /	277a	The commentary on the twelfth chapter of the Prajñāpradīpa, composed by the master Avalokitavrata, is complete.
['BO_T04_D3859-2:277a-7']	// / da ni sun 'byin pa'i lan btab pa dang rang dbang du rjes su dpag pa'i mthus 'du byed rnams rnam pa las ngo bo nyid med pa nyid du bstan pa'i don gyi dbang gis rab tu byed pa bcu gsum pa brtsam mo zhes bya ba la /	// / da ni sun 'byin pa'i lan btab pa dang rang dbang du rjes su dpag pa'i mthus 'du byed rnams rnam pa las ngo bo nyid med pa nyid du bstan pa'i don gyi dbang gis rab tu byed pa bcu gsum pa brtsam mo zhes bya ba la /	277a	Now, in order to demonstrate through the force of the response to the refutation and the autonomous inference that compounded phenomena do not intrinsically exist apart from their aspects, the thirteenth chapter is begun.
['BO_T04_D3859-2:277a-8']	dbang gis zhes bya ba'i sgra skabs 'dir yang dam bcas pa la 'jug pa'i rgyu'i don dang / gzhung 'og nas 'byung ba dang sbyar ba'i don du blta ste tshig gi don ni snga ma bzhin no //	dbang gis zhes bya ba'i sgra skabs 'dir yang dam bcas pa la 'jug pa'i rgyu'i don dang / gzhung 'og nas 'byung ba dang sbyar ba'i don du blta ste tshig gi don ni snga ma bzhin no //	277a	The word “force” should be understood in this context to have the meaning of the cause of the commitment and the meaning of the subject matter of the text that will follow. The meaning of the words is the same as before.
['BO_T04_D3859-2:277a-9']	de la dam bcas pa la 'jug pa'i rgyu'i don gyi dbang du byas nas da ni sun 'byin pa'i lan btab pa dang rang dbang du rjes su dpag pa'i mthus zhes bya ba smras te /	de la dam bcas pa la 'jug pa'i rgyu'i don gyi dbang du byas nas da ni sun 'byin pa'i lan btab pa dang rang dbang du rjes su dpag pa'i mthus zhes bya ba smras te /	277a	In this context, in terms of the purpose of engaging the commitment, he says, “Now, by the power of responding to objections and autonomous inferences,”
['BO_T04_D3859-2:277a-10', 'BO_T04_D3859-2:277a-11']	bstan bcos mdzad pas rkyen brtag pa'i rab tu byed pa dang po brtsam pa'i skabs su dngos po thams cad skye ba med par dam bcas pa mdzad pas 'dir yang sngar bstan bcos mdzad pas ji ltar dam bcas pa de la 'jug pa'i rgyu'i don gyi dbang du🔽byas nas de skad smras te /	bstan bcos mdzad pas rkyen brtag pa'i rab tu byed pa dang po brtsam pa'i skabs su dngos po thams cad skye ba med par dam bcas pa mdzad pas 'dir yang sngar bstan bcos mdzad pas ji ltar dam bcas pa de la 'jug pa'i rgyu'i don gyi dbang du byas nas de skad smras te /	277a	Since the treatise author, in the context of beginning the first chapter, the analysis of conditions, committed to the position that all things are unarisen, here he also says this in terms of the purpose of engaging the commitment of the treatise author as it was previously stated.🔽By the power of responding to objections means that the Madhyamaka responds to the arguments of others that are objections to the Madhyamaka’s commitment that all things are essenceless.
['BO_T04_D3859-2:277a-12', 'BO_T04_D3859-2:277a-13']	sun 'byin pa'i lan btab pa'i mthus zhes bya ba ni dbu ma pas dngos po thams cad ngo bo nyid med pa nyid du dam bcas pa la pha rol po dag gis sun 'byin pa'i sgrub pa gang dag smras pa'i lan dbu ma pas btab pa las mthu🔽gang skyes so //	sun 'byin pa'i lan btab pa'i mthus zhes bya ba ni dbu ma pas dngos po thams cad ngo bo nyid med pa nyid du dam bcas pa la pha rol po dag gis sun 'byin pa'i sgrub pa gang dag smras pa'i lan dbu ma pas btab pa las mthu🔽gang skyes so //	277a	The power of responding to objections is the power of autonomous inferences.
['BO_T04_D3859-2:277a-14']	rang dbang du rjes su dpag pa'i mthus zhes bya ba ni dbu ma pa nyid kyis dngos po thams cad ngo bo nyid med pa nyid du sgrub pa'i rjes su dpag pa rang dbang du smras pa las mthu gang skyes pas te /	rang dbang du rjes su dpag pa'i mthus zhes bya ba ni dbu ma pa nyid kyis dngos po thams cad ngo bo nyid med pa nyid du sgrub pa'i rjes su dpag pa rang dbang du smras pa las mthu gang skyes pas te /	277a	“By the power of independent inference” means that the power of the independent inference of the Madhyamika himself, which proves that all things are essenceless, is born.
['BO_T04_D3859-2:277a-15']	de ltar na bstan bcos mdzad pas dngos po thams cad ngo bo nyid med pa nyid du dam bcas nas brgal ba'i lan btab pa dang rang gi dam bcas bsgrub pa las de kho na nyid rtogs par 'gyur ba'i mthu gang dag skyes pa des sngar dam bcas	de ltar na bstan bcos mdzad pas dngos po thams cad ngo bo nyid med pa nyid du dam bcas nas brgal ba'i lan btab pa dang rang gi dam bcas bsgrub pa las de kho na nyid rtogs par 'gyur ba'i mthu gang dag skyes pa des sngar dam bcas	277a	Thus, the author of the treatise, having asserted that all things are essenceless, answers the objections and proves his own thesis, and by the power of that, one comes to understand reality.
['BO_T04_D3859-2:277b-0']	pa la 'jug pa'i rgyu'i @277b don gyi dbang du byas nas rab tu byed pa bcu gsum pa brtsam mo zhes bya bar sbyar ro //	pa la 'jug pa'i rgyu'i @277b don gyi dbang du byas nas rab tu byed pa bcu gsum pa brtsam mo zhes bya bar sbyar ro //	277b	Thus, the thirteenth chapter is begun in order to engage in the thesis stated earlier, in terms of the power of the meaning of the cause of engagement.
['BO_T04_D3859-2:277b-1']	gzhung 'og nas 'byung ba dang sbyar ba'i don gyi dbang du byas nas 'du byed rnams rnam pa las ngo bo nyid med pa nyid du bstan pa'i don gyi dbang du byas nas rab tu byed pa bcu gsum pa brtsam mo zhes bya ba smras te /	gzhung 'og nas 'byung ba dang sbyar ba'i don gyi dbang du byas nas 'du byed rnams rnam pa las ngo bo nyid med pa nyid du bstan pa'i don gyi dbang du byas nas rab tu byed pa bcu gsum pa brtsam mo zhes bya ba smras te /	277b	The meaning of the treatise that will be explained below is that conditioned states are shown to be essenceless in terms of aspects other than those previously explained.🔽The meaning of the treatise that will be explained below is that conditioned states are shown to be essenceless in terms of aspects other than those previously explained.🔽The meaning of the treatise that will be explained below is that conditioned states are shown to be essenceless in terms of aspects other than those previously explained.
['BO_T04_D3859-2:277b-2', 'BO_T04_D3859-2:277b-3', 'BO_T04_D3859-2:277b-4']	de kho na brtag pa'i rab tu byed pa bcu gsum pa'i gzhung 'og nas 'byung ba 'di'i don ni 'du byed rnams sngar bstan pa'i rnam pa las gzhan pa'i sgo nas ngo bo nyid med pa nyid du bstan pas de kho na'i don bstan pa yin pas de'i🔽dbang du byas nas de skad smras so //🔽rab tu byed pa 'di'i 'bras bu ni gang yin rnam pa gang gis ni 'bras bu de 'thob ce na /	de kho na brtag pa'i rab tu byed pa bcu gsum pa'i gzhung 'og nas 'byung ba 'di'i don ni 'du byed rnams sngar bstan pa'i rnam pa las gzhan pa'i sgo nas ngo bo nyid med pa nyid du bstan pas de kho na'i don bstan pa yin pas de'i dbang du byas nas de skad smras so // rab tu byed pa 'di'i 'bras bu ni gang yin rnam pa gang gis ni 'bras bu de 'thob ce na /	277b	The meaning of the treatise that will be explained below is that conditioned states are shown to be essenceless in terms of aspects other than those previously explained.🔽The meaning of the treatise that will be explained below is that conditioned states are shown to be essenceless in terms of aspects other than those previously explained.🔽The meaning of the treatise that will be explained below is that conditioned states are shown to be essenceless in terms of aspects other than those previously explained.🔽The meaning of the treatise that will be explained below is that conditioned states are shown to be essenceless in terms of aspects other than those previously explained.🔽The meaning of the treatise that will be explained below is that conditioned states are shown to be essenceless in terms of aspects other than those previously explained.🔽The meaning of the treatise that will be explained below is that conditioned states are shown to be essenceless in terms of aspects other than those previously explained.🔽The meaning of the treatise that will be explained below is that conditioned states are shown to be essenceless in terms of aspects other than those previously explained.🔽The meaning of the treatise that will be explained below is that conditioned states are shown to be essenceless in terms of aspects other than those previously explained.🔽The meaning of the treatise that will be explained below is that conditioned states are shown to be essenceless in terms of aspects other than those previously explained.🔽The meaning of the treatise that will be explained below is that conditioned states are shown to be essenceless in terms of aspects other than those previously explained.🔽The meaning of the treatise that will be explained below is that conditioned states are shown to be essenceless in terms of aspects other than those previously explained.
['BO_T04_D3859-2:277b-5']	'du byed rnams rnam pa las ngo bo nyid med pa nyid du bstan pas de kho na'i don bstan pa ni 'di'i 'bras bu yin la /	'du byed rnams rnam pa las ngo bo nyid med pa nyid du bstan pas de kho na'i don bstan pa ni 'di'i 'bras bu yin la /	277b	The meaning of the treatise that will be explained below is that conditioned states are shown to be essenceless in terms of aspects other than those previously explained.🔽The meaning of the treatise that will be explained below is that conditioned states are shown to be essenceless in terms of aspects other than those previously explained.🔽The meaning of the treatise that will be explained below is that conditioned states are shown
['BO_T04_D3859-2:277b-6']	sun 'byin pa'i lan btab pa dang / rang dbang du rjes su dpag pa'i mthu'i rnam pas ni 'bras bu de 'thob pas de'i phyir 'grel pa byed pas rab tu byed pa'i mtshams sbyar ba'i skabs 'dir yang thabs dang thabs las byung ba'i 'bras bu dang po kho nar bstan to //	sun 'byin pa'i lan btab pa dang / rang dbang du rjes su dpag pa'i mthu'i rnam pas ni 'bras bu de 'thob pas de'i phyir 'grel pa byed pas rab tu byed pa'i mtshams sbyar ba'i skabs 'dir yang thabs dang thabs las byung ba'i 'bras bu dang po kho nar bstan to //	277b	The reply to the refutation and the power of autonomous inference are the means for attaining that result, so the author of the commentary teaches just the means and the result that arises from the means at the beginning of this section of the treatise.
['BO_T04_D3859-2:277b-7', 'BO_T04_D3859-2:277b-8']	rnam pa gang gis 'bras bu de 'thob pa'i thabs nyid bstan pa'i phyir /🔽chos gang slu ba de brdzun zhes //	rnam pa gang gis 'bras bu de 'thob pa'i thabs nyid bstan pa'i phyir / chos gang slu ba de brdzun zhes //	277b	In order to teach just the means for attaining that result,
['BO_T04_D3859-2:277b-9']	zhes bya ba la sogs pa de la zhes bya ba smras te /	zhes bya ba la sogs pa de la zhes bya ba smras te /	277b	he says, “Whatever phenomenon is deceptive, that is false . . .” and so on.
['BO_T04_D3859-2:277b-10']	slob dpon gyis 'du byed rnams rnam pa las ngo bo nyid med pa nyid du bstan pa'i don de nyid sgrub pa'i thabs su /	slob dpon gyis 'du byed rnams rnam pa las ngo bo nyid med pa nyid du bstan pa'i don de nyid sgrub pa'i thabs su /	277b	The master Nāgārjuna taught that conditioned phenomena are essenceless in all respects. In order to prove that, he says,
['BO_T04_D3859-2:277b-11']	chos gang slu ba de brdzun zhes //	chos gang slu ba de brdzun zhes //	277b	“Whatever phenomenon is deceptive, that is false,
['BO_T04_D3859-2:277b-12']	bcom ldan 'das kyis de skad gsungs //	bcom ldan 'das kyis de skad gsungs //	277b	the Bhagavat has said.”
['BO_T04_D3859-2:277b-13']	'du byed thams cad slu ba'i chos //	'du byed thams cad slu ba'i chos //	277b	All conditioned phenomena are deceptive phenomena.
['BO_T04_D3859-2:277b-14']	des na de dag brdzun pa yin //	des na de dag brdzun pa yin //	277b	Therefore, they are false.
['BO_T04_D3859-2:277b-15']	zhes bya ba tshig le'ur byas pa 'di gsungs so zhes bya bar sbyar te 'dus byas slu ba gang yin pa de ni brdzun pa'o zhes /	zhes bya ba tshig le'ur byas pa 'di gsungs so zhes bya bar sbyar te 'dus byas slu ba gang yin pa de ni brdzun pa'o zhes /	277b	This is the verse that he spoke.🔽The Lord has said that whatever is compounded is false and deceptive.
['BO_T04_D3859-2:277b-16']	bcom ldan 'das kyis de skad gsungs te gang gi phyir 'du byed rnams slu ba'i chos yin pa de'i phyir des na 'du byed de dag brdzun pa yin te /	bcom ldan 'das kyis de skad gsungs te gang gi phyir 'du byed rnams slu ba'i chos yin pa de'i phyir des na 'du byed de dag brdzun pa yin te /	277b	Because compounded phenomena are deceptive phenomena, therefore they are false,
['BO_T04_D3859-2:277b-17', 'BO_T04_D3859-2:277b-18']	ngo bo nyid med pa nyid yin no //🔽sngar bstan bcos mdzad pas dngos po thams cad ngo bo nyid med pa nyid du dam bcas pa la gzhan dag na re 'du byed rnams don dam par rdzas su yod pa yin te /	ngo bo nyid med pa nyid yin no // sngar bstan bcos mdzad pas dngos po thams cad ngo bo nyid med pa nyid du dam bcas pa la gzhan dag na re 'du byed rnams don dam par rdzas su yod pa yin te /	277b	they are essenceless.🔽Earlier, the author of the treatise committed himself to the position that all things are essenceless.
['BO_T04_D3859-2:277b-19']	mi sru ba'i phyir ro zhes sun 'byin pa de'i lan du 'dir 'dus byas slu ba gang yin pa de ni brdzun pa'o zhes /	mi sru ba'i phyir ro zhes sun 'byin pa de'i lan du 'dir 'dus byas slu ba gang yin pa de ni brdzun pa'o zhes /	277b	In response to the opponent’s refutation, “Compounded phenomena exist substantially ultimately because they are objects of knowledge,” here, in response to the opponent’s refutation, “Compounded phenomena are false,”🔽the author of the treatise explains, “The Lord has said that whatever is compounded is false and deceptive.”
['BO_T04_D3859-2:277b-20']	bcom ldan 'das kyis de skad gsungs so zhes bshad pa ni sun 'byin pa'i lan btab pa yin la /	bcom ldan 'das kyis de skad gsungs so zhes bshad pa ni sun 'byin pa'i lan btab pa yin la /	277b	This is the response to the refutation.
['BO_T04_D3859-2:277b-21']	ci'i phyir ro 'dus byas brdzun pa yin zhe na /	ci'i phyir ro 'dus byas brdzun pa yin zhe na /	277b	Why are compounded phenomena false?
['BO_T04_D3859-2:278a-0']	gang gi @278a * //	gang gi @278a * //	278a	Because all formations are deceptive phenomena, therefore those formations are false.
['BO_T04_D3859-2:278a-1']	phyir 'du byed thams cad slu ba'i chos yin pa de'i phyir des na 'du byed de dag brdzun pa yin no zhes rjes su dpag pa 'og nas ston pa de dag ni rang dbang du rjes su dpag pa yin te /	phyir 'du byed thams cad slu ba'i chos yin pa de'i phyir des na 'du byed de dag brdzun pa yin no zhes rjes su dpag pa 'og nas ston pa de dag ni rang dbang du rjes su dpag pa yin te /	278a	The subsequent inferences that will be taught are autonomous inferences.🔽The power that arises from the response to the refutation and the autonomous inference is the method.
['BO_T04_D3859-2:278a-2']	de ltar sun 'byin pa'i lan btab pa dang / rang dbang du rjes su dpag pa las mthu gang dag skyes pa'i rnam pa de dag gis 'du byed rnams rnam pa las ngo bo nyid med pa nyid du bstan pa de kho na'i don de rtogs par 'gyur ba ni thabs dang thams las byung ba'i 'bras bur	de ltar sun 'byin pa'i lan btab pa dang / rang dbang du rjes su dpag pa las mthu gang dag skyes pa'i rnam pa de dag gis 'du byed rnams rnam pa las ngo bo nyid med pa nyid du bstan pa de kho na'i don de rtogs par 'gyur ba ni thabs dang thams las byung ba'i 'bras bur	278a	The result that arises from the method is the realization of the meaning of the teaching that formations lack entityness in terms of their nature.
['BO_T04_D3859-2:278a-3']	'brel pa yin par ston to //	'brel pa yin par ston to //	278a	The result is related to the method.
['BO_T04_D3859-2:278a-4', 'BO_T04_D3859-2:278a-5']	de la 'dir 'dus byas zhes bya ba ni chos can yin /🔽brdzun pa zhes bya ba ni bsgrub par bya ba chos yin /	de la 'dir 'dus byas zhes bya ba ni chos can yin / brdzun pa zhes bya ba ni bsgrub par bya ba chos yin /	278a	Here, “conditioned” is the subject.🔽“False” is the property of the thesis.
['BO_T04_D3859-2:278a-6']	slu ba'i chos zhes bya ba ni sgrub pa'i chos yin /	slu ba'i chos zhes bya ba ni sgrub pa'i chos yin /	278a	“Deceptive phenomena” is the proving property.
['BO_T04_D3859-2:278a-7']	sgyu ma mkhan gyis sprul pa'i bud med kyi lus la sogs pa dag ni dpe yin par ston te /	sgyu ma mkhan gyis sprul pa'i bud med kyi lus la sogs pa dag ni dpe yin par ston te /	278a	The body of a woman conjured up by a magician, etc., are the examples.
['BO_T04_D3859-2:278a-8']	de la re zhig brdzun pa zhes bya ba'i tshig gi don bstan pa'i phyir brdzun pa zhes bya ba ni log pa'i shes pas dmigs par bya ba yin pa'i phyir dang / byis pa'i skye bo dag la sogs pa'i tshul gyis 'drid pa'i phyir ro zhes bya ba smras te /	de la re zhig brdzun pa zhes bya ba'i tshig gi don bstan pa'i phyir brdzun pa zhes bya ba ni log pa'i shes pas dmigs par bya ba yin pa'i phyir dang / byis pa'i skye bo dag la sogs pa'i tshul gyis 'drid pa'i phyir ro zhes bya ba smras te /	278a	To explain the meaning of the term “false,” he says, “because it is the object perceived by a false cognition and because it deceives childish beings, etc.”
['BO_T04_D3859-2:278a-9']	gang gi phyir 'dus byas ni log pa brdzun pa'i shes pas dmigs par bya ba yin gyi yang dag pa'i shes pa don dam pa las dmigs par bya ba ma yin pa'i phyir brdzun pa zhes bya'o //	gang gi phyir 'dus byas ni log pa brdzun pa'i shes pas dmigs par bya ba yin gyi yang dag pa'i shes pa don dam pa las dmigs par bya ba ma yin pa'i phyir brdzun pa zhes bya'o //	278a	Because conditioned phenomena are the objects perceived by false, deceptive cognition, and not the objects perceived by a true cognition that is ultimate, they are called “false.”
['BO_T04_D3859-2:278a-10']	yang na 'dus byas ni byis pa'i skye bo 'drid pa'i phyir brdzun pa zhes bya'o //	yang na 'dus byas ni byis pa'i skye bo 'drid pa'i phyir brdzun pa zhes bya'o //	278a	Alternatively, conditioned phenomena are called “false” because they deceive childish beings.
['BO_T04_D3859-2:278a-11']	ji ltar 'drid ce na /	ji ltar 'drid ce na /	278a	How do they deceive?
['BO_T04_D3859-2:278a-12']	bdag la sogs pa'i tshul gyis 'dod pa'i phyir te /	bdag la sogs pa'i tshul gyis 'dod pa'i phyir te /	278a	Because they are desired in the manner of a self, etc.
['BO_T04_D3859-2:278a-13']	gang gi phyir byis pa rnams kyis bdag dang gtsang ba dang rtag pa dang bde bar dmigs pa de'i phyir byis pa'i skye bo 'drid pas brdzun pa zhes bya'o //	gang gi phyir byis pa rnams kyis bdag dang gtsang ba dang rtag pa dang bde bar dmigs pa de'i phyir byis pa'i skye bo 'drid pas brdzun pa zhes bya'o //	278a	Because fools perceive a self, purity, permanence, and pleasure, therefore, the childish are deceived by that which is false.
['BO_T04_D3859-2:278a-14']	slu ba zhes bya ba ni dran pa la sogs pa don dam pa'i yul can dag rab tu slu ba'i rgyu yin pa'i phyir ro zhes bya ba ni 'dus byas ni dran pa dang / shes pa dang / bsgom pa dang / ting nge 'dzin la sogs pa nyon mongs pa spong ba gang dag la don dam pa'i yul yod pa'i dran pa la sogs pa'i don dam pa'i yul can dag rab tu slu ba'i rgyu yin pa'i phyir slu ba'i chos zhes bya'o //	slu ba zhes bya ba ni dran pa la sogs pa don dam pa'i yul can dag rab tu slu ba'i rgyu yin pa'i phyir ro zhes bya ba ni 'dus byas ni dran pa dang / shes pa dang / bsgom pa dang / ting nge 'dzin la sogs pa nyon mongs pa spong ba gang dag la don dam pa'i yul yod pa'i dran pa la sogs pa'i don dam pa'i yul can dag rab tu slu ba'i rgyu yin pa'i phyir slu ba'i chos zhes bya'o //	278a	Deceptive means that memory, etc., which have ultimate objects, are the cause of complete deception. That is to say, conditioned entities are the cause of complete deception for memory, knowledge, meditation, concentration, etc., which have ultimate objects and which abandon the defilements. Therefore, they are called deceptive phenomena.
['BO_T04_D3859-2:278a-15']	de la brdzun pa zhes bya ba ni bstan pa'i tshig yin la /	de la brdzun pa zhes bya ba ni bstan pa'i tshig yin la /	278a	Here, false is a term that indicates.
['BO_T04_D3859-2:278a-16']	slu ba zhes bya ba ni bshad pa'i tshig yin no zhes bya ba ni bsgrub par bya ba chos dang / sgrub pa'i chos yin par go rims bzhin du sbyar ro //	slu ba zhes bya ba ni bshad pa'i tshig yin no zhes bya ba ni bsgrub par bya ba chos dang / sgrub pa'i chos yin par go rims bzhin du sbyar ro //	278a	The word “deceptive” is the predicate of the probandum, and the word “false” is the reason.🔽Who said this?🔽The Bhagavān said this.
['BO_T04_D3859-2:278a-17']	de skad sus gang du gsungs she na /	de skad sus gang du gsungs she na /	278a	The word “this” refers to the proximate object of reference.🔽The Bhagavān said this in the sūtras.🔽The word “this” refers to the proximate object of reference.🔽The Bhagavān said this in the sūtras.🔽The word “this” refers to the proximate object of reference.
['BO_T04_D3859-2:278a-18']	bcom ldan 'das kyis de skad gsungs zhes bya ba ni mdo sde las so zhes bya ba smras so //	bcom ldan 'das kyis de skad gsungs zhes bya ba ni mdo sde las so zhes bya ba smras so //	278a	The Bhagavān said this in the sūtras.🔽The word “this” refers to the proximate object of reference.🔽The Bhagavān said this in the sūtras.
['BO_T04_D3859-2:278b-0']	de skad ces bya ba'i sgra ni nye @278b bar bstan pa'i don to zhes bya ba ni /	de skad ces bya ba'i sgra ni nye @278b bar bstan pa'i don to zhes bya ba ni /	278b	The word “this” refers to the proximate object of reference.🔽The Bhagavān said this in the sūtras.🔽The word “this” refers to the proximate object of reference.🔽The Bhagavān said this in the sūtras.🔽The word “this” refers to the proximate object of reference.
['BO_T04_D3859-2:278b-1']	bcom ldan 'das kyis mdo sde las 'di skad gsungs pa dngos nye bar mtshon pa'i don to //	bcom ldan 'das kyis mdo sde las 'di skad gsungs pa dngos nye bar mtshon pa'i don to //	278b	The Bhagavān said this in the sūtras.
['BO_T04_D3859-2:278b-2']	de nyid bstan pa'i phyir /	de nyid bstan pa'i phyir /	278b	The word “this” refers to the proximate object of reference.🔽The Bhagavān said this in the sūtras.🔽The word “this” refers to the proximate object of reference.🔽The Bhagavān said this in the sūtras.🔽The word “this” refers to the proximate object of reference.🔽The Bhagavān said this in the sūtras.🔽The word “this” refers to the proximate object of reference.
['BO_T04_D3859-2:278b-3']	bcom ldan 'das kyis mdo sde las ji skad gsungs she na /	bcom ldan 'das kyis mdo sde las ji skad gsungs she na /	278b	The Bhagavān said this in the sūtras.🔽The word “this” refers to the proximate object of reference.🔽The Bhagavān said this in the sūtras.🔽The word “this” refers to the proximate object of reference.🔽The Bhagavān said this in the sūtras.🔽The word “this” refers to the proximate object of reference.🔽The Bhagavān said this in the sūtras.
['BO_T04_D3859-2:278b-4']	nyan thos kyi theg pa las kyang 'di lta ste /	nyan thos kyi theg pa las kyang 'di lta ste /	278b	The word “this” refers to the proximate object of reference.🔽The Bhagavān said this in the sūtras.🔽The word “this” refers to the proximate object of reference.🔽The Bhagavān said this in the sūtras.🔽The word “this” refers to the proximate object of reference.🔽The Bhagavān said this in the sūtras.
['BO_T04_D3859-2:278b-5']	'dus byas gang yin pa de ni brdzun pa slu ba'i chos so ;	'dus byas gang yin pa de ni brdzun pa slu ba'i chos so ;	278b	The word “this” refers to the proximate object of reference.🔽The Bhagavān said
['BO_T04_D3859-2:278b-6']	/ dge slong dag 'di lta ste mi slu ba'i chos mya ngan las 'das pa de ni bden pa'i mchog go //	/ dge slong dag 'di lta ste mi slu ba'i chos mya ngan las 'das pa de ni bden pa'i mchog go //	278b	“Monks, it is thus: that which is the supreme truth, nirvana, is non-deceptive.
['BO_T04_D3859-2:278b-7']	'dus byas de ni slu ba'i chos kyang yin de ni rab tu 'jig pa'i chos kyang yin no zhes kyang gsungs la /	'dus byas de ni slu ba'i chos kyang yin de ni rab tu 'jig pa'i chos kyang yin no zhes kyang gsungs la /	278b	That which is compounded is deceptive and is subject to destruction.”
['BO_T04_D3859-2:278b-8']	theg pa chen po las /	theg pa chen po las /	278b	And in the Mahayana scriptures it says:
['BO_T04_D3859-2:278b-9']	rab 'byor ji tsam du 'dus byas pa de tsam du brdzun la ji tsam du 'dus ma byas pa de tsam du mi brdzun no zhes gsungs so zhes bya ba smras te /	rab 'byor ji tsam du 'dus byas pa de tsam du brdzun la ji tsam du 'dus ma byas pa de tsam du mi brdzun no zhes gsungs so zhes bya ba smras te /	278b	“Subhuti, to the extent that something is compounded, to that extent it is false. To the extent that something is uncompounded, to that extent it is not false.”
['BO_T04_D3859-2:278b-10']	de dag gis ni phyogs gnyi ga la grags pa'i lung gi khungs kyis 'dus byas ni slu ba'i chos can yin pa'i phyir brdzun pa yin la /	de dag gis ni phyogs gnyi ga la grags pa'i lung gi khungs kyis 'dus byas ni slu ba'i chos can yin pa'i phyir brdzun pa yin la /	278b	They say that because compounded phenomena are deceptive, they are false.
['BO_T04_D3859-2:278b-11']	'dus ma byas ni mi slu ba'i phyir bden pa'i mchog yin par bstan to //	'dus ma byas ni mi slu ba'i phyir bden pa'i mchog yin par bstan to //	278b	And because uncompounded phenomena are non-deceptive, they are the supreme truth.
['BO_T04_D3859-2:278b-12']	de'i phyir de ltar phyogs gnyi ga la grags pa'i lung dag yod pa'i phyir /	de'i phyir de ltar phyogs gnyi ga la grags pa'i lung dag yod pa'i phyir /	278b	Therefore, because there are scriptures that are accepted by both sides,
['BO_T04_D3859-2:278b-13']	'du byed thams cad slu ba'i chos /	'du byed thams cad slu ba'i chos /	278b	all compounded phenomena are deceptive phenomena.
['BO_T04_D3859-2:278b-14']	'dis ni 'du byed kyi chos ni slu ba'i chos nyid yin par bstan to zhes bya ba ni tshig le'ur byas pa'i rtsa ba 'dis ni 'du byed gang yin pa de brdzun pa nyid du bsgrub pa'i chos gtan tshigs ni slu ba'i chos nyid yin par bstan te	'dis ni 'du byed kyi chos ni slu ba'i chos nyid yin par bstan to zhes bya ba ni tshig le'ur byas pa'i rtsa ba 'dis ni 'du byed gang yin pa de brdzun pa nyid du bsgrub pa'i chos gtan tshigs ni slu ba'i chos nyid yin par bstan te	278b	This shows that conditioned phenomena are deceptive by nature.🔽This root verse shows that the reason that proves that whatever is conditioned is false is that it is deceptive by nature.
['BO_T04_D3859-2:278b-15']	/ slu ba'i chos yin pa'i phyir brdzun pa yin no zhes bya bar sbyar ro //	/ slu ba'i chos yin pa'i phyir brdzun pa yin no zhes bya bar sbyar ro //	278b	The word “deceptive” is applied to the reason, “because they are deceptive phenomena,” and the predicate, “they are false.”
['BO_T04_D3859-2:278b-16']	des na de dag brdzun pa yin //	des na de dag brdzun pa yin //	278b	Therefore they are false.
['BO_T04_D3859-2:278b-17', 'BO_T04_D3859-2:278b-18']	zhes bya ba ni ngo bo nyid med pa'i phyir te /🔽de ni mjug bsdu ba'i tshig yin no zhes bya bas ni slu ba'i chos yin pa'i gtan tshigs des na 'du byed de dag brdzun pa yin te /	zhes bya ba ni ngo bo nyid med pa'i phyir te / de ni mjug bsdu ba'i tshig yin no zhes bya bas ni slu ba'i chos yin pa'i gtan tshigs des na 'du byed de dag brdzun pa yin te /	278b	This is because they lack an essence.🔽This is the concluding statement.
['BO_T04_D3859-2:278b-19']	ngo bo nyid med pa'i phyir ro zhes nye bar sbyar ba'i sbyor ba dang / mjug bsdu ba bstan to //	ngo bo nyid med pa'i phyir ro zhes nye bar sbyar ba'i sbyor ba dang / mjug bsdu ba bstan to //	278b	This shows the application of the reason, “because they are deceptive phenomena,” and the conclusion, “therefore those conditioned phenomena are false because they lack an essence.”
['BO_T04_D3859-2:278b-20']	'dir sbyor ba'i tshig ni don dam par nang gi dngos po rnams ni ngo bo nyid stong pa yin te /	'dir sbyor ba'i tshig ni don dam par nang gi dngos po rnams ni ngo bo nyid stong pa yin te /	278b	The words of the syllogism are as follows: “The inner entities are ultimately empty of essence because they are deceptive phenomena.”
['BO_T04_D3859-2:278b-21']	slu ba'i chos yin pa'i phyir dper na sgyu ma mkhan gyis sbrul pa'i bud med kyi lus bzhin no zhes bya ba dag ni chos can dang / bsgrub par bya ba chos dang / sgrub pa'i chos dang / dpe yin par go rims bzhin du sbyar te /	slu ba'i chos yin pa'i phyir dper na sgyu ma mkhan gyis sbrul pa'i bud med kyi lus bzhin no zhes bya ba dag ni chos can dang / bsgrub par bya ba chos dang / sgrub pa'i chos dang / dpe yin par go rims bzhin du sbyar te /	278b	The subject is “all internal things,” the predicate is “are empty of essence,” and the example is “because they are deceptive phenomena, like the body of a woman conjured up by a magician.”
['BO_T04_D3859-2:278b-22']	dper na sgyu ma mkhan gyis sprul pa'i bud med kyi lus ni slu ba'i chos yin pa'i phyir ngo bo nyid stong pa de bzhin du nang gi dngos po rnams kyang slu ba'i chos yin pa'i phyir ngo bo nyid stong pa yin no //	dper na sgyu ma mkhan gyis sprul pa'i bud med kyi lus ni slu ba'i chos yin pa'i phyir ngo bo nyid stong pa de bzhin du nang gi dngos po rnams kyang slu ba'i chos yin pa'i phyir ngo bo nyid stong pa yin no //	278b	Just as the body of a woman conjured up by a magician is empty of essence because it is a deceptive phenomenon, so all internal things are empty of essence because they are deceptive phenomena.
['BO_T04_D3859-2:278b-23']	'dir kha cig gis smras pa /	'dir kha cig gis smras pa /	278b	Here, someone might say,
['BO_T04_D3859-2:279a-0']	'di ltar sangs rgyas pa dag ni yan lag gsum smra ba yin pas de'i phyir nye bar sbyar @279a * //	'di ltar sangs rgyas pa dag ni yan lag gsum smra ba yin pas de'i phyir nye bar sbyar @279a * //	279a	“Since Buddhists maintain the three parts of a reason, the application of the example is incorrect.”
['BO_T04_D3859-2:279a-1']	ba dang mjug bsdu ba'i tshig dag mi rigs so zhes bya ba ni sangs rgyas pa dag gis rjes su dpag pa'i yan lag lnga bo phyogs dang / gtan tshigs dang / dpe dang / nye bar sbyar ba dang / mjug bsdu ba dag las nye bar sbyar ba dang /	ba dang mjug bsdu ba'i tshig dag mi rigs so zhes bya ba ni sangs rgyas pa dag gis rjes su dpag pa'i yan lag lnga bo phyogs dang / gtan tshigs dang / dpe dang / nye bar sbyar ba dang / mjug bsdu ba dag las nye bar sbyar ba dang /	279a	The statement “The words of application and conclusion are illogical” means that the Buddhist refutes the two, application and conclusion, from among the five parts of inference, namely, the subject, the reason, the example, the application and the conclusion.
['BO_T04_D3859-2:279a-2']	mjug bsdu ba gnyis sun phyung ste yan lag lhag ma gsum khas blangs pas de'i phyir yan lag lngar smra ba dag gis 'dir /	mjug bsdu ba gnyis sun phyung ste yan lag lhag ma gsum khas blangs pas de'i phyir yan lag lngar smra ba dag gis 'dir /	279a	Since he accepts the remaining three parts, he is a proponent of five parts.
['BO_T04_D3859-2:279a-3']	sangs rgyas pas nye bar sbyar ba dang mjug bsdu ba'i tshig smos pa de dag mi bzod pas de skad zer ro //	sangs rgyas pas nye bar sbyar ba dang mjug bsdu ba'i tshig smos pa de dag mi bzod pas de skad zer ro //	279a	Therefore, he says that the words of application and conclusion that the Buddhist uses are unacceptable.
['BO_T04_D3859-2:279a-4']	de skad ces zer ba de'i lan du 'dir 'grel pa byed pa nyid kyis /	de skad ces zer ba de'i lan du 'dir 'grel pa byed pa nyid kyis /	279a	In response to that, the author of the commentary says:
['BO_T04_D3859-2:279a-5']	de ni bzang po ma yin te 'di ltar nye bar sbyar ba dang / mjug bsdu ba dag yan lag gzhan nyid du mi 'dod med kyi /	de ni bzang po ma yin te 'di ltar nye bar sbyar ba dang / mjug bsdu ba dag yan lag gzhan nyid du mi 'dod med kyi /	279a	That is not good, because we do not assert that application and conclusion are different parts.
['BO_T04_D3859-2:279a-6']	de dag sbyar bar mi bya ba ni ma yin no zhes bya ba la sogs pa smras te /	de dag sbyar bar mi bya ba ni ma yin no zhes bya ba la sogs pa smras te /	279a	But it is not that they should not be applied.
['BO_T04_D3859-2:279a-7']	kho bo cag sangs rgyas pa dag nye bar sbyar ba dang / mjug bsdu ba dag yan lag gsum po phyogs dang / gtan tshigs dang / dpe de dag las gzhan nyid du mi 'dod pas yan lag lngar ni mi smya mod kyi 'on kyang nye bar sbyar ba dang /	kho bo cag sangs rgyas pa dag nye bar sbyar ba dang / mjug bsdu ba dag yan lag gsum po phyogs dang / gtan tshigs dang / dpe de dag las gzhan nyid du mi 'dod pas yan lag lngar ni mi smya mod kyi 'on kyang nye bar sbyar ba dang /	279a	We Buddhists do not assert that the application and conclusion are different from the three members, the position, reason and example, and therefore we do not say that there are five members.
['BO_T04_D3859-2:279a-8']	mjug bsdu ba dag sbyar bar mi bya ba ni ma yin pas kho bo cag gis nye bar sbyar ba dang mjug bsdu ba'i tshig dag byas pa mi rigs pa ma yin no //	mjug bsdu ba dag sbyar bar mi bya ba ni ma yin pas kho bo cag gis nye bar sbyar ba dang mjug bsdu ba'i tshig dag byas pa mi rigs pa ma yin no //	279a	But it is not that the application and conclusion should not be applied, and therefore it is not incorrect for us to use the words application and conclusion.
['BO_T04_D3859-2:279a-9']	gzhan du na zhes bya bas ni gal te nye bar sbyar ba dang / mjug bsdu ba dag ma smos na sbyor ba gang la gtan tshigs ma smos par chos mthun pa'i dpe dang chos mi mthun pa'i dpe nyi tshe yod pa de dag la dam bcas pa'i gtan tshigs gyi  don gsal bar mi 'gyur bas de dag la nye bar	gzhan du na zhes bya bas ni gal te nye bar sbyar ba dang / mjug bsdu ba dag ma smos na sbyor ba gang la gtan tshigs ma smos par chos mthun pa'i dpe dang chos mi mthun pa'i dpe nyi tshe yod pa de dag la dam bcas pa'i gtan tshigs gyi  don gsal bar mi 'gyur bas de dag la nye bar	279a	Otherwise indicates that if the application and the conclusion were not mentioned, then in whatever application where the reason is not mentioned, only the concordant example and the discordant example exist, and since the meaning of the reason of the thesis would not be clearly stated, it is necessary to apply the application and the conclusion to those.
['BO_T04_D3859-2:279a-10']	sbyar ba dang mjug bsdu bdag sbyar bar bya dgos par ston to //	sbyar ba dang mjug bsdu bdag sbyar bar bya dgos par ston to //	279a	This is taught.
['BO_T04_D3859-2:279a-11']	de la sbyor ba gang la chos mthun pa'i dpe nyi tshe yod pa la nye bar sbyar ba dang / mjug bsdu ba dag ma sbyar ba dam bcas pa'i gtan tshigs kyi don gsal bar mi 'gyur bar bstan pa'i phyir /	de la sbyor ba gang la chos mthun pa'i dpe nyi tshe yod pa la nye bar sbyar ba dang / mjug bsdu ba dag ma sbyar ba dam bcas pa'i gtan tshigs kyi don gsal bar mi 'gyur bar bstan pa'i phyir /	279a	In order to demonstrate that in whatever application where only the concordant example exists, if the application and the conclusion are not applied, the meaning of the reason of the thesis will not be clearly stated, it is said:
['BO_T04_D3859-2:279a-12']	gang la chos mthun pa'i dpe nyi tshe yod pa la sgra ni mi rtag ste byas pa'i phyir ro //	gang la chos mthun pa'i dpe nyi tshe yod pa la sgra ni mi rtag ste byas pa'i phyir ro //	279a	Whatever has only a concordant example, like sound, is impermanent because it is produced.
['BO_T04_D3859-2:279a-13']	byas pa ni mi rtag par mthong ste /	byas pa ni mi rtag par mthong ste /	279a	That which is produced is seen to be impermanent,
['BO_T04_D3859-2:279a-14']	dper na bum pa bzhin no /	dper na bum pa bzhin no /	279a	like, for example, a pot.
['BO_T04_D3859-2:279a-15']	sgra yang de bzhin pas de ltar byas pa'i phyir mi rtag go zhes bya ba dag la dam bcas pa'i gtan tshigs kyi don ji ltar gsal bar 'gyur zhes bya ba smras te /	sgra yang de bzhin pas de ltar byas pa'i phyir mi rtag go zhes bya ba dag la dam bcas pa'i gtan tshigs kyi don ji ltar gsal bar 'gyur zhes bya ba smras te /	279a	In that syllogism, the meaning of the statement of the reason is not clear.
['BO_T04_D3859-2:279a-16', 'BO_T04_D3859-2:279a-17']	sbyor ba gang la chos mthun pa'i dpe nyi tshe yod pa 'di lta ste sgra ni mi rtag ste /🔽dper na bum pa bzhin no zhes bya ba lta bu de la ni nye bar sbyar bas sgra ni mi rtag ste byas pa'i phyir ro //	sbyor ba gang la chos mthun pa'i dpe nyi tshe yod pa 'di lta ste sgra ni mi rtag ste / dper na bum pa bzhin no zhes bya ba lta bu de la ni nye bar sbyar bas sgra ni mi rtag ste byas pa'i phyir ro //	279a	In a syllogism that has only a concordant example, such as “The subject, sound, is impermanent
['BO_T04_D3859-2:279b-0', 'BO_T04_D3859-2:279b-1']	byas pa ni mi rtag @279b par mthong ste /🔽dper na bum pa bzhin no //	byas pa ni mi rtag @279b par mthong ste / dper na bum pa bzhin no //	279b	because of being produced,” the meaning of the statement of the reason is clear.🔽In that syllogism, the meaning of the statement of the reason is clear because the meaning of the statement of the reason is stated in the proof statement, “The subject, sound, is impermanent because of being produced.”
['BO_T04_D3859-2:279b-2']	sgra yang de bzhin pas zhes nye bar sbyar ba'i sbyor ba yang byas la mjug bsdu bas de ltar byas pa'i phyir mi rtag go zhes mjug bsdus na dam bcas pa'i gtan tshigs kyi don gsal bar 'gyur gyi /	sgra yang de bzhin pas zhes nye bar sbyar ba'i sbyor ba yang byas la mjug bsdu bas de ltar byas pa'i phyir mi rtag go zhes mjug bsdus na dam bcas pa'i gtan tshigs kyi don gsal bar 'gyur gyi /	279b	The meaning of the statement of the reason is stated in the proof statement, “The subject, sound, is impermanent because of being produced,” because the meaning of the statement of the reason is stated in the proof statement, “The subject, sound, is impermanent because of being produced.”🔽In a syllogism that has only a concordant example, such as “The subject, sound, is impermanent because of being produced,” the meaning of the statement of the reason is clear because the meaning of the statement of the reason is stated in the proof statement, “The subject, sound, is impermanent because of being produced.”🔽In a syllogism that has only a concordant example, such as “The subject, sound, is impermanent because of being produced,” the meaning of the statement of the reason is clear because the meaning of the statement of the reason is stated in the proof statement, “The subject, sound, is impermanent because of being produced.”
['BO_T04_D3859-2:279b-3']	de la nye bar sbyar ba dang / mjug bsdu ba'i tshig dag ma sbyar na dam bcas pa'i gtan tshigs kyi don ji ltar gsal bar 'gyur te /	de la nye bar sbyar ba dang / mjug bsdu ba'i tshig dag ma sbyar na dam bcas pa'i gtan tshigs kyi don ji ltar gsal bar 'gyur te /	279b	If the words “in the same way” and “in all ways” are not applied, how can the meaning of the proof statement be clarified?
['BO_T04_D3859-2:279b-4']	de bas na sbyor ba gang la chos mthun pa'i dpe nyi tshe yod pa la nye bar sbyar ba dang / mjug bsdu ba'i tshig dag sbyar bar bya dgos so //	de bas na sbyor ba gang la chos mthun pa'i dpe nyi tshe yod pa la nye bar sbyar ba dang / mjug bsdu ba'i tshig dag sbyar bar bya dgos so //	279b	Therefore, in any syllogism where there is only a similar example, the words “in the same way” and “in all ways” must be applied.
['BO_T04_D3859-2:279b-5']	de bzhin du sbyor ba gang la chos mi mthun pa'i dpe nyi tshe yod pa la yang nye bar sbyar ba dang mjug bsdu ba dag ma sbyar na dam bcas pa'i gtan tshigs kyi don gsal bar mi 'gyur bar bstan pa'i phyir de bzhin du gang la chos	de bzhin du sbyor ba gang la chos mi mthun pa'i dpe nyi tshe yod pa la yang nye bar sbyar ba dang mjug bsdu ba dag ma sbyar na dam bcas pa'i gtan tshigs kyi don gsal bar mi 'gyur bar bstan pa'i phyir de bzhin du gang la chos	279b	In the same way, in any syllogism where there is only a dissimilar example, if the words “in the same way” and “in all ways” are not applied, the meaning of the proof statement will not be clarified. To demonstrate this, the text says, “In the same way, in any syllogism where there is only a dissimilar example . . .”
['BO_T04_D3859-2:279b-6']	mi mthun pa'i dpe nyi tshe yod pa la sgra me rtag ste byas pa'i phyir ro //	mi mthun pa'i dpe nyi tshe yod pa la sgra me rtag ste byas pa'i phyir ro //	279b	The syllogism is: “The sound of a conch is permanent because it is produced.”
['BO_T04_D3859-2:279b-7']	ma byas pa ni rtag par mthong ste dper na nam mkha' bzhin no //	ma byas pa ni rtag par mthong ste dper na nam mkha' bzhin no //	279b	“That which is not produced is seen to be permanent, like space.”
['BO_T04_D3859-2:279b-8']	sgra ni de ltar ma byas pa ma yin te /	sgra ni de ltar ma byas pa ma yin te /	279b	“The sound of a conch is not like that; it is not unproduced.”
['BO_T04_D3859-2:279b-9']	de ltar byas pa'i phyir mi rtag go zhes bya ba dag la dam bcas pa'i gtan tshigs gyi don ji ltar gsal bar 'gyur zhes bya ba smras te /	de ltar byas pa'i phyir mi rtag go zhes bya ba dag la dam bcas pa'i gtan tshigs gyi don ji ltar gsal bar 'gyur zhes bya ba smras te /	279b	Thus, how could the meaning of the reason that is the thesis “because it is produced” be clarified?🔽In a syllogism where there is only an example that is dissimilar to the subject, as in the case of the syllogism “The subject, sound, is impermanent because of being produced,” the meaning of the reason that is the thesis is clarified by the application and the conclusion.
['BO_T04_D3859-2:279b-10']	sbyor ba gang la chos mi mthun pa'i dpe nyi tshe yod pa 'di lta ste sgra ni mi rtag ste dper na nam mkha' rtag pa lta bu ma yin no zhes bya ba lta bu de la yang nye bar sbyar bas sgra ni mi rtag ste byas pa'i	sbyor ba gang la chos mi mthun pa'i dpe nyi tshe yod pa 'di lta ste sgra ni mi rtag ste dper na nam mkha' rtag pa lta bu ma yin no zhes bya ba lta bu de la yang nye bar sbyar bas sgra ni mi rtag ste byas pa'i	279b	The application is “Sound is impermanent because of being produced.
['BO_T04_D3859-2:279b-11']	phyir ro // ma byas pa ni rtag par mthong ste /	phyir ro // ma byas pa ni rtag par mthong ste /	279b	That which is not produced is seen to be permanent,
['BO_T04_D3859-2:279b-12']	dper na nam mkha' bzhin no //	dper na nam mkha' bzhin no //	279b	like space.”
['BO_T04_D3859-2:279b-13']	sgra ni de ltar ma byas pa ma yin te byas pa yin pas zhes nye bar sbyar ba'i sbyor ba yang byas la /	sgra ni de ltar ma byas pa ma yin te byas pa yin pas zhes nye bar sbyar ba'i sbyor ba yang byas la /	279b	The application is “Sound is not like that, not being unproduced but being produced.”
['BO_T04_D3859-2:279b-14']	mjug bsdu bas de ltar byas pa'i phyir mi rtag go zhes mjug bsdus nas dam bcas pa'i gtan tshigs kyi don gsal bar 'gyur gyi /	mjug bsdu bas de ltar byas pa'i phyir mi rtag go zhes mjug bsdus nas dam bcas pa'i gtan tshigs kyi don gsal bar 'gyur gyi /	279b	The conclusion is “Because it is produced, it is impermanent.” Thus, the meaning of the reason that is the thesis is clarified by the conclusion.
['BO_T04_D3859-2:279b-15']	de la nye bar sbyar ba dang mjug bsdu ba'i tshig dag ma sbyar ba dam bcas pa'i gtan tshigs kyi don ji ltar gsal bar 'gyur te /	de la nye bar sbyar ba dang mjug bsdu ba'i tshig dag ma sbyar ba dam bcas pa'i gtan tshigs kyi don ji ltar gsal bar 'gyur te /	279b	How could the meaning of the thesis-statement be made clear without the words “in relation to” and “in conclusion”?
['BO_T04_D3859-2:279b-16', 'BO_T04_D3859-2:279b-17']	de bas na sbyor ba gang la chos mi mthun pa'i dpe nyi tshe yod pa la yang nye bar sbyar ba dang / mjug bsdu ba'i tshig dag sbyar bar bya dgos so //🔽de lta bu dang mthun pa'i don gyi tshig dag la dam bcas pa'i gtan tshigs kyi don ji ltar gsal bar 'gyur zhes bya ba ni sbyor ba gang la chos mthun pa'i dpe'am /	de bas na sbyor ba gang la chos mi mthun pa'i dpe nyi tshe yod pa la yang nye bar sbyar ba dang / mjug bsdu ba'i tshig dag sbyar bar bya dgos so // de lta bu dang mthun pa'i don gyi tshig dag la dam bcas pa'i gtan tshigs kyi don ji ltar gsal bar 'gyur zhes bya ba ni sbyor ba gang la chos mthun pa'i dpe'am /	279b	Therefore, in any syllogism in which there is only an example that is similar to the predicate, the words “in relation to” and “in conclusion” must be supplied.🔽How could the meaning of the thesis-statement be made clear in a syllogism in which there are only words that have a meaning that is similar to that?
['BO_T04_D3859-2:280a-0']	chos mi mthun pa'i dpe nyi tshe yod pa de lta bu dang mthun pa sbyor ba gang la dam bcas pa'i don gyi tshig nyi tshe yod pa la gtan tshigs dngos su ma smos pa @280a * //	chos mi mthun pa'i dpe nyi tshe yod pa de lta bu dang mthun pa sbyor ba gang la dam bcas pa'i don gyi tshig nyi tshe yod pa la gtan tshigs dngos su ma smos pa @280a * //	280a	This means that in any syllogism in which there is only an example that is similar to the predicate, or only an example that is dissimilar to the predicate, or only words that have a meaning that is similar to the meaning of the thesis, the reason is not explicitly stated.
['BO_T04_D3859-2:280a-1']	dag la gal te nye bar sbyar ba dang mjug bsdu ba'i tshig dag ma smos na dam bcas pa'i gtan tshigs kyi don gsal bar mi 'gyur bas de dag la ni nye bar sbyar ba dang / mjug bsdu ba'i tshig dag sbyar bar bya dgos so //	dag la gal te nye bar sbyar ba dang mjug bsdu ba'i tshig dag ma smos na dam bcas pa'i gtan tshigs kyi don gsal bar mi 'gyur bas de dag la ni nye bar sbyar ba dang / mjug bsdu ba'i tshig dag sbyar bar bya dgos so //	280a	If the words of application and conclusion are not stated in regard to them, then the meaning of the thesis and reason would not be clear, so the words of application and conclusion must be added to them.
['BO_T04_D3859-2:280a-2', 'BO_T04_D3859-2:280a-3']	sbyor ba'i tshig dag la ni de dag mi dgos te /🔽don med pa'i phyir ro zhes bya bas ni sbyor ba'i tshig gang dag la yang yan lag gsum tshang bar yod pa 'di lta ste sgra ni mi rtag ste /	sbyor ba'i tshig dag la ni de dag mi dgos te / don med pa'i phyir ro zhes bya bas ni sbyor ba'i tshig gang dag la yang yan lag gsum tshang bar yod pa 'di lta ste sgra ni mi rtag ste /	280a	But they are not necessary in the words of the proof.🔽Because they are meaningless.
['BO_T04_D3859-2:280a-4']	byas pa'i phyir dper na bum pa bzhin no zhes bya ba lta bu dag la ni nye bar sbyar ba dang / mjug bsdu ba de dag mi dgos te /	byas pa'i phyir dper na bum pa bzhin no zhes bya ba lta bu dag la ni nye bar sbyar ba dang / mjug bsdu ba de dag mi dgos te /	280a	The words of the proof that have all three members complete, such as “Sound is impermanent because it is produced, like a pot,” do not need those words of application and conclusion.
['BO_T04_D3859-2:280a-5']	'di ltar gtan tshigs nyid kyi nye bar sbyar ba dang / mjug bsdu ba dag smos zin pas de dag smos pa don med pa'i phyir ro //	'di ltar gtan tshigs nyid kyi nye bar sbyar ba dang / mjug bsdu ba dag smos zin pas de dag smos pa don med pa'i phyir ro //	280a	Because the words of application and conclusion are already stated in the reason itself, it is meaningless to state them again.
['BO_T04_D3859-2:280a-6']	yan lag lngar smra ba dag na re yan lag gsum nyid du mi rigs te zhes bya ba la sogs pas ni yan lag lngar smra ba dag sangs rgyas pa yan lag gsum du smra bar mi rigs par sun 'byin pa'i gzhung ston te /	yan lag lngar smra ba dag na re yan lag gsum nyid du mi rigs te zhes bya ba la sogs pas ni yan lag lngar smra ba dag sangs rgyas pa yan lag gsum du smra bar mi rigs par sun 'byin pa'i gzhung ston te /	280a	The five-part argument is as follows: It is not logical to have only three parts, etc. This is the text of the refutation of the five-part argument that it is not logical for the Buddhist to have a three-part argument.
['BO_T04_D3859-2:280a-7']	de dag na re sbyor ba gang la sgra ni mi rtag ste byas pa'i phyir dper na bum pa bzhin no zhes yan lag gsum char tshang ba yod du zin kyang de la nye bar sbyar ba dang / mjug bsdu ba dag med na dam bcas pa'i gtan tshigs kyi don gsal bar mi 'gyur ro zhes zer ro //	de dag na re sbyor ba gang la sgra ni mi rtag ste byas pa'i phyir dper na bum pa bzhin no zhes yan lag gsum char tshang ba yod du zin kyang de la nye bar sbyar ba dang / mjug bsdu ba dag med na dam bcas pa'i gtan tshigs kyi don gsal bar mi 'gyur ro zhes zer ro //	280a	They say that even if the three parts are complete in the argument, “Sound is impermanent because it is produced, like a pot,” if the application and the conclusion are not there, the meaning of the thesis and the reason are not clearly stated.
['BO_T04_D3859-2:280a-8']	de'i phyir bsgrub par bya ba chos 'ba' zhig la gtan tshigs brjod na ni dpe la de med pa'i phyir thun mong ma yin pa nyid do zhes bya ba smras te /	de'i phyir bsgrub par bya ba chos 'ba' zhig la gtan tshigs brjod na ni dpe la de med pa'i phyir thun mong ma yin pa nyid do zhes bya ba smras te /	280a	Therefore, if the reason is stated only for the property of the thesis, it is not shared because it does not exist in the example.
['BO_T04_D3859-2:280a-9']	bsgrub par bya ba tshes ni sgra mi rtag ste zhes bya ba'o //	bsgrub par bya ba tshes ni sgra mi rtag ste zhes bya ba'o //	280a	The property of the thesis is “Sound is impermanent.”
['BO_T04_D3859-2:280a-10']	de 'ba' zhig la gtan tshigs byas pa'i phyir zhes bya ba de brjod na ni dpe bum pa zhes bya ba la sgra'i byas pa rkan dang mchu dang lce la sogs pas byas pa de med pa'i phyir gtan tshigs de bsgrub par bya ba chos dang dpe gnyi	de 'ba' zhig la gtan tshigs byas pa'i phyir zhes bya ba de brjod na ni dpe bum pa zhes bya ba la sgra'i byas pa rkan dang mchu dang lce la sogs pas byas pa de med pa'i phyir gtan tshigs de bsgrub par bya ba chos dang dpe gnyi	280a	If you say, “Because it is a reason that is only applied to that,” then the example, “like a pot,” is not established because the sound’s being produced by the palate, lips, tongue, and so on is not established.
['BO_T04_D3859-2:280a-11']	ga'i thun mong ma yin pa nyid yin pas des dam bcas pa'i gtan tshigs kyi don gsal bar mi 'gyur ro //	ga'i thun mong ma yin pa nyid yin pas des dam bcas pa'i gtan tshigs kyi don gsal bar mi 'gyur ro //	280a	Since that reason is not common to both the predicate and the example, it does not clarify the meaning of the thesis.
['BO_T04_D3859-2:280a-12']	de la nye bar sbyar bas 'di na gang byas pa ni mi rtag par mthong ste /	de la nye bar sbyar bas 'di na gang byas pa ni mi rtag par mthong ste /	280a	In that case, the application is, “Whatever is produced is seen to be impermanent.
['BO_T04_D3859-2:280a-13']	dper na bum pa 'jim pa dang dbyu gu dang 'khor lo la sogs pas byas pa mi rtag pa de bzhin du sgra yang rkan dang mchu dang lce la sogs pas byas pa'i phyir mi rtag pas zhes nye bar sbyar ba'i sbyor ba byas la /	dper na bum pa 'jim pa dang dbyu gu dang 'khor lo la sogs pas byas pa mi rtag pa de bzhin du sgra yang rkan dang mchu dang lce la sogs pas byas pa'i phyir mi rtag pas zhes nye bar sbyar ba'i sbyor ba byas la /	280a	For example, a pot, which is produced by clay, a stick, a wheel, and so on, is impermanent. Likewise, sound is impermanent because it is produced by the palate, lips, tongue, and so on.”
['BO_T04_D3859-2:280b-0', 'BO_T04_D3859-2:280b-1']	mjug bsdu bas kyang de ltar byas pa'i phyir mi rtag go zhes bsnan na dam bcas pa'i gtan tshigs kyi don gsal bar 'gyur bas de'i phyir nye bar sbyar ba dang @280b mjug bsdu ba gnyis kyang yan lag re rer gzhag dgos so zhes zer ro //🔽dpe'i chos 'ba' zhig la gtan tshigs brjod na ni gtan tshigs kyi don ma grub pa nyid do zhes bya bas ni gal te khyed sangs rgyas pas /	mjug bsdu bas kyang de ltar byas pa'i phyir mi rtag go zhes bsnan na dam bcas pa'i gtan tshigs kyi don gsal bar 'gyur bas de'i phyir nye bar sbyar ba dang @280b mjug bsdu ba gnyis kyang yan lag re rer gzhag dgos so zhes zer ro // dpe'i chos 'ba' zhig la gtan tshigs brjod na ni gtan tshigs kyi don ma grub pa nyid do zhes bya bas ni gal te khyed sangs rgyas pas /	280b	If one adds that, then the meaning of the syllogism would be clearly stated, and therefore the application and the summary would also have to be posited as separate members.🔽If the reason is stated only with respect to the property of the example, then the meaning of the reason is not established.
['BO_T04_D3859-2:280b-2']	dpe'i chos bum pa 'ba' zhig la byas pa'i phyir zhes bya ba'i gtan tshigs de brjod na ni sgra mi rtag bar bsgrub pa'i gtan tshigs kyi don byas pa'i phyir zhes bya ba de ma grub pa nyid de /	dpe'i chos bum pa 'ba' zhig la byas pa'i phyir zhes bya ba'i gtan tshigs de brjod na ni sgra mi rtag bar bsgrub pa'i gtan tshigs kyi don byas pa'i phyir zhes bya ba de ma grub pa nyid de /	280b	If you Buddhists state the reason, “because it is a product,” only with respect to the property of the example, a pot, then the meaning of the reason, “because it is a product,” in the proof that sound is impermanent is not established.
['BO_T04_D3859-2:280b-3']	'di ltar bum pa la 'jim pa dang dbyu gu dang 'khor lo la sogs pas byas pa yod pa de sgra la med pas bum pa 'jim pa dang / dbyu gu dang 'khor lo la sogs pas byas pa'i gtan tshigs kyi sgra mi rtag par mi 'gyur ba'i phyir ro //	'di ltar bum pa la 'jim pa dang dbyu gu dang 'khor lo la sogs pas byas pa yod pa de sgra la med pas bum pa 'jim pa dang / dbyu gu dang 'khor lo la sogs pas byas pa'i gtan tshigs kyi sgra mi rtag par mi 'gyur ba'i phyir ro //	280b	Thus, since a vase is produced by clay, a stick, a wheel, and so on, but sound is not, the reason that a vase is produced by clay, a stick, a wheel, and so on does not make sound impermanent.
['BO_T04_D3859-2:280b-4']	de la nye bar sbyar bas 'di na gang byas pa ni mi rtag par mthong ste /	de la nye bar sbyar bas 'di na gang byas pa ni mi rtag par mthong ste /	280b	In that case, the application is “Whatever is produced is seen to be impermanent,
['BO_T04_D3859-2:280b-5']	dper na bum pa 'jim pa dang dbyu gu dang 'khor lo la sogs pas byas pa mi rtag pa de bzhin du sgra yang rkan dang mchu dang lce la sogs pas byas pa'i phyir mi rtag pas zhes nye bar sbyar ba'i sbyor ba byas la /	dper na bum pa 'jim pa dang dbyu gu dang 'khor lo la sogs pas byas pa mi rtag pa de bzhin du sgra yang rkan dang mchu dang lce la sogs pas byas pa'i phyir mi rtag pas zhes nye bar sbyar ba'i sbyor ba byas la /	280b	for example, a vase produced by clay, a stick, a wheel, and so on is impermanent. In the same way, sound is impermanent because it is produced by the palate, lips, tongue, and so on.”
['BO_T04_D3859-2:280b-6']	mjug bsdu bas kyang de ltar byas pa'i phyir mi rtag go zhes bsnan na dam bcas pa'i gtan tshigs kyi don gsal bar 'gyur bas de'i phyir yang nye bar sbyar ba dang mjug bsdu ba gnyis yan lag 'dir gzhag dgos so zhes bstan to //	mjug bsdu bas kyang de ltar byas pa'i phyir mi rtag go zhes bsnan na dam bcas pa'i gtan tshigs kyi don gsal bar 'gyur bas de'i phyir yang nye bar sbyar ba dang mjug bsdu ba gnyis yan lag 'dir gzhag dgos so zhes bstan to //	280b	The summary also states that because of that, it is impermanent, and if one adds because of that, the meaning of the argument of thesis becomes clear. Therefore, it is taught that both the application and the summary must be posited as branches here.
['BO_T04_D3859-2:280b-7', 'BO_T04_D3859-2:280b-8']	spyi'i chos la gtan tshigs brjod na ni rjes su 'gro ba bstan pa don med do //🔽dpe'i chos la yang spyir bstan pa'i phyir ro zhes bya bas ni gal te khyed sangs rgyas pas /	spyi'i chos la gtan tshigs brjod na ni rjes su 'gro ba bstan pa don med do // dpe'i chos la yang spyir bstan pa'i phyir ro zhes bya bas ni gal te khyed sangs rgyas pas /	280b	If one states the reason for a general property, demonstrating the pervasion is pointless.
['BO_T04_D3859-2:280b-9']	bsgrub par bya ba'i chos sgra dang / dpe'i chos bum pa gnyi ga la spyir byas pa'i phyir zhes bya ba'i gtan tshigs de brjod na ni 'di na gang byas pa ni mi rtag par mthong ste /	bsgrub par bya ba'i chos sgra dang / dpe'i chos bum pa gnyi ga la spyir byas pa'i phyir zhes bya ba'i gtan tshigs de brjod na ni 'di na gang byas pa ni mi rtag par mthong ste /	280b	Because the example property is also taught generally, if you Buddhists state that reason because both the property to be proven, sound, and the example property, pot, are made, then demonstrating the pervasion Whatever is made is seen to be impermanent,
['BO_T04_D3859-2:280b-10']	dper na bum pa bzhin no //	dper na bum pa bzhin no //	280b	like a pot.🔽Sound is also like that is pointless.
['BO_T04_D3859-2:280b-11']	sgra yang de bzhin pas zhes rjes su 'gro ba bstan pa de don med de ci'i phyir zhe na /	sgra yang de bzhin pas zhes rjes su 'gro ba bstan pa de don med de ci'i phyir zhe na /	280b	Why?
['BO_T04_D3859-2:280b-12']	byas pa'i phyir zhes bya ba de dpe'i chos bum pa la yang spyir bstan pa'i phyir bsgrub par bya ba'i chos sgra dang / dpe'i chos bum pa gnyi ga 'dra bas bum pa'i dpes sgra mtshon pa don med par 'gyur ro //	byas pa'i phyir zhes bya ba de dpe'i chos bum pa la yang spyir bstan pa'i phyir bsgrub par bya ba'i chos sgra dang / dpe'i chos bum pa gnyi ga 'dra bas bum pa'i dpes sgra mtshon pa don med par 'gyur ro //	280b	The reason “because of being produced” is stated in general with respect to the example property vase, and because the property of the thesis sound and the example property vase are similar, it would be pointless to illustrate sound with the example of a vase.
['BO_T04_D3859-2:280b-13']	de la yang byas pa spyir ma brjod par nye bar sbyar bas 'di na gang byas pa ni mi rtag par mthong ste /	de la yang byas pa spyir ma brjod par nye bar sbyar bas 'di na gang byas pa ni mi rtag par mthong ste /	280b	Moreover, without stating the general “produced,” the application would be “Whatever is produced is seen to be impermanent,
['BO_T04_D3859-2:281a-0']	dper na bum pa 'jim pa dang dbyu gu dang 'khor lo la sogs pas byas pa mi rtag pa de bzhin du sgra yang rkan dang mchu dang lce la sogs pas byas pa'i phyir mi rtag pas zhes nye bar sbyar ba'i sbyor ba byas la @281a * //	dper na bum pa 'jim pa dang dbyu gu dang 'khor lo la sogs pas byas pa mi rtag pa de bzhin du sgra yang rkan dang mchu dang lce la sogs pas byas pa'i phyir mi rtag pas zhes nye bar sbyar ba'i sbyor ba byas la @281a * //	281a	like a vase, which is produced by clay, a stick, a wheel, and so on, and is impermanent. In the same way, sound is impermanent because it is produced by the palate, lips, tongue, and so on.”
['BO_T04_D3859-2:281a-1']	mjug bsdu bas kyang de ltar byas pa'i phyir mi rtag go zhes bsnan na dam bcas pa'i gtan tshigs kyi don gsal bar 'gyur bas de'i phyir yang nye bar sbyar ba dang / mjug bsdu ba gnyis yan lag re rer gzhag dgos so zhes bstan to //	mjug bsdu bas kyang de ltar byas pa'i phyir mi rtag go zhes bsnan na dam bcas pa'i gtan tshigs kyi don gsal bar 'gyur bas de'i phyir yang nye bar sbyar ba dang / mjug bsdu ba gnyis yan lag re rer gzhag dgos so zhes bstan to //	281a	If you were to add “because it is impermanent,” then the meaning of the argument of the thesis would be clarified, and for that reason also it is necessary to posit both the application and the summary as individual parts.
['BO_T04_D3859-2:281a-2']	dpe la gtan tshigs kyi rjes su 'gro ba yod pa nyid du ston na ni ba sgrub par bya ba la yang de dang 'brel pa bstan pa'i tshig gzhan brjod dgos so zhes bya bas ni /	dpe la gtan tshigs kyi rjes su 'gro ba yod pa nyid du ston na ni ba sgrub par bya ba la yang de dang 'brel pa bstan pa'i tshig gzhan brjod dgos so zhes bya bas ni /	281a	If you were to demonstrate that the example possesses the forward pervasion, then you would have to state another sentence that demonstrates the connection between the example and the probandum.
['BO_T04_D3859-2:281a-3']	gal te khyed sangs rgyas pa dag 'di skad ces bsgrub par bya ba'i chos dang / dpe'i chos gnyi ga la yang byas pa'i phyir zhes bya ba'i gtan tshigs spyir 'dra bar yod mod kyi /	gal te khyed sangs rgyas pa dag 'di skad ces bsgrub par bya ba'i chos dang / dpe'i chos gnyi ga la yang byas pa'i phyir zhes bya ba'i gtan tshigs spyir 'dra bar yod mod kyi /	281a	If you Buddhists were to say, “Although in general the property of the subject and the example both possess the reason ‘because it is produced,’
['BO_T04_D3859-2:281a-4']	'on kyang sbyor bar bya ba'i dus na dpe la gtan tshigs kyi rjes su 'gro ba yod pa nyid du bstan dgos kyi /	'on kyang sbyor bar bya ba'i dus na dpe la gtan tshigs kyi rjes su 'gro ba yod pa nyid du bstan dgos kyi /	281a	nevertheless, when the application is made, it is necessary to demonstrate that the example possesses the forward pervasion.
['BO_T04_D3859-2:281a-5']	bsgrub par bya ba la mi dgos so zhes ston na ni de lta na ji ltar dpe la 'di na gang byas pa ni mi rtag par mthong ste /	bsgrub par bya ba la mi dgos so zhes ston na ni de lta na ji ltar dpe la 'di na gang byas pa ni mi rtag par mthong ste /	281a	If you say that the example is not necessary for the proof, then how is it that the pervasion is indicated in the example, “Whatever is produced is seen to be impermanent,
['BO_T04_D3859-2:281a-6']	dper na bum pa bzhin no zhes rjes su 'gro ba bstan pa de bzhin du bsgrub par bya ba la yang 'di na gang byas pa ni mi rtag par mthong ste /	dper na bum pa bzhin no zhes rjes su 'gro ba bstan pa de bzhin du bsgrub par bya ba la yang 'di na gang byas pa ni mi rtag par mthong ste /	281a	like a pot,” and in the same way, the pervasion is indicated in the proof, “Whatever is produced is seen to be impermanent,
['BO_T04_D3859-2:281a-7']	dper na sgra bzhin no zhes gtan tshigs de dang 'brel pa bstan pa'i tshig gzhan brjod dgos pa zhig na /	dper na sgra bzhin no zhes gtan tshigs de dang 'brel pa bstan pa'i tshig gzhan brjod dgos pa zhig na /	281a	like sound.” If you say that you must state another reason that is related to that,
['BO_T04_D3859-2:281a-8']	khyed de yang ni brjod pas des na bsgrub par bya ba'i gtan tshigs smos nas dpes rjes su 'gro ba mjug bsdu ba bstan dgos pas de'i phyir yang nye bar sbyar ba dang mjug bsdu ba gnyis yan lag re rer gzhag dgos so zhes bstan to //	khyed de yang ni brjod pas des na bsgrub par bya ba'i gtan tshigs smos nas dpes rjes su 'gro ba mjug bsdu ba bstan dgos pas de'i phyir yang nye bar sbyar ba dang mjug bsdu ba gnyis yan lag re rer gzhag dgos so zhes bstan to //	281a	then you must state the reason in the proof and indicate the conclusion by means of the example. Therefore you must posit both the application and the conclusion as individual members.
['BO_T04_D3859-2:281a-9']	gal te dam bcas pa'i mjug thogs su smos pas bsgrub par bya ba dang 'brel par 'grub po zhe na zhes bya ba ni pha rol po dag gis sangs rgyas pa'i dogs pa bsu ba'i tshig yin te /	gal te dam bcas pa'i mjug thogs su smos pas bsgrub par bya ba dang 'brel par 'grub po zhe na zhes bya ba ni pha rol po dag gis sangs rgyas pa'i dogs pa bsu ba'i tshig yin te /	281a	this is a statement anticipating the qualm of a Buddhist opponent.
['BO_T04_D3859-2:281a-10', 'BO_T04_D3859-2:281a-11']	gal te khyed sangs rgyas pa dag 'di skad ces /🔽sgra mi rtag ste zhes dam bcas pa'i mjug thogs su byas pa'i phyir ro zhes bya ba'i gtan tshigs smos pas bsgrub par bya ba chos dang 'brel par 'grub pa'i phyir sbyor ba gang la yan lag gsum tshang bar brjod pa de la nye bar sbyar ba dang	gal te khyed sangs rgyas pa dag 'di skad ces / sgra mi rtag ste zhes dam bcas pa'i mjug thogs su byas pa'i phyir ro zhes bya ba'i gtan tshigs smos pas bsgrub par bya ba chos dang 'brel par 'grub pa'i phyir sbyor ba gang la yan lag gsum tshang bar brjod pa de la nye bar sbyar ba dang	281a	If you Buddhists say,
['BO_T04_D3859-2:281a-12']	mjug bsdu ba dag sbyar mi dgos so zhes zer na'o //	mjug bsdu ba dag sbyar mi dgos so zhes zer na'o //	281a	because the reason “because it is a product” is stated immediately after the thesis “Sound is impermanent,” the probandum is related to the property of the subject, then in a syllogism in which all three members are stated, it is unnecessary to state the application and the conclusion.
['BO_T04_D3859-2:281a-13']	de'i lan du de lta na sgra ni mi rtag ste mig gi gzung ba yin pa'i phyir ro zhes bya ba yang 'grub par 'gyur ro zhes bya ba smras te /	de'i lan du de lta na sgra ni mi rtag ste mig gi gzung ba yin pa'i phyir ro zhes bya ba yang 'grub par 'gyur ro zhes bya ba smras te /	281a	In response to that, it is said, “In that case, it would also be established that sound is impermanent because it is perceived by the eye.”
['BO_T04_D3859-2:281b-0']	gal te dam bcas pa'i mjug thogs su smos pa kun bsgrub par bya ba dang 'brel pa 'grub na ni de lta na kha cig gis sgra mi rtag ste zhes dam bcas @281b pa'i mjug thogs su de'i gtan tshigs mig gi gzung ba yin pa'i phyir ro zhes	gal te dam bcas pa'i mjug thogs su smos pa kun bsgrub par bya ba dang 'brel pa 'grub na ni de lta na kha cig gis sgra mi rtag ste zhes dam bcas @281b pa'i mjug thogs su de'i gtan tshigs mig gi gzung ba yin pa'i phyir ro zhes	281b	If it were the case that the statement following the thesis were established as related to the probandum, then in that case, someone could state “Sound is impermanent” and then state “The reason is because it is perceived by the eye,”
['BO_T04_D3859-2:281b-1']	bya ba yang bsgrub par bya ba dang 'brel par grub pa zhig na de ni mi 'grub pas de'i phyir nye bar sbyar ba dang mjug bsdu ba dag sbyar dgos so //	bya ba yang bsgrub par bya ba dang 'brel par grub pa zhig na de ni mi 'grub pas de'i phyir nye bar sbyar ba dang mjug bsdu ba dag sbyar dgos so //	281b	and that would be established as related to the probandum. But since that is not established, therefore the application and the conclusion must be applied.
['BO_T04_D3859-2:281b-2', 'BO_T04_D3859-2:281b-3']	grags pa de dang 'brel par 'grub pa nyid du rtog na ni zhes bya ba yang pha rol pos /🔽sangs rgyas pa'i dogs pa bsu ba yin te /	grags pa de dang 'brel par 'grub pa nyid du rtog na ni zhes bya ba yang pha rol pos /🔽sangs rgyas pa'i dogs pa bsu ba yin te /	281b	If you imagine that it is established as related to that which is renowned,🔽then the opponent raises an objection.
['BO_T04_D3859-2:281b-4']	gal te khyed sangs rgyas pa dag 'di snyam du sgra ni mi rtag ste byas pa'i phyir ro zhes bya ba lta bu sgra'i chos mi rtag pa yin par grags pa ni dam bcas pa'i mjug thogs su smos pas bsgrub par bya ba dang 'brel bar 'grub kyi	gal te khyed sangs rgyas pa dag 'di snyam du sgra ni mi rtag ste byas pa'i phyir ro zhes bya ba lta bu sgra'i chos mi rtag pa yin par grags pa ni dam bcas pa'i mjug thogs su smos pas bsgrub par bya ba dang 'brel bar 'grub kyi	281b	If you Buddhists think, “In a case like ‘Sound is impermanent because it is produced,’ the property of sound, impermanence, is renowned, and so it is established as related to the predicate by being stated immediately after the thesis.
['BO_T04_D3859-2:281b-5', 'BO_T04_D3859-2:281b-6']	/ sgra ni mi rtag ste mig gi gzung ba ma yin pa'i phyir ro zhes bya ba lta bu sgra'i chos mig gi gzung ba yin par ma grags pa ni mjug thogs su smos su zin kyang bsgrub par bya ba dang 'brel par mi 'grub bo snyam du rtog🔽na'o // de'i lan du /	/ sgra ni mi rtag ste mig gi gzung ba ma yin pa'i phyir ro zhes bya ba lta bu sgra'i chos mig gi gzung ba yin par ma grags pa ni mjug thogs su smos su zin kyang bsgrub par bya ba dang 'brel par mi 'grub bo snyam du rtog na'o // de'i lan du /	281b	But in a case like ‘Sound is impermanent because it is not apprehended by the eye,’ the property of sound, not being apprehended by the eye, is not renowned. Even though it is stated immediately after the predicate, it is not established as related to the predicate,’”
['BO_T04_D3859-2:281b-7']	khyed kyi dpe la yang de bzhin du 'gyur te zhes bya ba smras te /	khyed kyi dpe la yang de bzhin du 'gyur te zhes bya ba smras te /	281b	then in response to that, Bhāviveka says, “In the same way, your example would also be . . .”
['BO_T04_D3859-2:281b-8']	bsgrub par bya ba chos la gtan tshigs grags pa de dang 'brel par 'grub pa nyid du rtog na de lta na yang khyed sangs rgyas pa dag gi dpe bum pa la yang gtan tshigs byas pa'i phyir zhes bya ba grags pa de dang 'brel par 'grub par	bsgrub par bya ba chos la gtan tshigs grags pa de dang 'brel par 'grub pa nyid du rtog na de lta na yang khyed sangs rgyas pa dag gi dpe bum pa la yang gtan tshigs byas pa'i phyir zhes bya ba grags pa de dang 'brel par 'grub par	281b	If you think that the proof is established in relation to the property to be established, then in that case, the proof would be established in relation to the property to be established, because you Buddhists use the example of a pot.
['BO_T04_D3859-2:281b-9']	'gyur ro // de lta na bum pa la sogs pa dag byas pa nyid du rtogs par 'gyur gyi /	'gyur ro // de lta na bum pa la sogs pa dag byas pa nyid du rtogs par 'gyur gyi /	281b	In that case, pots and so on would be understood to be produced,🔽but sound would not be understood to be produced.
['BO_T04_D3859-2:281b-10', 'BO_T04_D3859-2:281b-11']	sgra ni byas pa nyid du mi rtogs so zhes bya ba ni de ltar khyed kyi dpe la grags pa de dang 'brel par 'grub pa nyid du rtogs na /🔽byas pa'i phyir dper na bum pa bzhin no zhes bya ba des bum pa la sogs pa dpe dag byas pa nyid du rtogs par 'gyur gyi /	sgra ni byas pa nyid du mi rtogs so zhes bya ba ni de ltar khyed kyi dpe la grags pa de dang 'brel par 'grub pa nyid du rtogs na / byas pa'i phyir dper na bum pa bzhin no zhes bya ba des bum pa la sogs pa dpe dag byas pa nyid du rtogs par 'gyur gyi /	281b	If you think that the proof is established in relation to the example,🔽then the error would arise that pots and so on would be understood to be produced,🔽but sound would not be understood to be produced, by the statement “Because it is produced, like a pot.”
['BO_T04_D3859-2:281b-12']	sgra ni byas pa nyid du rtogs par mi 'gyur ba'i skyon du 'gyur bas de'i phyir yan lag lnga char sbyar dgos so //	sgra ni byas pa nyid du rtogs par mi 'gyur ba'i skyon du 'gyur bas de'i phyir yan lag lnga char sbyar dgos so //	281b	Therefore, all five parts must be applied.
['BO_T04_D3859-2:281b-13']	nye bar sbyar ba dang mjug bsdu ba dag yan lag gzhan ma yin te /	nye bar sbyar ba dang mjug bsdu ba dag yan lag gzhan ma yin te /	281b	Application and conclusion are not separate members,🔽because there is no difference in meaning, just as a reason itself is.
['BO_T04_D3859-2:281b-14']	don la khyad par med pa'i phyir dper na gtan tshigs nyid bzhin no zhe na zhes bya ba yang pha rol bos sangs rgyas pa'i dogs pa bsu ba'i tshig yin te /	don la khyad par med pa'i phyir dper na gtan tshigs nyid bzhin no zhe na zhes bya ba yang pha rol bos sangs rgyas pa'i dogs pa bsu ba'i tshig yin te /	281b	This is a statement anticipating the opponent’s doubt,
['BO_T04_D3859-2:281b-15', 'BO_T04_D3859-2:282a-0']	de dag ni chos can dang / bsgrub par bya ba chos dang / sgrub pa'i chos dang / dpe yin par go rims bzhin du sbyar te /🔽gal te khyed sangs rgyas pa dag 'di skad ces dper na gtan tshigs byas pa'i phyir zhes bya ba ni gtan tshigs nyid kyi don las khyad par med pa'i phyir gtan tshigs nyid las yan @282a * //	de dag ni chos can dang / bsgrub par bya ba chos dang / sgrub pa'i chos dang / dpe yin par go rims bzhin du sbyar te / gal te khyed sangs rgyas pa dag 'di skad ces dper na gtan tshigs byas pa'i phyir zhes bya ba ni gtan tshigs nyid kyi don las khyad par med pa'i phyir gtan tshigs nyid las yan @282a * //	281b	because they are the subject, the predicate to be proven, the proving property, and the example, respectively.
['BO_T04_D3859-2:282a-1']	lag gzhan ma yin pa de bzhin du nye bar sbyar ba dang / mjug bsdu ba dag kyang gtan tshigs kyi don las khyad par med pa'i phyir gtan tshigs las yan lag gzhan ma yin no zhes zer na'o //	lag gzhan ma yin pa de bzhin du nye bar sbyar ba dang / mjug bsdu ba dag kyang gtan tshigs kyi don las khyad par med pa'i phyir gtan tshigs las yan lag gzhan ma yin no zhes zer na'o //	282a	If you Buddhists say, “For example, because it is a reason, it is not a separate member from the reason itself, because there is no difference in meaning from the meaning of the reason itself,” then in the same way, application and conclusion are not separate members from the reason, because there is no difference in meaning from the meaning of the reason.
['BO_T04_D3859-2:282a-2']	de'i lan du /	de'i lan du /	282a	In response to that,
['BO_T04_D3859-2:282a-3']	de la gtan tshigs kyi don ma grub pa nyid do zhes bya ba la sogs pa smras te /	de la gtan tshigs kyi don ma grub pa nyid do zhes bya ba la sogs pa smras te /	282a	it is said that the meaning of the reason is not established and so on.
['BO_T04_D3859-2:282a-4']	de skad ces zer na khyed sangs rgyas pa'i gtan tshigs kyi don las khyad par med pa'i phyir zhes bya ba de ma grub pa nyid yin pas nye bar sbyar ba dang / mjug bsdu ba dag yan lag gzhan ma yin te zhes bsgrub par bya ba de mi 'grub po //	de skad ces zer na khyed sangs rgyas pa'i gtan tshigs kyi don las khyad par med pa'i phyir zhes bya ba de ma grub pa nyid yin pas nye bar sbyar ba dang / mjug bsdu ba dag yan lag gzhan ma yin te zhes bsgrub par bya ba de mi 'grub po //	282a	If you say that, then because there is no difference between the meaning of the Buddhist reason and yours, that is not established. Therefore, the application and the conclusion are not other parts. Thus, the probandum is not established.
['BO_T04_D3859-2:282a-5']	ci'i phyir gtan tshigs kyi don ma grub pa nyid ce na //	ci'i phyir gtan tshigs kyi don ma grub pa nyid ce na //	282a	Why is the meaning of the reason not established?
['BO_T04_D3859-2:282a-6']	de'i phyir nye bar sbyar bas bsgrub par bya ba dang / sgrub pa gtan tshigs ma brjod kyang gcig tu byed pa'i phyir dang / gtan tshigs grub na yang smos pas mjug bsdu ba brjod pa'i phyir ro zhes zer ro zhes bya ba smras te /	de'i phyir nye bar sbyar bas bsgrub par bya ba dang / sgrub pa gtan tshigs ma brjod kyang gcig tu byed pa'i phyir dang / gtan tshigs grub na yang smos pas mjug bsdu ba brjod pa'i phyir ro zhes zer ro zhes bya ba smras te /	282a	Therefore, it is said that although the probandum and the proof, the reason, are not stated, they are made into one, and even if the reason is established, the conclusion is stated by mentioning it.
['BO_T04_D3859-2:282a-7']	nye bar sbyar ba'i sbyor bas ni sgra mi rtag ste zhes bsgrub par bya ba dang / byas pa nyid ces bya ba sgrub pa'i chos de nyid gtan tshigs byas pa'i phyir zhes dngos su ma brjod kyang /	nye bar sbyar ba'i sbyor bas ni sgra mi rtag ste zhes bsgrub par bya ba dang / byas pa nyid ces bya ba sgrub pa'i chos de nyid gtan tshigs byas pa'i phyir zhes dngos su ma brjod kyang /	282a	In the application of application, the probandum is sound is impermanent and the property of the proband that is explicitly stated is not the reason, namely, because it is produced.
['BO_T04_D3859-2:282a-8']	gang dang gang byas pa de dang de ni mi rtag ste dper na bum pa bzhin no zhes bya bas gcig tu 'brel par byed pa'i phyir nye bar sbyar ba dang gtan tshigs dag don la khyad par yod la /	gang dang gang byas pa de dang de ni mi rtag ste dper na bum pa bzhin no zhes bya bas gcig tu 'brel par byed pa'i phyir nye bar sbyar ba dang gtan tshigs dag don la khyad par yod la /	282a	However, since it is related in the sense that whatever is produced is impermanent, like a pot, the application and the reason are different in meaning.🔽Also, when the reason because it is produced is stated and established, the conclusion is stated in the sense that it is impermanent because it is produced.
['BO_T04_D3859-2:282a-9']	byas pa'i phyir zhes bya ba'i gtan tshigs brjod cing grub na yang mjug bsdu bas de ltar byas pa'i phyir mi rtag go zhes smos pas mjug bsdu ba brjod pa'i phyir mjug bsdu ba dang gtan tshigs dag kyang don la khyad par yod pa'i phyir khyed sangs rgyas	byas pa'i phyir zhes bya ba'i gtan tshigs brjod cing grub na yang mjug bsdu bas de ltar byas pa'i phyir mi rtag go zhes smos pas mjug bsdu ba brjod pa'i phyir mjug bsdu ba dang gtan tshigs dag kyang don la khyad par yod pa'i phyir khyed sangs rgyas	282a	Therefore, the conclusion and the reason are also different in meaning.
['BO_T04_D3859-2:282a-10']	pa'i gtan tshigs don la khyad par med pa'i phyir zhes bya ba ma grub pas nye bar sbyar ba dang / mjug bsdu ba dag yan lag gzhan ma yin te zhes bya bar bsgrub pa ma grub bo //	pa'i gtan tshigs don la khyad par med pa'i phyir zhes bya ba ma grub pas nye bar sbyar ba dang / mjug bsdu ba dag yan lag gzhan ma yin te zhes bya bar bsgrub pa ma grub bo //	282a	Because the reason “because there is no difference in fact” is not established, the application and the conclusion are not other branches, but the proof “because there is no difference in fact” is not established.
['BO_T04_D3859-2:282a-11']	des na sangs rgyas pa dag yan lag gsum du smra ba ni rigs pa ma yin no zhes zer ro //	des na sangs rgyas pa dag yan lag gsum du smra ba ni rigs pa ma yin no zhes zer ro //	282a	Therefore, the Buddhists’ assertion of three branches is unreasonable.
['BO_T04_D3859-2:282a-12']	de skad ces zer ba de'i lan du 'dir 'grel pa byed pa nyid kyis /	de skad ces zer ba de'i lan du 'dir 'grel pa byed pa nyid kyis /	282a	In response to that statement, the author of the commentary here says:
['BO_T04_D3859-2:282a-13']	de la 'dir gtan tshigs spyir grags pa nyid brjod pas gtan tshigs phyogs dang mthun pa'i phyogs gnyi ga dang 'brel par 'grub po zhes bya ba la sogs pa smras te /	de la 'dir gtan tshigs spyir grags pa nyid brjod pas gtan tshigs phyogs dang mthun pa'i phyogs gnyi ga dang 'brel par 'grub po zhes bya ba la sogs pa smras te /	282a	Here, by stating a reason that is generally accepted, the reason is established as related to both the position and the similar position.
['BO_T04_D3859-2:282b-0']	des ni sngar pha rol po dag na re bsgrub par bya ba chos 'ba' zhig la gtan tshigs brjod na ni dpe la de med pa'i phyir thun mong ma yin pa nyid do zhes zer ba @282b dang / dpe'i chos 'ba' zhig la gtan tshigs brjod na ni gtan tshigs kyi don ma grub pa nyid do zhes zer ba'i lan btab ste /	des ni sngar pha rol po dag na re bsgrub par bya ba chos 'ba' zhig la gtan tshigs brjod na ni dpe la de med pa'i phyir thun mong ma yin pa nyid do zhes zer ba @282b dang / dpe'i chos 'ba' zhig la gtan tshigs brjod na ni gtan tshigs kyi don ma grub pa nyid do zhes zer ba'i lan btab ste /	282b	This responds to the former statement of the counterparts that if the reason is stated only in regard to the predicate of the probandum, then it is not common because it does not exist in the example.🔽And it responds to the statement that if the reason is stated only in regard to the property of the example, then the meaning of the reason is not established.
['BO_T04_D3859-2:282b-1']	sgra mi rtag ste byas pa'i phyir dper na bum pa bzhin no zhes bya ba'i gtan tshigs byas pa'i phyir zhes bya ba de ni sgra dang bum pa gnyi ga la spyir grags pa nyid yin la de 'dir gtan tshigs nyid du brjod pas de ni sgra mi	sgra mi rtag ste byas pa'i phyir dper na bum pa bzhin no zhes bya ba'i gtan tshigs byas pa'i phyir zhes bya ba de ni sgra dang bum pa gnyi ga la spyir grags pa nyid yin la de 'dir gtan tshigs nyid du brjod pas de ni sgra mi	282b	The reason “because it is produced” in the statement “Sound is impermanent because it is produced, like a pot” is generally renowned in regard to both sound and a pot. Here, it is stated as the reason, and thus it is not the case that the reason is not common.
['BO_T04_D3859-2:282b-2']	rtag ste zhes bya ba phyogs dang / dper na bum pa bzhin no zhes bya ba mthun pa'i phyogs gnyi ga dang 'brel par grub pas thun mong ba nyid kyang yin la don ma grub pa nyid kyang ma yin no //	rtag ste zhes bya ba phyogs dang / dper na bum pa bzhin no zhes bya ba mthun pa'i phyogs gnyi ga dang 'brel par grub pas thun mong ba nyid kyang yin la don ma grub pa nyid kyang ma yin no //	282b	The term permanent is the position, and the term for example, like a pot is the similar position. Since both are related, it is common, and it is not the case that the meaning is not established.
['BO_T04_D3859-2:282b-3']	dpe bstan pa ni mthun pa'i phyogs bye brag tu rtogs par bya ba'i phyir te /	dpe bstan pa ni mthun pa'i phyogs bye brag tu rtogs par bya ba'i phyir te /	282b	The example is taught in order to understand the particular of the similar position.🔽Since the thesis is taught in order to understand the particular of the position, it is said, Therefore, the meaning of the reason is stated to be applied.
['BO_T04_D3859-2:282b-4', 'BO_T04_D3859-2:282b-5']	phyogs bye brag tu rtogs par bya ba'i phyir dam bcas pa bstan pa bzhin pas de'i phyir gtan tshigs kyi don nyid nye bar sbyar bar brjod do zhes bya bas ni sngar pha rol po dag na re spyi'i chos la gtan tshigs brjod na ni rjes su 'gro🔽ba don med de /	phyogs bye brag tu rtogs par bya ba'i phyir dam bcas pa bstan pa bzhin pas de'i phyir gtan tshigs kyi don nyid nye bar sbyar bar brjod do zhes bya bas ni sngar pha rol po dag na re spyi'i chos la gtan tshigs brjod na ni rjes su 'gro ba don med de /	282b	Previously, the opponent said, If the reason is stated for a general property, then the pervasion is meaningless.🔽Because the example is also taught in general.
['BO_T04_D3859-2:282b-6']	dpe'i chos la yang spyir bstan pa'i phyir ro zhes zer ba de'i lan btab ste //	dpe'i chos la yang spyir bstan pa'i phyir ro zhes zer ba de'i lan btab ste //	282b	This is the response to that.
['BO_T04_D3859-2:282b-7']	kho bo cag gis dpe ci'i phyir bstan zhe na /	kho bo cag gis dpe ci'i phyir bstan zhe na /	282b	Why do we teach the example?
['BO_T04_D3859-2:282b-8']	dper na chos can dang / bsgrub par bya ba chos kyi phyogs bye brag tu rtogs par bya ba'i phyir sgra ni mi rtag ste zhes dam bcas pa bstan pa de bzhin du sgra mi rtag pa'i mthun pa'i phyogs bye brag tu rtogs par bya ba'i phyir dper na bum pa bzhin no zhes	dper na chos can dang / bsgrub par bya ba chos kyi phyogs bye brag tu rtogs par bya ba'i phyir sgra ni mi rtag ste zhes dam bcas pa bstan pa de bzhin du sgra mi rtag pa'i mthun pa'i phyogs bye brag tu rtogs par bya ba'i phyir dper na bum pa bzhin no zhes	282b	Similarly, in order to understand the specific concordant example of the impermanence of sound, “It is like a pot” is stated.
['BO_T04_D3859-2:282b-9']	bstan te / gang la bsgrub par bya ba'i rjes su 'gro ba'i gtan tshigs kyis khyad par byed pa de ni chos mthun pa'i dpe yin pas de'i phyir chos mthun pa'i mtshan nyid rnam par gzhag pa'i phyir dpe ston par byed de /	bstan te / gang la bsgrub par bya ba'i rjes su 'gro ba'i gtan tshigs kyis khyad par byed pa de ni chos mthun pa'i dpe yin pas de'i phyir chos mthun pa'i mtshan nyid rnam par gzhag pa'i phyir dpe ston par byed de /	282b	Since that which is qualified by a reason that pervades the probandum is a concordant example, the example is taught in order to present the definition of a concordant example.
['BO_T04_D3859-2:282b-10']	gang dang gang byas pa de dang de ni mi rtag ste /	gang dang gang byas pa de dang de ni mi rtag ste /	282b	Whatever is produced is impermanent.
['BO_T04_D3859-2:282b-11']	dper na bum pa bzhin no zhes bya ba'i dpes phyogs kyi chos kyang rtogs pas nye bar sbyar ba'i sbyor bas ni gtan tshigs kyi don nyid brjod pa'i phyir gtan tshigs spyir brjod kyang rjes su 'gro ba bstan pa don med pa ma yin no //	dper na bum pa bzhin no zhes bya ba'i dpes phyogs kyi chos kyang rtogs pas nye bar sbyar ba'i sbyor bas ni gtan tshigs kyi don nyid brjod pa'i phyir gtan tshigs spyir brjod kyang rjes su 'gro ba bstan pa don med pa ma yin no //	282b	For example, it is like a pot.🔽Since the property of the position is also understood through this example, the statement of the reason is not meaningless because the meaning of the syllogism is stated by the statement of the syllogism.🔽Even though the reason is stated, the meaning of the thesis is not different, and that meaning is summarized by the conclusion, so the meaning of the reason is not unestablished.
['BO_T04_D3859-2:282b-12', 'BO_T04_D3859-2:282b-13', 'BO_T04_D3859-2:282b-14']	gtan tshigs smos na yang dam bcas pa'i yan lag gi don tha mi dad pa'i phyir don de nyid mjug sdud pas byed pa'i phyir gtan tshigs kyi don ma grub pa nyid ma yin no zhes bya bas ni sngar pha rol po dag na re nye bar sbyar🔽ba dang mjug bsdu ba dag yan lag gzhan ma yin te /🔽don la khyad par med pa'i phyir dper na gtan tshigs nyid bzhin no zhe na /	gtan tshigs smos na yang dam bcas pa'i yan lag gi don tha mi dad pa'i phyir don de nyid mjug sdud pas byed pa'i phyir gtan tshigs kyi don ma grub pa nyid ma yin no zhes bya bas ni sngar pha rol po dag na re nye bar sbyar🔽ba dang mjug bsdu ba dag yan lag gzhan ma yin te /🔽don la khyad par med pa'i phyir dper na gtan tshigs nyid bzhin no zhe na /	282b	The opponents say: The application and the conclusion are not different parts because there is no difference in meaning, for example, like the reason itself.
['BO_T04_D3859-2:283a-0', 'BO_T04_D3859-2:283a-1']	@283a * // de la gtan tshigs kyi don ma grub pa nyid de nye bar sbyar bas bsgrub par bya ba dang sgrub pa gtan tshigs ma brjod kyang gcig tu byed pa'i phyir dang / gtan tshigs grub na yang smos pas mjug bsdu ba brjod pa'i phyir ro zhes zer ba'i lan btab ste /🔽byas pa'i phyir zhes bya ba'i gtan tshigs smos na yang ci ltar sgra mi rtag par dam bcas pa dang bum pa mi rtag par dam bcas pa'i yan lag gi don byas pa'i phyir zhes bya ba'i gtan tshigs kyis bsgrub par bya ba la tha dad pa med	@283a * // de la gtan tshigs kyi don ma grub pa nyid de nye bar sbyar bas bsgrub par bya ba dang sgrub pa gtan tshigs ma brjod kyang gcig tu byed pa'i phyir dang / gtan tshigs grub na yang smos pas mjug bsdu ba brjod pa'i phyir ro zhes zer ba'i lan btab ste / byas pa'i phyir zhes bya ba'i gtan tshigs smos na yang ci ltar sgra mi rtag par dam bcas pa dang bum pa mi rtag par dam bcas pa'i yan lag gi don byas pa'i phyir zhes bya ba'i gtan tshigs kyis bsgrub par bya ba la tha dad pa med	283a	The meaning of the reason is not unestablished because, although the probandum and the proof, the reason, are not stated, they are combined into one and because, even if the reason is established, the summary statement is stated by the reason.🔽  When the reason “because it is produced” is stated, then, just as the proposition “sound is impermanent” and the proposition “a vase is impermanent” are not different in terms of the probandum, the reason “because it is produced” is not different in terms of the probandum.
['BO_T04_D3859-2:283a-2']	pas gtan tshigs kyi don de nyid mjug bsdu bas ston pa'i phyir gtan tshigs dang nye bar sbyar ba dang mjug bsdu ba dag don la khyad par med pa'i phyir kho bo'i gtan tshigs kyi don ma grub pa nyid ma yin no //	pas gtan tshigs kyi don de nyid mjug bsdu bas ston pa'i phyir gtan tshigs dang nye bar sbyar ba dang mjug bsdu ba dag don la khyad par med pa'i phyir kho bo'i gtan tshigs kyi don ma grub pa nyid ma yin no //	283a	  Therefore, since the summary statement teaches the meaning of the reason, there is no difference in meaning between the reason and the summary statement. Therefore my reason is not unestablished.
['BO_T04_D3859-2:283a-3']	yan lag gsum gyis bsgrub par bya ba grub na yan lag bzhi 'am lngar sbyor ba don med pas de ni lan ma yin no zhes bya ba ni mjug bsdu bste /	yan lag gsum gyis bsgrub par bya ba grub na yan lag bzhi 'am lngar sbyor ba don med pas de ni lan ma yin no zhes bya ba ni mjug bsdu bste /	283a	The conclusion is: Since the proof of the probandum by three members is established, it is pointless to apply four or five members. Therefore, that is not a response.
['BO_T04_D3859-2:283a-4']	kho bo cag gis bsgrubs pa ltar sgra mi rtag par bsgrub par bya ba yan lag gsum gyis ni khyod kyis yan lag bzhi 'am lngar brtag pa don med pas khyod na re yan lag gsum nyid du mi rigs te zhes zer ba de ni lan ma yin	kho bo cag gis bsgrubs pa ltar sgra mi rtag par bsgrub par bya ba yan lag gsum gyis ni khyod kyis yan lag bzhi 'am lngar brtag pa don med pas khyod na re yan lag gsum nyid du mi rigs te zhes zer ba de ni lan ma yin	283a	Since the proof of the probandum, sound is impermanent, by three members is established, it is pointless to imagine four or five members. Therefore, your statement, “Three members alone are not logical,” is not a response.
['BO_T04_D3859-2:283a-5']	no // grangs la sogs pa'i yan lag gi mtshan nyid ni dpyad par mi bya ste /	no // grangs la sogs pa'i yan lag gi mtshan nyid ni dpyad par mi bya ste /	283a	The definition of the number of members and so on should not be analyzed,🔽because it would lead to absurd consequences.
['BO_T04_D3859-2:283a-6']	ha cang thal bar 'gyur ba'i phyir ro zhes bya bas ni rigs pa'i bstan bcos la yan lag ji snyed kyis bsgrub par bya ba 'grub pa de tsam zhig ston par zad kyi /	ha cang thal bar 'gyur ba'i phyir ro zhes bya bas ni rigs pa'i bstan bcos la yan lag ji snyed kyis bsgrub par bya ba 'grub pa de tsam zhig ston par zad kyi /	283a	This says that in a treatise of reasoning, only as many members as are necessary to establish the probandum are taught.
['BO_T04_D3859-2:283a-7']	yan lag gi grangs gsum dang bzhi dang lnga la sogs pa dag gi mtshan nyid mi dpyod pas 'dir yang yan lag gsum gyis bsgrub par bya ba 'grub pa de tsam zhig smos par zad kyi /	yan lag gi grangs gsum dang bzhi dang lnga la sogs pa dag gi mtshan nyid mi dpyod pas 'dir yang yan lag gsum gyis bsgrub par bya ba 'grub pa de tsam zhig smos par zad kyi /	283a	Since the number of parts is not analyzed as three, four, five, and so on, here it is said that the probandum is established by just three parts.
['BO_T04_D3859-2:283a-8']	gzhan du na ha cang thal bar 'gyur bas khyed rang gi grub pa'i mtha' las yan lag du 'dod pa dag kyang kho bo cag 'gog par mi byed do //	gzhan du na ha cang thal bar 'gyur bas khyed rang gi grub pa'i mtha' las yan lag du 'dod pa dag kyang kho bo cag 'gog par mi byed do //	283a	Otherwise, there would be an absurd consequence. Therefore, we do not refute the number of parts asserted in your tenets.
['BO_T04_D3859-2:283a-9']	'di na bstan bcos byed pa'i tshig dag ni phal cher chos mthun pa'i mtshan nyid dang chos mi mthun pa'i mtshan nyid dang gtan tshigs kyi mtshan nyid gsum gyis tha snyad byed de /	'di na bstan bcos byed pa'i tshig dag ni phal cher chos mthun pa'i mtshan nyid dang chos mi mthun pa'i mtshan nyid dang gtan tshigs kyi mtshan nyid gsum gyis tha snyad byed de /	283a	Here, the words of the treatise are mostly expressed by means of three: the definition of a similar instance, the definition of a dissimilar instance, and the definition of a reason.
['BO_T04_D3859-2:283a-10']	phyogs kyi chos nyid dang mthun pa'i phyogs la rjes su 'gro ba dang / mi mthun pa'i phyogs la med pa ste /	phyogs kyi chos nyid dang mthun pa'i phyogs la rjes su 'gro ba dang / mi mthun pa'i phyogs la med pa ste /	283a	The property of the subject and the pervasion are established by the definition of a similar instance and the definition of a dissimilar instance.
['BO_T04_D3859-2:283b-0']	de'i phyir phyogs tsam zhig bstan to zhes bya bas ni 'jig rten 'di na bstan bcos byed pa'i tshig dag ni phal cher @283b chos mthun pa'i mtshan nyid ces bya ba mthun pa'i phyogs la yod pa dang / chos mi mthun pa'i mtshan nyid ces bya ba mi mthun pa'i phyogs la med pa dang gtan tshigs kyi mtshan nyid gsum gyis tha snyad byed de /	de'i phyir phyogs tsam zhig bstan to zhes bya bas ni 'jig rten 'di na bstan bcos byed pa'i tshig dag ni phal cher @283b chos mthun pa'i mtshan nyid ces bya ba mthun pa'i phyogs la yod pa dang / chos mi mthun pa'i mtshan nyid ces bya ba mi mthun pa'i phyogs la med pa dang gtan tshigs kyi mtshan nyid gsum gyis tha snyad byed de /	283b	In this world, the words of treatises are mostly expressed by the three characteristics of reasonings: the characteristic of a reason that is a property of the subject, the characteristic of a reason that is a positive entailment, and the characteristic of a reason that is a negative entailment.
['BO_T04_D3859-2:283b-1', 'BO_T04_D3859-2:283b-2']	gtan tshigs kyi mtshan nyid gsum ni phyogs kyi chos nyid dang mthun pa'i phyogs la rjes su 'gro ba dang / mi mthun pa'i phyogs la med pa ste /🔽de la phyogs kyi chos nyid kyis ni bsgrub par bya ba chos nyid kyi gtan tshigs bstan pa /	gtan tshigs kyi mtshan nyid gsum ni phyogs kyi chos nyid dang mthun pa'i phyogs la rjes su 'gro ba dang / mi mthun pa'i phyogs la med pa ste / de la phyogs kyi chos nyid kyis ni bsgrub par bya ba chos nyid kyi gtan tshigs bstan pa /	283b	The three characteristics of a reason are the property of the subject, positive concomitance with the similar class, and the absence of the reason in the dissimilar class.🔽The property of the subject indicates a reason that is a property of the predicate of the proposition.
['BO_T04_D3859-2:283b-3']	mthun pa'i phyogs la rjes su 'gro bas ni chos mthun pa'i mtshan nyid kyi gtan tshigs bstan /	mthun pa'i phyogs la rjes su 'gro bas ni chos mthun pa'i mtshan nyid kyi gtan tshigs bstan /	283b	Positive concomitance with the similar class indicates a reason that is a positive entailment.
['BO_T04_D3859-2:283b-4']	mi mthun pa'i phyogs la med pas ni chos mi mthun pa'i mtshan nyid kyi gtan tshigs bstan te /	mi mthun pa'i phyogs la med pas ni chos mi mthun pa'i mtshan nyid kyi gtan tshigs bstan te /	283b	The reason of dissimilar attributes is taught by the absence of the dissimilar class.
['BO_T04_D3859-2:283b-5']	de ltar de dag gis yan lag gsum phyogs tsam zhig bstan pas pha rol po dag 'dod pa nye bar sbyar ba dang mjug bsdu ba zhes bya ba gnyis yan lag gsum las don gzhan ma yin no //	de ltar de dag gis yan lag gsum phyogs tsam zhig bstan pas pha rol po dag 'dod pa nye bar sbyar ba dang mjug bsdu ba zhes bya ba gnyis yan lag gsum las don gzhan ma yin no //	283b	Thus, since the three branches are merely taught in part, the two, the application and the conclusion, are not different in meaning from the three branches.🔽The two, the application and the conclusion, are not different in meaning from the three branches, but it is necessary to state them, and since those two are not different from the three branches, they are not posited as five branches.🔽The explanation of the topic at hand is sufficient.
['BO_T04_D3859-2:283b-6']	zhar la bshad pas chog gi skabs nyid dpyad par bya'o zhes bya ba ni nye bar sbyar ba dang mjug bsdu ba gnyis yan lag gsum las don gzhan ma yin yang brjod par bya dgos pa dang / de gnyis yan lag gsum las gzhan ma yin pas yan lag lngar mi gzhag pa dpyad pa zhar la bshad pas chog gi 'du byed rnams ngo bo nyid med par bsgrub pa'i skabs nyid de phyad par bya'o zhes bya bar sbyar ro //	zhar la bshad pas chog gi skabs nyid dpyad par bya'o zhes bya ba ni nye bar sbyar ba dang mjug bsdu ba gnyis yan lag gsum las don gzhan ma yin yang brjod par bya dgos pa dang / de gnyis yan lag gsum las gzhan ma yin pas yan lag lngar mi gzhag pa dpyad pa zhar la bshad pas chog gi 'du byed rnams ngo bo nyid med par bsgrub pa'i skabs nyid de phyad par bya'o zhes bya bar sbyar ro //	283b	This is applied to the explanation of the topic at hand, which is the proof that compounded phenomena are essenceless.
['BO_T04_D3859-2:283b-7']	de ltar ngo bo nyid med pa nyid ston pa'i rjes su dpag pa bstan pa la /	de ltar ngo bo nyid med pa nyid ston pa'i rjes su dpag pa bstan pa la /	283b	Thus, in the demonstration of the inference that reveals realitylessness,🔽some say that the meaning of “realitylessness” is nonexistence, and that the meaning of “because of being a deceptive reality” is also nonexistence.
['BO_T04_D3859-2:283b-8']	kha cig na re ngo bo nyid stong pa ni med pa'i don yin la slu ba'i chos yin pa'i phyir zhes bya ba yang med pa'i phyir don de nyid yin pas dam bcas pa'i don gyi phyogs gcig yin pa'i phyir bsgrub pa gtan tshigs ma tshang ba nyid	kha cig na re ngo bo nyid stong pa ni med pa'i don yin la slu ba'i chos yin pa'i phyir zhes bya ba yang med pa'i phyir don de nyid yin pas dam bcas pa'i don gyi phyogs gcig yin pa'i phyir bsgrub pa gtan tshigs ma tshang ba nyid	283b	Since that is the meaning, it is a part of the meaning of the proposition, and the proof, the reason, is incomplete.🔽Since that is a fault, the desired meaning is not established.🔽The above is the statement of the opponent’s position.
['BO_T04_D3859-2:283b-9']	kyi skyon yod pas 'dod pa'i don mi 'gyur bo zhes zer ro zhes bya ba ni sngar dbu ma pas don dam par nang gi dngos po rnams ni ngo bo nyid stong pa yin te /	kyi skyon yod pas 'dod pa'i don mi 'gyur bo zhes zer ro zhes bya ba ni sngar dbu ma pas don dam par nang gi dngos po rnams ni ngo bo nyid stong pa yin te /	283b	The Madhyamika previously made the statement, “Ultimately, internal things are empty of reality,🔽because of being deceptive realities, like, for example, the body of a woman conjured up by a magician.”
['BO_T04_D3859-2:283b-10']	slu ba'i chos yin pa'i phyir dper na sgyu ma mkhan gyis sprul pa'i bud med kyi lus bzhin no zhes sbyor ba'i tshig byas pa de la pha rol po dag na re khyed kyis ngo bo nyid stong pa yin te zhes dam bcas pa de ni med pa'i	slu ba'i chos yin pa'i phyir dper na sgyu ma mkhan gyis sprul pa'i bud med kyi lus bzhin no zhes sbyor ba'i tshig byas pa de la pha rol po dag na re khyed kyis ngo bo nyid stong pa yin te zhes dam bcas pa de ni med pa'i	283b	The opponent says to the Madhyamika, “Your proposition, ‘Realityless,’ means nonexistence,
['BO_T04_D3859-2:284a-0']	don yin la de bsgrub pa'i gtan tshigs slu ba'i chos yin pa'i phyir zhes bya ba de yang med pa'i phyir don de nyid yin pas dam bcas pa'i don gyi phyogs gcig yin pa'i phyir sgrub @284a * //	don yin la de bsgrub pa'i gtan tshigs slu ba'i chos yin pa'i phyir zhes bya ba de yang med pa'i phyir don de nyid yin pas dam bcas pa'i don gyi phyogs gcig yin pa'i phyir sgrub @284a * //	284a	Since that is the case, the reason is incomplete because it is only part of the meaning of the thesis.
['BO_T04_D3859-2:284a-1']	pa gtan tshigs ma tshang ba nyid kyi skyon yod pas khyod dbu ma pa'i 'dod pa'i don nang gi dngos po rnams ngo bo nyid stong ba yin te zhes dam bcas pa de mi 'grub po zhes zer ba yin no //	pa gtan tshigs ma tshang ba nyid kyi skyon yod pas khyod dbu ma pa'i 'dod pa'i don nang gi dngos po rnams ngo bo nyid stong ba yin te zhes dam bcas pa de mi 'grub po zhes zer ba yin no //	284a	Therefore, you Mādhyamikas do not establish the point you assert, namely, that internal things are empty of intrinsic reality.
['BO_T04_D3859-2:284a-2']	de skad ces zer ba de'i lan du 'grel pa byed pa nyid kyis 'dir bshad pa /	de skad ces zer ba de'i lan du 'grel pa byed pa nyid kyis 'dir bshad pa /	284a	In response to that statement, the author of the commentary explains here:
['BO_T04_D3859-2:284a-3']	gal te slu chos gang yin pa //	gal te slu chos gang yin pa //	284a	If that which is a deceptive phenomenon
['BO_T04_D3859-2:284a-4', 'BO_T04_D3859-2:284a-5']	de brdzun de la ci zhig slu //🔽zhes bya ba smras te /	de brdzun de la ci zhig slu // zhes bya ba smras te /	284a	is false, what is deceptive about it?
['BO_T04_D3859-2:284a-6']	sngar kho bos 'dus byas gang yin pa de ni brdzun pa ste /	sngar kho bos 'dus byas gang yin pa de ni brdzun pa ste /	284a	Previously I said, “Whatever is a conditioned thing is false,🔽because it is a deceptive phenomenon.”
['BO_T04_D3859-2:284a-7']	slu ba'i chos yin pa'i phyir ro zhes bya bas 'dus byas zhes bya ba ni nang gi dngos po rnams so //	slu ba'i chos yin pa'i phyir ro zhes bya bas 'dus byas zhes bya ba ni nang gi dngos po rnams so //	284a	“Conditioned thing” refers to internal things.
['BO_T04_D3859-2:284a-8']	brdzun pa zhes bya ba ni ngo bo nyid stong pa ste /	brdzun pa zhes bya ba ni ngo bo nyid stong pa ste /	284a	False means empty of intrinsic reality.
['BO_T04_D3859-2:284a-9']	rnam par brtag pa'i ngo bo nyid stong pa nyid do //	rnam par brtag pa'i ngo bo nyid stong pa nyid do //	284a	It is the emptiness of an imputed intrinsic reality.🔽The reason “because it is a deceptive phenomenon” proves the thesis that compounded phenomena are false,
['BO_T04_D3859-2:284a-10']	slu ba'i chos yin pa'i phyir zhes bya ba ni log par snang ba'i phyir dper na sgyu ma mkhan gyis sprul pa'i bud med kyi lus bzhin no zhes 'dus byas brdzun par dam bcas pa sgrub pa'i gtan tshigs slu ba'i chos yin pa'i phyir ro zhes bshad pa	slu ba'i chos yin pa'i phyir zhes bya ba ni log par snang ba'i phyir dper na sgyu ma mkhan gyis sprul pa'i bud med kyi lus bzhin no zhes 'dus byas brdzun par dam bcas pa sgrub pa'i gtan tshigs slu ba'i chos yin pa'i phyir ro zhes bshad pa	284a	because they are deceptive phenomena, like the body of a woman conjured up by a magician, because they appear falsely.
['BO_T04_D3859-2:284a-11']	de la 'dir khyed na re brdzun pa zhes bya ba ni ngo bo nyid stong pa ste /	de la 'dir khyed na re brdzun pa zhes bya ba ni ngo bo nyid stong pa ste /	284a	Here you may say, “False means empty of intrinsic reality.
['BO_T04_D3859-2:284a-12']	med pa'i don yin la /	med pa'i don yin la /	284a	It means nonexistent.
['BO_T04_D3859-2:284a-13']	slu ba'i chos yin pa'i phyir zhes bya ba yang brdzun pa dang med pa'i don yin pas dam bcas pa'i don gyi phyogs gcig yin pa'i phyir bsgrub pa gtan tshigs ma tshang ba nyid kyi skyon yod pas 'dod pa'i don mi 'grub po zhes zer ba ni de	slu ba'i chos yin pa'i phyir zhes bya ba yang brdzun pa dang med pa'i don yin pas dam bcas pa'i don gyi phyogs gcig yin pa'i phyir bsgrub pa gtan tshigs ma tshang ba nyid kyi skyon yod pas 'dod pa'i don mi 'grub po zhes zer ba ni de	284a	Because it is a deceptive phenomenon also means false and nonexistent. Therefore, since it is a part of the meaning of the thesis, the reason is incomplete and there is the fault that the thesis is not established. Therefore, the desired meaning is not established.”
['BO_T04_D3859-2:284a-14']	lta ma yin te /	lta ma yin te /	284a	That is not so.
['BO_T04_D3859-2:284a-15']	gal te kho bo'i gtan tshigs slu ba'i chos zhes smos pa gang yin pa de brdzun pa dang med pa'i don yin na ni brdzun pa med pa de la ci zhig slu bar 'gyur te /	gal te kho bo'i gtan tshigs slu ba'i chos zhes smos pa gang yin pa de brdzun pa dang med pa'i don yin na ni brdzun pa med pa de la ci zhig slu bar 'gyur te /	284a	If what I call “deceptive phenomena” means false and nonexistent, then what is deceptive about that which is false and nonexistent?🔽If it is nonexistent, then there would not even be the term “deceptive phenomena.”
['BO_T04_D3859-2:284a-16', 'BO_T04_D3859-2:284a-17']	slu ba'i chos zhes bya ba'i tha snyad kyang med pa zhig na kho bo'i gtan tshigs slu ba'i chos zhes smos pa gang yin pa de ni brdzun pa dang med pa'i don ma yin te /🔽log par snang ba'i don yin pas des na 'dus byas rnams ni rnam par brtag pa'i ngo bo nyid stong pa ste /	slu ba'i chos zhes bya ba'i tha snyad kyang med pa zhig na kho bo'i gtan tshigs slu ba'i chos zhes smos pa gang yin pa de ni brdzun pa dang med pa'i don ma yin te / log par snang ba'i don yin pas des na 'dus byas rnams ni rnam par brtag pa'i ngo bo nyid stong pa ste /	284a	But what I call “deceptive phenomena” does not mean false and nonexistent.
['BO_T04_D3859-2:284a-18']	log par snang ba'i phyir dper na sgyu ma mkhan gyis sprul ba'i bud med kyi lus bzhin no zhes bstan pa'i gtan tshigs de dam bcas pa'i don gyi phyogs gcig ma yin pa'i phyir sgrub pa gtan tshigs ma tshang ba nyid kyi skyon med pas 'dod pa'i don	log par snang ba'i phyir dper na sgyu ma mkhan gyis sprul ba'i bud med kyi lus bzhin no zhes bstan pa'i gtan tshigs de dam bcas pa'i don gyi phyogs gcig ma yin pa'i phyir sgrub pa gtan tshigs ma tshang ba nyid kyi skyon med pas 'dod pa'i don	284a	It means that which appears falsely. Therefore, the argument that “because they are deceptive phenomena, compounded phenomena are empty of the entity that is their conceived object” is not flawed by the fault of the nonestablishment of the reason, because the reason is not a part of the meaning of the thesis.
['BO_T04_D3859-2:284a-19']	'grub bo zhes ston to //	'grub bo zhes ston to //	284a	Thus the desired conclusion is established.
['BO_T04_D3859-2:284a-20']	de nyid bstan pa'i phyir gal te dam bcas pa'i gtan tshigs de'i don med pa nyid yin na de la ci zhig slu bar 'gyur /	de nyid bstan pa'i phyir gal te dam bcas pa'i gtan tshigs de'i don med pa nyid yin na de la ci zhig slu bar 'gyur /	284a	In order to demonstrate that, he says: If the meaning of the argument of the thesis is nonexistent, then what is there to deceive?
['BO_T04_D3859-2:284b-0', 'BO_T04_D3859-2:284b-1']	cung zad kyang slu bar mi 'gyur te med pa'i phyir dper na ri bong gi rva @284b bzhin pas 'dus byas pa rdzun pa zhes gsungs pa'i tshig nyid kyang med do zhes bya bar dgongs so zhes bya ba smras te /🔽gal te kho bos don dam par nang gi dngos po rnams ni ngo bo nyid stong ba yin te zhes dam bcas pa'i gtan tshigs slu ba'i chos yin pa'i phyir zhes bya ba de'i don khyed zer ba ltar brdzun pa dang med pa nyid yin na de la	cung zad kyang slu bar mi 'gyur te med pa'i phyir dper na ri bong gi rva @284b bzhin pas 'dus byas pa rdzun pa zhes gsungs pa'i tshig nyid kyang med do zhes bya bar dgongs so zhes bya ba smras te / gal te kho bos don dam par nang gi dngos po rnams ni ngo bo nyid stong ba yin te zhes dam bcas pa'i gtan tshigs slu ba'i chos yin pa'i phyir zhes bya ba de'i don khyed zer ba ltar brdzun pa dang med pa nyid yin na de la	284b	Nothing at all is deceived, because it is nonexistent, like the horn of a rabbit. Therefore, the words “Compounded phenomena are false” do not exist.
['BO_T04_D3859-2:284b-2']	ci zhig slu bar 'gyur /	ci zhig slu bar 'gyur /	284b	If the meaning of the argument of the thesis “Ultimately, internal things are empty of essence” is false and nonexistent, as you say, then what is there to deceive?
['BO_T04_D3859-2:284b-3']	cung zad kyang slu bar mi 'gyur te med pa'i phyir dper na ri bong gi rva bzhin pas de lta na /	cung zad kyang slu bar mi 'gyur te med pa'i phyir dper na ri bong gi rva bzhin pas de lta na /	284b	Nothing at all is deceived, because it is nonexistent, like the horn of a rabbit. Therefore,
['BO_T04_D3859-2:284b-4']	bcom ldan 'das kyis 'dus byas brdzun pa zhes gsungs pa'i tshig nyid kyang med do zhes bya bar mdo mdzad pas dgongs so zhes bya bar sbyar te /	bcom ldan 'das kyis 'dus byas brdzun pa zhes gsungs pa'i tshig nyid kyang med do zhes bya bar mdo mdzad pas dgongs so zhes bya bar sbyar te /	284b	The Bhagavān’s statement that compounded phenomena are false is also nonexistent.
['BO_T04_D3859-2:284b-5']	de dag kyang chos can dang / bsgrub par bya ba chos dang / sgrub pa'i chos dang / dpe dang / nye bar sbyar ba'i sbyor bas glags yod pa'i tshig yin par go rims bzhin du sbyar te /	de dag kyang chos can dang / bsgrub par bya ba chos dang / sgrub pa'i chos dang / dpe dang / nye bar sbyar ba'i sbyor bas glags yod pa'i tshig yin par go rims bzhin du sbyar te /	284b	The words of the sūtra are to be applied to the subject, the predicate, the proof, the example, and the application.
['BO_T04_D3859-2:284b-6']	dper na ri bong gi rva ni med pa'i phyir de la cung zad kyang slu ba yod par mi 'gyur bas ri bong gi rva log par snang ngo zhes bya ba'i tshig nyid kyang med pa de bzhin du gal te kho bo'i dam bcas pa'i gtan tshigs de'i	dper na ri bong gi rva ni med pa'i phyir de la cung zad kyang slu ba yod par mi 'gyur bas ri bong gi rva log par snang ngo zhes bya ba'i tshig nyid kyang med pa de bzhin du gal te kho bo'i dam bcas pa'i gtan tshigs de'i	284b	For example, since the horn of a rabbit does not exist, it cannot deceive anyone in the least, and the words “The horn of a rabbit appears falsely” are also nonexistent.
['BO_T04_D3859-2:284b-7']	don kyang khyed zer ba ltar med pa nyid yin na med pa'i phyir de la cung zad kyang slu ba yod par mi 'gyur bas 'dus byas brdzun pa zhes gsungs pa'i tshigs nyid kyang med pa zhig na de lta ma yin pas glags yod pa'i tshig de dag	don kyang khyed zer ba ltar med pa nyid yin na med pa'i phyir de la cung zad kyang slu ba yod par mi 'gyur bas 'dus byas brdzun pa zhes gsungs pa'i tshigs nyid kyang med pa zhig na de lta ma yin pas glags yod pa'i tshig de dag	284b	If the meaning of “false” were as you say, namely, nonexistence, then because it would be nonexistent, it would not be deceptive in the least. Therefore, even the words “false” and “conditioned” would not exist. But this is not the case.
['BO_T04_D3859-2:284b-8']	las bzlog pa skabs kyi don nyid bstan par bya'o //	las bzlog pa skabs kyi don nyid bstan par bya'o //	284b	Therefore, the meaning of the context should be explained in a way that avoids these fallacies.
['BO_T04_D3859-2:284b-9']	de ltar glags yod pa'i tshig de dag las bzlog pas skabs kyi don nyid bstan pa'i phyir /	de ltar glags yod pa'i tshig de dag las bzlog pas skabs kyi don nyid bstan pa'i phyir /	284b	In order to explain the meaning of the context in a way that avoids these fallacies, the text says:
['BO_T04_D3859-2:284b-10']	de lta bas na brdzun pa dang slu ba'i chos zhes gsungs pa'i don ni med pa nyid ma yin te /	de lta bas na brdzun pa dang slu ba'i chos zhes gsungs pa'i don ni med pa nyid ma yin te /	284b	Therefore the meaning of the statement “false and deceptive phenomena” is not nonexistence.
['BO_T04_D3859-2:284b-11']	'o na ci zhe na /	'o na ci zhe na /	284b	What is it then?
['BO_T04_D3859-2:284b-12']	de gnyis kyi don ni rnam par brtags pa'i ngo bo nyid stong pa nyid dang / log par snang ba yin pas dam bcas pa'i don ni phyogs gcig pa nyid ma yin no zhes bya ba smras te /	de gnyis kyi don ni rnam par brtags pa'i ngo bo nyid stong pa nyid dang / log par snang ba yin pas dam bcas pa'i don ni phyogs gcig pa nyid ma yin no zhes bya ba smras te /	284b	The meaning of these two is the emptiness of the imagined nature and the appearance of error. Therefore the meaning of the thesis is not one-sided.
['BO_T04_D3859-2:284b-13']	bcom ldan 'das kyis 'dus byas rnams brdzun pa dang slu ba'i chos yin no zhes gsungs pa'i don ni pha rol po dag zer ba ltar gtan med pa nyid ma yin te /	bcom ldan 'das kyis 'dus byas rnams brdzun pa dang slu ba'i chos yin no zhes gsungs pa'i don ni pha rol po dag zer ba ltar gtan med pa nyid ma yin te /	284b	The meaning of the statement by the Bhagavat that compounded phenomena are false and deceptive phenomena is not that they are utterly nonexistent, as the opponent claims.
['BO_T04_D3859-2:284b-14']	brdzun pa zhes bya ba'i don ni ngo bo nyid stong pa ste /	brdzun pa zhes bya ba'i don ni ngo bo nyid stong pa ste /	284b	The meaning of false is empty of entityness.
['BO_T04_D3859-2:285a-0', 'BO_T04_D3859-2:285a-1']	rnam par brtags pa'i ngo bo nyid stong pa nyid dper na sgyu ma mkhan gyis sprul pa'i bud med kyi lus lta bu yin la slu ba zhes bya ba'i don ni log par snang ba ste sgyu ma mkhan gyis sprul pa'i bud med @285a * //🔽kyi lus log par snang ba lta bu yin pas kho bos don dam par nang gi dngos po rnams ni ngo bo nyid stong pa yin te zhes dam bcas pa'i gtan tshigs su slu ba'i chos yin pa'i phyir zhes smos pa de dam bcas pa'i don gyi phyogs	rnam par brtags pa'i ngo bo nyid stong pa nyid dper na sgyu ma mkhan gyis sprul pa'i bud med kyi lus lta bu yin la slu ba zhes bya ba'i don ni log par snang ba ste sgyu ma mkhan gyis sprul pa'i bud med @285a * // kyi lus log par snang ba lta bu yin pas kho bos don dam par nang gi dngos po rnams ni ngo bo nyid stong pa yin te zhes dam bcas pa'i gtan tshigs su slu ba'i chos yin pa'i phyir zhes smos pa de dam bcas pa'i don gyi phyogs	285a	The meaning of deceptive is that it appears falsely, like the body of a woman emanated by a magician.
['BO_T04_D3859-2:285a-2']	gcig nyid ma yin no //	gcig nyid ma yin no //	285a	Therefore, we do not commit the fallacy of stating a reason that is only one part of the proposition when we say, “Because they are deceptive phenomena,” as a reason for our proposition, “Ultimately, internal things are empty of entityness.”
['BO_T04_D3859-2:285a-3']	dam bcas pa'i don gyi phyogs gcig nyid me yin pa'i gtan tshigs de yang rgol ba dang / phyir rgol ba'i phyogs gnyi ga la grags pas gtan tshigs nyid du grub pas dbu ma pa'i 'dod pa'i don 'grub par bstan pa'i phyir /	dam bcas pa'i don gyi phyogs gcig nyid me yin pa'i gtan tshigs de yang rgol ba dang / phyir rgol ba'i phyogs gnyi ga la grags pas gtan tshigs nyid du grub pas dbu ma pa'i 'dod pa'i don 'grub par bstan pa'i phyir /	285a	The reason that fire is the one part of the meaning of the thesis is established as a reason because it is renowned to both parties in the debate, and therefore the meaning that the Madhyamika wishes to prove is established.
['BO_T04_D3859-2:285a-4']	log par snang ba yang phyogs gnyi ga la grags pa'i phyir des na gtan tshigs ma tshang ba nyid med pa'i phyir 'dod pa'i don grub po zhes bya ba smras so //	log par snang ba yang phyogs gnyi ga la grags pa'i phyir des na gtan tshigs ma tshang ba nyid med pa'i phyir 'dod pa'i don grub po zhes bya ba smras so //	285a	Because the appearance of the opposite is also renowned to both parties, therefore the reason is not incomplete, and the meaning that is wished to be proven is established.
['BO_T04_D3859-2:285a-5']	gzhan yang / bcom ldan 'das kyis de gsungs pa //	gzhan yang / bcom ldan 'das kyis de gsungs pa //	285a	Moreover, the Lord taught that
['BO_T04_D3859-2:285a-6']	stong nyid yongs su ston pa yin //	stong nyid yongs su ston pa yin //	285a	emptiness is the relinquishing of all views.
['BO_T04_D3859-2:285a-7']	zhes bya ba la sogs pas ni bcom ldan 'das kyis slu ba'i chos zhes bya ba de gsungs pa na stong pa nyid kyi don sten par byed pa yin gyi /	zhes bya ba la sogs pas ni bcom ldan 'das kyis slu ba'i chos zhes bya ba de gsungs pa na stong pa nyid kyi don sten par byed pa yin gyi /	285a	When the Lord taught that which is called “deceptive phenomena,” he was teaching the meaning of emptiness.
['BO_T04_D3859-2:285a-8']	dngos su stong pa nyid bstan pa ma yin pas de'i phyir yang kho bos don dam par nang gi dngos po rnams ni ngo bo nyid stong pa yin te zhes dam bcas pa de'i gtan tshigs su slu ba'i chos yin pa'i phyir zhes smos pas de dam bcas	dngos su stong pa nyid bstan pa ma yin pas de'i phyir yang kho bos don dam par nang gi dngos po rnams ni ngo bo nyid stong pa yin te zhes dam bcas pa de'i gtan tshigs su slu ba'i chos yin pa'i phyir zhes smos pas de dam bcas	285a	Since emptiness is not actually taught, therefore, in order to state the reason for the thesis “ultimately, internal things are empty of essence,” Candrakīrti says, “because they are deceptive phenomena.”
['BO_T04_D3859-2:285a-9']	pa'i don gyi phyogs gcig ma yin no zhes ston to//	pa'i don gyi phyogs gcig ma yin no zhes ston to//	285a	This shows that it is not a partial thesis.
['BO_T04_D3859-2:285a-10']	de nyid kyi tshad ma bstan pa'i phyir /	de nyid kyi tshad ma bstan pa'i phyir /	285a	In order to demonstrate the valid cognition of that,
['BO_T04_D3859-2:285a-11']	bcom ldan 'das nyon mongs pa dang shes bya'i sgrib pa rtsa ba dang bcas pa ma lus par drungs phyung bas slu ba'i chos zhes bya ba de gsungs pa ni stong pa nyid yongs su ston par byed pa yin te /	bcom ldan 'das nyon mongs pa dang shes bya'i sgrib pa rtsa ba dang bcas pa ma lus par drungs phyung bas slu ba'i chos zhes bya ba de gsungs pa ni stong pa nyid yongs su ston par byed pa yin te /	285a	Candrakīrti says, “The statement ‘deceptive phenomena’ by the Transcendent Lord, who has completely uprooted all afflictive and non-afflictive obstructions along with their roots, is a teaching of emptiness.”
['BO_T04_D3859-2:285a-12']	slu ba'i chos zhes gsungs pa ni de med na mi 'byung ba'i phyir dper na smra ba pos phyogs 'di du ba dang bcas pa yin no zhes smras pas de me dang bcas pa nyid yin par ston pa bzhin no zhes bya ba smras te /	slu ba'i chos zhes gsungs pa ni de med na mi 'byung ba'i phyir dper na smra ba pos phyogs 'di du ba dang bcas pa yin no zhes smras pas de me dang bcas pa nyid yin par ston pa bzhin no zhes bya ba smras te /	285a	The statement that it is a deceptive phenomenon is like, for example, when a speaker says, This place has smoke, he shows that it has fire because fire is not absent when smoke is present.
['BO_T04_D3859-2:285a-13']	de dag kyang chos can dang / bsgrub par bya ba chos dang / sgrub pa'i chos dang / dpe yin par go rims bzhin du sbyar te /	de dag kyang chos can dang / bsgrub par bya ba chos dang / sgrub pa'i chos dang / dpe yin par go rims bzhin du sbyar te /	285a	They are, respectively, the subject, the predicate to be proven, the proving property and the example.
['BO_T04_D3859-2:285a-14']	dper na smra ba po 'ba' zhig gis sa phyogs 'di du ba dang bcas pa yin no zhes smras pa na /	dper na smra ba po 'ba' zhig gis sa phyogs 'di du ba dang bcas pa yin no zhes smras pa na /	285a	For example, when a speaker says, This place has smoke,
['BO_T04_D3859-2:285a-15']	du ba ni me de med na mi 'byung ba yin pa'i phyir tshig des phyogs de me dang bcas pa nyid yin par ston pa yin pa /	du ba ni me de med na mi 'byung ba yin pa'i phyir tshig des phyogs de me dang bcas pa nyid yin par ston pa yin pa /	285a	because smoke is not absent when fire is present, that statement shows that that place has fire.
['BO_T04_D3859-2:285b-0']	de bzhin du bcom ldan 'das sgrib pa gnyis bag chags dang bcas pa ma lus par spangs pas 'du @285b byed rnams slu ba'i chos yin no zhes gsungs pa yang slu ba'i chos zhes bya ba ni ngo bo nyid stong pa nyid de med na mi 'byung ba	de bzhin du bcom ldan 'das sgrib pa gnyis bag chags dang bcas pa ma lus par spangs pas 'du @285b byed rnams slu ba'i chos yin no zhes gsungs pa yang slu ba'i chos zhes bya ba ni ngo bo nyid stong pa nyid de med na mi 'byung ba	285b	Likewise, the Bhagavān said, “Compounded phenomena are deceptive phenomena,” because he completely abandoned the two obscurations together with their traces.🔽The term “deceptive phenomena” refers to emptiness of essence, because they do not occur without it.
['BO_T04_D3859-2:285b-1']	yin pa'i phyir slu ba'i chos zhes gsungs pa de stong pa nyid yongs su ston par byed pa yin pas des na kho bo don dam par nang gi dngos po rnams ni ngo bo nyid stong pa nyid yin te zhes dam bcas pa de'i gtan tshigs su slu	yin pa'i phyir slu ba'i chos zhes gsungs pa de stong pa nyid yongs su ston par byed pa yin pas des na kho bo don dam par nang gi dngos po rnams ni ngo bo nyid stong pa nyid yin te zhes dam bcas pa de'i gtan tshigs su slu	285b	Therefore, since the statement “Compounded phenomena are deceptive phenomena” reveals emptiness, we maintain that ultimately internal things are empty of essence.
['BO_T04_D3859-2:285b-2']	ba'i chos yin pa'i phyir zhes smos pa dam bcas pa'i don gyi phyogs gcig ma yin pa'i phyir sgrub pa gtan tshigs ma tshang ba nyid kyi skyon med pas kho bo'i 'dod pa'i don grub po //	ba'i chos yin pa'i phyir zhes smos pa dam bcas pa'i don gyi phyogs gcig ma yin pa'i phyir sgrub pa gtan tshigs ma tshang ba nyid kyi skyon med pas kho bo'i 'dod pa'i don grub po //	285b	The reason “because they are deceptive phenomena” is not a faulty reason that is incomplete with respect to the proposition, because it is not a part of the proposition.
['BO_T04_D3859-2:285b-3']	'dir smras pa /	'dir smras pa /	285b	Here, someone might say:
['BO_T04_D3859-2:285b-4']	brdzun pa zhes gsungs pa de ni yod mod kyi 'on kyang med pa'i don kyang ma yin la chos bdag med pa yongs su ston par byed pa yang ma yin te zhes bya ba la sogs pas ni /	brdzun pa zhes gsungs pa de ni yod mod kyi 'on kyang med pa'i don kyang ma yin la chos bdag med pa yongs su ston par byed pa yang ma yin te zhes bya ba la sogs pas ni /	285b	Although the Lord did say that compounded phenomena are false, he did not mean that they are nonexistent, nor did he teach selflessness of phenomena.
['BO_T04_D3859-2:285b-5']	pha rol po dag na re bcom ldan 'das kyis 'du byed rnams brdzun pa zhes gsungs pa'i lung de ni yod mod kyi /	pha rol po dag na re bcom ldan 'das kyis 'du byed rnams brdzun pa zhes gsungs pa'i lung de ni yod mod kyi /	285b	The opponent says, “Although there is a scripture in which the Lord said that compounded phenomena are false,
['BO_T04_D3859-2:285b-6']	'on kyang de'i don ni med pa nyid kyang ma yin la des chos bdag med pa yongs su ston par byed pa yang ma yin te /	'on kyang de'i don ni med pa nyid kyang ma yin la des chos bdag med pa yongs su ston par byed pa yang ma yin te /	285b	the meaning of that scripture is not that they are nonexistent, nor does it teach selflessness of phenomena.
['BO_T04_D3859-2:285b-7']	des ni dngos po rnams la gang zag ngo bo nyid med de /	des ni dngos po rnams la gang zag ngo bo nyid med de /	285b	It teaches that persons are not inherently existent because
['BO_T04_D3859-2:285b-8']	skad cig ma re re la gnas skabs gzhan du 'gyur bar snang ba'i phyir ro //	skad cig ma re re la gnas skabs gzhan du 'gyur bar snang ba'i phyir ro //	285b	they appear to change from one moment to the next.
['BO_T04_D3859-2:285b-9']	de lta bas na chos bdag med pa'i dngos po ni mi srid pas khyed dbu ma pas don dam par nang gi dngos po rnams ni ngo bo nyid stong pa yin te slu ba'i chos yin pa'i phyir dper na sgyu ma mkhan gyis sprul pa'i bud med kyi	de lta bas na chos bdag med pa'i dngos po ni mi srid pas khyed dbu ma pas don dam par nang gi dngos po rnams ni ngo bo nyid stong pa yin te slu ba'i chos yin pa'i phyir dper na sgyu ma mkhan gyis sprul pa'i bud med kyi	285b	Therefore, since things that are the selflessness of phenomena are impossible, you Followers of the Middle Way say that ultimately inner entities are empty of their own entities because they are deceptive phenomena. You say this is similar to, for example, the body of a woman conjured up by a magician.
['BO_T04_D3859-2:285b-10']	lus bzhin no zhes bya bas 'du byed rnams rnam pa las ngo bo nyid med pa nyid du bstan pa'i don gyi dbang gis de kho na'i don bstan pa mi rung ngo zhes zer ba'i gzhung ston to /	lus bzhin no zhes bya bas 'du byed rnams rnam pa las ngo bo nyid med pa nyid du bstan pa'i don gyi dbang gis de kho na'i don bstan pa mi rung ngo zhes zer ba'i gzhung ston to /	285b	You say that the meaning of this statement is that you Followers of the Middle Way teach the meaning of suchness in an inappropriate way, by teaching that conditioned phenomena are not established from their own side.
['BO_T04_D3859-2:285b-11']	de nyid bstan pa'i phyir 'di ltar bcom ldan 'das kyis brdzun pa zhes gsungs pas ni /	de nyid bstan pa'i phyir 'di ltar bcom ldan 'das kyis brdzun pa zhes gsungs pas ni /	285b	To teach that point, the Proponents of Consciousness say, “The Buddha said that all things are false,
['BO_T04_D3859-2:285b-12']	dngos rnams ngo bo nyid med de //	dngos rnams ngo bo nyid med de //	285b	Things are devoid of entityness
['BO_T04_D3859-2:285b-13']	gzhan du 'gyur ba snang phyir ro //	gzhan du 'gyur ba snang phyir ro //	285b	Because they appear to transform.
['BO_T04_D3859-2:285b-14']	zhes bstan te gzhan du 'gyur ba nyid snang ba'i phyir ro zhes bya ba'i tha tshig go zhes bya ba smras te /	zhes bstan te gzhan du 'gyur ba nyid snang ba'i phyir ro zhes bya ba'i tha tshig go zhes bya ba smras te /	285b	They say that this is because things appear to transform.
['BO_T04_D3859-2:285b-15']	bcom ldan 'das kyis brdzun pa zhes gsungs pas ni dngos po rnams la gang zag ngo bo nyid med do //	bcom ldan 'das kyis brdzun pa zhes gsungs pas ni dngos po rnams la gang zag ngo bo nyid med do //	285b	The Transcendent Lord's statement that they are false indicates that persons are not intrinsically real in things.
['BO_T04_D3859-2:285b-16']	'di ltar dngos po rnams skad cig ma re re la gnas skabs gzhan du 'gyur ba snang ba'i phyir ro zhes bstan pa yin no //	'di ltar dngos po rnams skad cig ma re re la gnas skabs gzhan du 'gyur ba snang ba'i phyir ro zhes bstan pa yin no //	285b	This is because it is seen that things change to another state at every moment.
['BO_T04_D3859-2:285b-17']	de nyid bsnan pa'i phyir /	de nyid bsnan pa'i phyir /	285b	In order to add to that,
['BO_T04_D3859-2:286a-0']	bcom ldan 'das kyis brdzun pa zhes gsungs pas dngos po rnams ngo bo nyid med pa nyid ni @286a * //	bcom ldan 'das kyis brdzun pa zhes gsungs pas dngos po rnams ngo bo nyid med pa nyid ni @286a * //	286a	the Transcendent Lord's statement that they are false indicates that the unreality of things
['BO_T04_D3859-2:286a-1']	nges par mi gnas pa'i ngo bo nyid yin par bstan to zhes bya ba smras te /	nges par mi gnas pa'i ngo bo nyid yin par bstan to zhes bya ba smras te /	286a	is definitely an unreality that does not endure.
['BO_T04_D3859-2:286a-2']	brdzun pa zhes gsungs pa'i don ni dngos po rnams la gang zag ngo bo nyid med pa nyid de /	brdzun pa zhes gsungs pa'i don ni dngos po rnams la gang zag ngo bo nyid med pa nyid de /	286a	The meaning of the statement that they are false is that persons are not intrinsically real in things.
['BO_T04_D3859-2:286a-3']	de yang skad cig ma re re la gnas skabs gzhan du 'gyur zhing nges par mi gnas pa'i ngo bo nyid yin par bstan to//	de yang skad cig ma re re la gnas skabs gzhan du 'gyur zhing nges par mi gnas pa'i ngo bo nyid yin par bstan to//	286a	That is taught to be an unreality that does not endure, changing to another state at every moment.
['BO_T04_D3859-2:286a-4']	'di ltar brtag par rigs te /	'di ltar brtag par rigs te /	286a	This is a proper analysis.
['BO_T04_D3859-2:286a-5']	ngo bo nyid med dngos med de //	ngo bo nyid med dngos med de //	286a	Things that are unreal are not real.
['BO_T04_D3859-2:286a-6']	zhes bya bas ni chos kyi ngo bo nyid med pa'i dngos po ni mi srid pas gang zag ngo bo nyid med pa nyid du brtag par rigs so zhes bstan to //	zhes bya bas ni chos kyi ngo bo nyid med pa'i dngos po ni mi srid pas gang zag ngo bo nyid med pa nyid du brtag par rigs so zhes bstan to //	286a	This shows that since it is impossible for things to be devoid of the reality of phenomena, it is reasonable to consider that the person is devoid of reality.
['BO_T04_D3859-2:286a-7']	de nyid bstan pa'i phyir 'o na ji lta bu zhe na /	de nyid bstan pa'i phyir 'o na ji lta bu zhe na /	286a	In order to demonstrate just this, he says, “Well then, what?”
['BO_T04_D3859-2:286a-8']	ngo bo nyid dam bcas pa nyid do zhes bya ba smras te /	ngo bo nyid dam bcas pa nyid do zhes bya ba smras te /	286a	He says, “The reality of phenomena is itself the thesis.”
['BO_T04_D3859-2:286a-9', 'BO_T04_D3859-2:286a-10']	chos kyi ngo bo nyid ni yod pa nyid do zhes bya ba'i tha tshig go //🔽khyed kyi lugs ltar na dngos po rnams ngo bo nyid med pa nyid du 'gyur bas de ni mi rigs te zhes bya bas ni khyed dbu ma pas chos rnams ngo bo nyid med pa nyid du bstan pa de ni chad pa'i mthar 'gyur bas mi rigs so	chos kyi ngo bo nyid ni yod pa nyid do zhes bya ba'i tha tshig go // khyed kyi lugs ltar na dngos po rnams ngo bo nyid med pa nyid du 'gyur bas de ni mi rigs te zhes bya bas ni khyed dbu ma pas chos rnams ngo bo nyid med pa nyid du bstan pa de ni chad pa'i mthar 'gyur bas mi rigs so	286a	The meaning is that the reality of phenomena does exist.
['BO_T04_D3859-2:286a-11']	zhes zer ba'i gzhung bstan to //	zhes zer ba'i gzhung bstan to //	286a	“In your system, things would be devoid of reality. That is unreasonable” demonstrates the scriptural exegesis that states, “Since your teaching of the realitylessness of things would lead to the extreme of nihilism, it is unreasonable.”
['BO_T04_D3859-2:286a-12']	ci'i phyir de mi rigs she na /	ci'i phyir de mi rigs she na /	286a	Why is it unreasonable?
['BO_T04_D3859-2:286a-13']	gang phyir dngos rnams stong pa nyid //	gang phyir dngos rnams stong pa nyid //	286a	He says, “Because things are emptiness.”
['BO_T04_D3859-2:286a-14']	gang gi phyir dngos po rnams bdag dang bdag gi nyid dang bral ba de'i phyir stod pa nyid ces bya'i /	gang gi phyir dngos po rnams bdag dang bdag gi nyid dang bral ba de'i phyir stod pa nyid ces bya'i /	286a	Because things are devoid of self and being mine, therefore they are called “empty.”
['BO_T04_D3859-2:286a-15']	dngos po med pa ni ma yin pas de'i phyir dngos po yod par shes par bya'o zhes bya ba smras so //	dngos po med pa ni ma yin pas de'i phyir dngos po yod par shes par bya'o zhes bya ba smras so //	286a	But they are not nonexistent, therefore one should understand that things exist.
['BO_T04_D3859-2:286a-16']	ci ste de ltar mi 'dod na /	ci ste de ltar mi 'dod na /	286a	But if you do not accept this,
['BO_T04_D3859-2:286a-17']	gal te ngo bo nyid med na //	gal te ngo bo nyid med na //	286a	If they are essenceless,
['BO_T04_D3859-2:286a-18']	gzhan du 'gyur ba gang gi yin //	gzhan du 'gyur ba gang gi yin //	286a	whose is this transformation?
['BO_T04_D3859-2:286a-19']	zhes bya ba ni ci ste chos kyi ngo bo nyid yod par mi 'dod de chos kyi ngo bo nyid med na byis pa dang / gzhon nu dang / lod tsho dang / bar ma dang / gnas brtan la sogs pa'i gnas skabs gzhan du 'gyur bar mthong ba dag dngos po gang gi yin par brtag ste /	zhes bya ba ni ci ste chos kyi ngo bo nyid yod par mi 'dod de chos kyi ngo bo nyid med na byis pa dang / gzhon nu dang / lod tsho dang / bar ma dang / gnas brtan la sogs pa'i gnas skabs gzhan du 'gyur bar mthong ba dag dngos po gang gi yin par brtag ste /	286a	If you do not accept that the essence of things exists, then whose is this transformation that is seen, the transformation of the young, the old, the middle-aged, the child, the youth, the elder, and so on?
['BO_T04_D3859-2:286a-20']	gzhan du 'gyur ba de dag kyang med pa'i skyon du 'gyur ro //	gzhan du 'gyur ba de dag kyang med pa'i skyon du 'gyur ro //	286a	The error would ensue that they are nonexistent.
['BO_T04_D3859-2:286a-21']	de yang mthong bas zhes bya bas ni gzhan du 'gyur ba de yang mthong bas so //	de yang mthong bas zhes bya bas ni gzhan du 'gyur ba de yang mthong bas so //	286a	And that is seen.
['BO_T04_D3859-2:286a-22']	de'i phyir dngos po rnams la gzhan du 'gyur ba yod pa ni sgrub pa'i chos yin pas rjes su dpag par nus te zhes bya bas ni gzhan du 'gyur ba ni /	de'i phyir dngos po rnams la gzhan du 'gyur ba yod pa ni sgrub pa'i chos yin pas rjes su dpag par nus te zhes bya bas ni gzhan du 'gyur ba ni /	286a	Therefore, since the existence of transformation in things is the property to be established, it can be inferred.
['BO_T04_D3859-2:286a-23']	gang zag bdag med pa dang chos bdag yod par bsgrub pa'i gtan tshigs yin pas 'dir de'i rjes su dpag pa 'di ltar bya'o zhes ston to //	gang zag bdag med pa dang chos bdag yod par bsgrub pa'i gtan tshigs yin pas 'dir de'i rjes su dpag pa 'di ltar bya'o zhes ston to //	286a	This shows that since transformation is the reason that establishes the selflessness of persons and the existence of objective self, here it is to be inferred in this way.
['BO_T04_D3859-2:286a-24']	don dam par dngos po rnams ngo bo nyid yod de gzhan du 'gyur ba'i phyir ro //	don dam par dngos po rnams ngo bo nyid yod de gzhan du 'gyur ba'i phyir ro //	286a	Ultimately, things do exist by their own intrinsic reality, because they transform.
['BO_T04_D3859-2:286b-0']	'di na gang med pa de la ni gnan  @286b du 'gyur ba med de dper na mo gsham gyi bu bzhin no //	'di na gang med pa de la ni gnan  @286b du 'gyur ba med de dper na mo gsham gyi bu bzhin no //	286b	Here, that which does not exist does not transform, like the son of a barren woman.🔽Since internal things do transform, therefore ultimately things do exist by their own intrinsic reality.
['BO_T04_D3859-2:286b-1']	nang gi dngos po rnams la ni gzhan du 'gyur ba yod pas de'i phyir don dam par dngos po rnams ngo bo nyid yod do zhes bya ba dag ni chos can dang / bsgrub par bya ba chos dang / sgrub pa'i chos dang / chos mi mthun pa'i phyogs kyi dpe dang /	nang gi dngos po rnams la ni gzhan du 'gyur ba yod pas de'i phyir don dam par dngos po rnams ngo bo nyid yod do zhes bya ba dag ni chos can dang / bsgrub par bya ba chos dang / sgrub pa'i chos dang / chos mi mthun pa'i phyogs kyi dpe dang /	286b	This is the subject, the property to be established, the property that establishes, and the example of the discordant side.
['BO_T04_D3859-2:286b-2']	nye bar sbyar ba'i sbyor ba dang / mjug bsdu ba yin par go rims bzhin du sbyar te /	nye bar sbyar ba'i sbyor ba dang / mjug bsdu ba yin par go rims bzhin du sbyar te /	286b	The application of the analogy, the application of the conclusion, and the application of the summary are to be applied in order.
['BO_T04_D3859-2:286b-3']	'di na mo gsham gyi bu lta bu gang dag med pa de dag la ni gzhan du 'gyur ba med kyi /	'di na mo gsham gyi bu lta bu gang dag med pa de dag la ni gzhan du 'gyur ba med kyi /	286b	Here, those things that do not exist, like the son of a barren woman, do not transform into something else.
['BO_T04_D3859-2:286b-4']	nang gi dngos po rnams la ni gzhan du 'gyur ba yod pas de'i phyir nang gi dngos po rnams don dam par ngo bo nyid yod do //	nang gi dngos po rnams la ni gzhan du 'gyur ba yod pas de'i phyir nang gi dngos po rnams don dam par ngo bo nyid yod do //	286b	But internal things do transform into something else. Therefore internal things ultimately exist by their own intrinsic reality.
['BO_T04_D3859-2:286b-5']	des na chos bdag med pa'i dngos po mi srid pas khyed dbu ma pas sngar rjes su dpag pas 'du byed rnams rnam pa las ngo bo nyid med pa nyid du bstan pa'i don gyi dbang gis de kho na'i don bstan pa de mi rung ngo zhes zer	des na chos bdag med pa'i dngos po mi srid pas khyed dbu ma pas sngar rjes su dpag pas 'du byed rnams rnam pa las ngo bo nyid med pa nyid du bstan pa'i don gyi dbang gis de kho na'i don bstan pa de mi rung ngo zhes zer	286b	Therefore, since things that are the selflessness of phenomena are impossible, you Mādhyamikas previously taught the meaning of the statement that compounded phenomena are essenceless by means of an inference. That teaching of the meaning of reality is not tenable.”
['BO_T04_D3859-2:286b-6']	ro // de skad ces zer ba de'i lan du 'grel pa byed pa nyid kyis /	ro // de skad ces zer ba de'i lan du 'grel pa byed pa nyid kyis /	286b	In response to that statement, the author of the commentary says:
['BO_T04_D3859-2:286b-7']	'dir bshad pa /	'dir bshad pa /	286b	Here we reply:
['BO_T04_D3859-2:286b-8']	gal te ngo bo nyid yod na /	gal te ngo bo nyid yod na /	286b	If things exist by their own intrinsic reality,
['BO_T04_D3859-2:286b-9']	ji lta bur na gzhan du 'gyur //	ji lta bur na gzhan du 'gyur //	286b	How could they transform into something else?
['BO_T04_D3859-2:286b-10']	ngo bo nyid yod pa la gzhan du 'gyur ba nyid mi rigs te /	ngo bo nyid yod pa la gzhan du 'gyur ba nyid mi rigs te /	286b	It is not tenable that what intrinsically exists transforms into something else.
['BO_T04_D3859-2:286b-11']	ngo bo nyid ni nyams par mi 'gyur ba'i phyir ro zhes bya ba smras te /	ngo bo nyid ni nyams par mi 'gyur ba'i phyir ro zhes bya ba smras te /	286b	Because its intrinsic reality would not change.
['BO_T04_D3859-2:286b-12']	des ni pha rol po dag gi lugs la glags yod pa'i tshig gis bstan to //	des ni pha rol po dag gi lugs la glags yod pa'i tshig gis bstan to //	286b	This is what he says, and he demonstrates that the opponent’s position is untenable.
['BO_T04_D3859-2:286b-13']	glags yod pa'i tshig de las bzlog pas skabs kyi don nyid bstan pa'i phyir gzhan du 'gyur ba ni mthong ste /	glags yod pa'i tshig de las bzlog pas skabs kyi don nyid bstan pa'i phyir gzhan du 'gyur ba ni mthong ste /	286b	To demonstrate that the meaning of the context is the opposite of the opponent’s untenable position, he says, Transformation is seen.
['BO_T04_D3859-2:286b-14']	de yang ngo bo nyid med pa nyid med na mi 'byung bas gtan tshigs kyi don 'gal ba nyid do zhes bya ba smras te /	de yang ngo bo nyid med pa nyid med na mi 'byung bas gtan tshigs kyi don 'gal ba nyid do zhes bya ba smras te /	286b	And since that transformation would not occur if intrinsic reality did not exist, he says, The meaning of the reason is contradictory.
['BO_T04_D3859-2:286b-15']	dngos po rnams gzhan du 'gyur ba nyid mthong ste /	dngos po rnams gzhan du 'gyur ba nyid mthong ste /	286b	Things are seen to transform into something else.
['BO_T04_D3859-2:286b-16']	gzhan du 'gyur ba de yang ngo bo nyid med pa nyid med na mi 'byung bas de'i phyir pha rol po dag na re don dam par dngos po'i ngo bo nyid yod de gzhan du 'gyur ba'i phyir ro zhes zer ba'i gtan tshigs de'i don 'gal ba nyid	gzhan du 'gyur ba de yang ngo bo nyid med pa nyid med na mi 'byung bas de'i phyir pha rol po dag na re don dam par dngos po'i ngo bo nyid yod de gzhan du 'gyur ba'i phyir ro zhes zer ba'i gtan tshigs de'i don 'gal ba nyid	286b	And since that transformation would not occur if intrinsic reality did not exist, therefore the meaning of the reason that the opponent states, “Ultimately things have intrinsic reality because they transform,” is contradictory.
['BO_T04_D3859-2:286b-17', 'BO_T04_D3859-2:286b-18', 'BO_T04_D3859-2:286b-19']	yin pas / chos rnams ngo bo nyid med pa nyid du grub po /🔽// / bam po lnga bcu gcig pa /🔽gzhan dag gis smras pa /	yin pas / chos rnams ngo bo nyid med pa nyid du grub po / // / bam po lnga bcu gcig pa / gzhan dag gis smras pa /	286b	Therefore, phenomena are established as lacking entityness.🔽🔽🔽Others say:🔽
['BO_T04_D3859-2:286b-20', 'BO_T04_D3859-2:287a-0', 'BO_T04_D3859-2:287a-1', 'BO_T04_D3859-2:287a-2']	slu ba'i chos zhes bya ba'i don ni log par snang ba'i don yin mod kyi dngos po med pa'i don ma yin no zhes bya ba la sogs pas ni sngar dbu ma pas brdzun pa zhes bya ba ni rnam par brtags pa'i ngo bo nyid stong pa nyid🔽yin la / de ni log par snang ba yin pas slu ba'i chos yin @287a * //🔽pa'i phyir ngo bo nyid stong pa yin te /🔽dper na sgyu ma mkhan gyis sprul pa'i bud med kyi lus bzhin no zhes bya bar don dam par dngos po rnams ngo bo nyid stong pas chos rnams bdag med pa'i de kho na bstan pa de la /	slu ba'i chos zhes bya ba'i don ni log par snang ba'i don yin mod kyi dngos po med pa'i don ma yin no zhes bya ba la sogs pas ni sngar dbu ma pas brdzun pa zhes bya ba ni rnam par brtags pa'i ngo bo nyid stong pa nyid🔽yin la / de ni log par snang ba yin pas slu ba'i chos yin @287a * //🔽pa'i phyir ngo bo nyid stong pa yin te /🔽dper na sgyu ma mkhan gyis sprul pa'i bud med kyi lus bzhin no zhes bya bar don dam par dngos po rnams ngo bo nyid stong pas chos rnams bdag med pa'i de kho na bstan pa de la /	286b	Therefore, phenomena are established as essenceless.
['BO_T04_D3859-2:287a-3']	'dir sde pa gzhan dag na re khyed dbu ma pas 'dus byas rnams rnam par brtags pa'i ngo bo nyid stong pa nyid yin pas brdzun pa'i phyir ngo bo nyid stong pa yin te zhes dam bcas pa de'i gtan tshigs su de log par snang ba yin pas	'dir sde pa gzhan dag na re khyed dbu ma pas 'dus byas rnams rnam par brtags pa'i ngo bo nyid stong pa nyid yin pas brdzun pa'i phyir ngo bo nyid stong pa yin te zhes dam bcas pa de'i gtan tshigs su de log par snang ba yin pas	287a	Here, other schools say that you Madhyamaka say that conditioned phenomena are empty of an essence that is imputed by an essence because they are false, and that you state the reason for that assertion as “because they are deceptive.”
['BO_T04_D3859-2:287a-4']	slu ba'i phyir ngo bo nyid stong pa yin no zhes smos pa la slu ba'i chos zhes bya ba'i don ni log par snang ba'i don yin mod kyi /	slu ba'i phyir ngo bo nyid stong pa yin no zhes smos pa la slu ba'i chos zhes bya ba'i don ni log par snang ba'i don yin mod kyi /	287a	The meaning of the term deceptive phenomenon is indeed the meaning of false appearance.
['BO_T04_D3859-2:287a-5']	dngos po med pa'i don ma yin te 'di ltar gang zag bdag dang bdag gi med pa nyid las bdag dang bdag gir log par snang bas slu ba'i chos yin pa de ni bden no //	dngos po med pa'i don ma yin te 'di ltar gang zag bdag dang bdag gi med pa nyid las bdag dang bdag gir log par snang bas slu ba'i chos yin pa de ni bden no //	287a	But it does not mean nonentity because it is true that the person is a deceptive phenomenon in the sense that the nonexistence of a self and being mine falsely appears as a self and being mine.
['BO_T04_D3859-2:287a-6']	khyod kyis chos rnams ngo bo nyid med pas dngos po med par bshad pa ni ri bong gi rva bzhin du med pa nyid yin pas de'i phyir slu ba'i chos zhes bya ba'i don dngos po med pa'i don ni ma yin no zhes zer ba'i gzhung ston to	khyod kyis chos rnams ngo bo nyid med pas dngos po med par bshad pa ni ri bong gi rva bzhin du med pa nyid yin pas de'i phyir slu ba'i chos zhes bya ba'i don dngos po med pa'i don ni ma yin no zhes zer ba'i gzhung ston to	287a	The meaning of the term “deceptive phenomena” is not the meaning of “nonexistent things.”
['BO_T04_D3859-2:287a-7']	// ci'i phyir slu ba'i chos zhes bya ba'i don log par snang ba'i don yin gyi dngos po med pa'i don ma yin zhe na /	// ci'i phyir slu ba'i chos zhes bya ba'i don log par snang ba'i don yin gyi dngos po med pa'i don ma yin zhe na /	287a	Why is the meaning of the term “deceptive phenomena” the meaning of “false appearances” and not the meaning of “nonexistent things”?
['BO_T04_D3859-2:287a-8']	de'i phyir brdzun pa zhes gsungs pa des ni dngos po rnams ngo bo nyid med pa nyid ces bya ba bdag med pa nyid bstan te /	de'i phyir brdzun pa zhes gsungs pa des ni dngos po rnams ngo bo nyid med pa nyid ces bya ba bdag med pa nyid bstan te /	287a	The term “false” indicates that things are essenceless, that is, that they are selfless.
['BO_T04_D3859-2:287a-9']	ngo bo nyid ces bya ba'i sgra ni bdag gi tshig yin pa'i phyir ro zhes bya ba smras te /	ngo bo nyid ces bya ba'i sgra ni bdag gi tshig yin pa'i phyir ro zhes bya ba smras te /	287a	This is because the term “essence” is a synonym for “self.”
['BO_T04_D3859-2:287a-10']	slu ba'i chos yin pa'i phyir zhes bya ba'i gtan tshigs des bsgrub par bya ba chos ni 'dus byas gang yin pa de ni brdzun pa ste zhes bya ba yin la /	slu ba'i chos yin pa'i phyir zhes bya ba'i gtan tshigs des bsgrub par bya ba chos ni 'dus byas gang yin pa de ni brdzun pa ste zhes bya ba yin la /	287a	The predicate of the probandum in the argument “because they are deceptive phenomena” is “whatever is compounded is false.”
['BO_T04_D3859-2:287a-11']	brdzun pa zhes gsungs pa des ni dngos po rnams ngo bo nyid med pa nyid du bstan la /	brdzun pa zhes gsungs pa des ni dngos po rnams ngo bo nyid med pa nyid du bstan la /	287a	The statement “false” indicates that things are essenceless.
['BO_T04_D3859-2:287a-12']	ngo bo nyid med pa nyid ces bya ba ni bdag med pa nyid yin te /	ngo bo nyid med pa nyid ces bya ba ni bdag med pa nyid yin te /	287a	“ Essencelessness” means “selflessness.”
['BO_T04_D3859-2:287a-13']	ngo bo nyid ces bya ba'i sgra ni bdag gi tshig yin pa'i phyir ro //	ngo bo nyid ces bya ba'i sgra ni bdag gi tshig yin pa'i phyir ro //	287a	This is because the term “essence” is a synonym for “self.”
['BO_T04_D3859-2:287a-14']	ci'i phyir zhe na zhes bya ba ni dbu ma pas ci'i phyir dngos po rnams la gang zag bdag med ces dri ba'i tshig yin no //	ci'i phyir zhe na zhes bya ba ni dbu ma pas ci'i phyir dngos po rnams la gang zag bdag med ces dri ba'i tshig yin no //	287a	Why is that? This is a question asked by a Follower of the Middle Way, who is asking, “Why do you say that things are selfless?”
['BO_T04_D3859-2:287a-15']	de'i lan du pha rol po dag nyid kyis sngar smras pa'i tshig le'ur byas pa'i rtsa ba /	de'i lan du pha rol po dag nyid kyis sngar smras pa'i tshig le'ur byas pa'i rtsa ba /	287a	In response, the counterparts cite a verse from their root text:
['BO_T04_D3859-2:287a-16']	gzhan du 'gyur ba snang phyir ro //	gzhan du 'gyur ba snang phyir ro //	287a	Because transformation is seen.
['BO_T04_D3859-2:287a-17', 'BO_T04_D3859-2:287a-18']	zhes bya ba 'di smras so //🔽de nyid bstan pa'i phyir /	zhes bya ba 'di smras so // de nyid bstan pa'i phyir /	287a	This is what they say.
['BO_T04_D3859-2:287b-0']	gzhan du 'gyur ba nyid snang ba'i phyir ro zhes bya ba'i tha tshig go zhes bya ba @287b smras te /	gzhan du 'gyur ba nyid snang ba'i phyir ro zhes bya ba'i tha tshig go zhes bya ba @287b smras te /	287b	To explain this, Bhāviveka says, “Because transformation is seen,” meaning that the counterparts say this because they see transformation.
['BO_T04_D3859-2:287b-1']	dngos po rnams gzhan du 'gyur ba nyid snang ba'i phyir gang zag bdag med pa yin no zhes bya ba'i tha tshig go //	dngos po rnams gzhan du 'gyur ba nyid snang ba'i phyir gang zag bdag med pa yin no zhes bya ba'i tha tshig go //	287b	It is the meaning of the statement that the person is selflessness because it is seen that things are transformed into something else.
['BO_T04_D3859-2:287b-2']	de nyid bye brag tu bshad pa bstan pa'i phyir de lta bas na brdzun pa zhes gsungs pa ni bdag med pa nyid med na mi 'byung ba'i phyir bdag med pa nyid ston pa yin gyi stong pa nyid ston pa ni ma yin no zhes bya ba smras	de nyid bye brag tu bshad pa bstan pa'i phyir de lta bas na brdzun pa zhes gsungs pa ni bdag med pa nyid med na mi 'byung ba'i phyir bdag med pa nyid ston pa yin gyi stong pa nyid ston pa ni ma yin no zhes bya ba smras	287b	In order to teach that very point, the commentary states, “Therefore, it is false,” because selflessness is taught, since it does not occur if selflessness does not exist, but emptiness is not taught.
['BO_T04_D3859-2:287b-3']	te // gang zag bdag med pa nyid ston pa yin gyi chos bdag med pa nyid bstan pa ma yin no zhes bye brag tu bshad pa ston to //	te // gang zag bdag med pa nyid ston pa yin gyi chos bdag med pa nyid bstan pa ma yin no zhes bye brag tu bshad pa ston to //	287b	This teaches the Abhidharma explanation that the selflessness of the person is taught, but the selflessness of phenomena is not taught.
['BO_T04_D3859-2:287b-4']	de ltar gang zag bdag med pa'i don de la ci'i phyir brdzun pa zhes bya ba'i sgrar gsungs she na /	de ltar gang zag bdag med pa'i don de la ci'i phyir brdzun pa zhes bya ba'i sgrar gsungs she na /	287b	Why is the term “false” used to refer to the meaning of the selflessness of the person?
['BO_T04_D3859-2:287b-5']	de'i phyir 'di ltar 'phags pa'i lam ma skyes pas 'jig tshogs la lta ba'i ri'i drungs ma phyung ba dag la ni nang dang phyi rol gyi dngos po rnams bdag dang bdag gir rnam par snang la /	de'i phyir 'di ltar 'phags pa'i lam ma skyes pas 'jig tshogs la lta ba'i ri'i drungs ma phyung ba dag la ni nang dang phyi rol gyi dngos po rnams bdag dang bdag gir rnam par snang la /	287b	Therefore, since the ārya path has not arisen, the mountain of the view of the transitory collection has not been uprooted, and internal and external things appear as “I” and “mine.”
['BO_T04_D3859-2:287b-6']	'phags pa'i lam yang dag par skyes pa rnams la ni de ltar yul gyi dngos por mi 'gyur bas de ltar bdag dang bdag gir log par snang ba'i phyir bcom ldan 'das kyis brdzun pa zhes gsungs so zhes bya ba smras so //	'phags pa'i lam yang dag par skyes pa rnams la ni de ltar yul gyi dngos por mi 'gyur bas de ltar bdag dang bdag gir log par snang ba'i phyir bcom ldan 'das kyis brdzun pa zhes gsungs so zhes bya ba smras so //	287b	But for those who have correctly generated the ārya path, those things do not appear as objects. Therefore the Bhagavān said that they are false because they appear as “I” and “mine” in a distorted way.
['BO_T04_D3859-2:287b-7']	de la gal te ngo bo nyid med pa dag mu stegs byed kyis yongs su brtags pa'i bdag gis bdag med de zhes bya bar sgrub na ni grub pa la sgrub pa yin no zhes bya bas ni de ltar na ngo bo nyid med pa zhes bya bas	de la gal te ngo bo nyid med pa dag mu stegs byed kyis yongs su brtags pa'i bdag gis bdag med de zhes bya bar sgrub na ni grub pa la sgrub pa yin no zhes bya bas ni de ltar na ngo bo nyid med pa zhes bya bas	287b	If you argue that the nonexistence of intrinsic reality is established by the nonexistence of the self imagined by the tīrthikas, then you are establishing what is already established.
['BO_T04_D3859-2:287b-8']	ni gang zag bdag dang bdag gi ngo bo nyid med pa dag yin pas de la gal te khyed dbu ma pas ngo bo nyid med pa de dag gzhan du mu stegs byed kyis yongs su brtags pa'i bdag med pas bdag dang bdag gi med do zhes bya	ni gang zag bdag dang bdag gi ngo bo nyid med pa dag yin pas de la gal te khyed dbu ma pas ngo bo nyid med pa de dag gzhan du mu stegs byed kyis yongs su brtags pa'i bdag med pas bdag dang bdag gi med do zhes bya	287b	If you Followers of the Middle Way say that the self and entities connected to the self lack entityness, then you must also say that the self and entities connected to the self are nonexistent.🔽
['BO_T04_D3859-2:287b-9']	bar sgrub na ni grub pa la sgrub pa'i skyon chags pa yin te /	bar sgrub na ni grub pa la sgrub pa'i skyon chags pa yin te /	287b	If you Madhyamikas prove that those who are devoid of the self and intrinsic reality of the personal entity are devoid of the self and what pertains to the self by means of the nonexistence of the self imagined by the heterodox, then you have the fault of proving what is already established for us.
['BO_T04_D3859-2:287b-10']	kho bo cag gi phyogs la yang de med par grub pa'i phyir ro //	kho bo cag gi phyogs la yang de med par grub pa'i phyir ro //	287b	For us, that is already established as nonexistent.
['BO_T04_D3859-2:287b-11']	ci ste ngo bo nyid stong pa nyid ces bya bar sgrub na ni sgyu ma mkhan gyis sprul pa'i bud med kyi lus bzhin no zhes bya ba la /	ci ste ngo bo nyid stong pa nyid ces bya bar sgrub na ni sgyu ma mkhan gyis sprul pa'i bud med kyi lus bzhin no zhes bya ba la /	287b	If you prove the so-called emptiness of intrinsic reality, it is like the body of a woman conjured up by a magician.
['BO_T04_D3859-2:287b-12']	ngo bo nyid stong pa nyid ces bya ba dngos po med pa'i mtshan nyid med pas des na gtan tshigs mi mthun pa'i phyogs 'ba' zhig la yod pa'i phyir don 'gal ba nyid do zhes bya bas ni ci ste khyed dbu ma pas ngo bo nyid med pa	ngo bo nyid stong pa nyid ces bya ba dngos po med pa'i mtshan nyid med pas des na gtan tshigs mi mthun pa'i phyogs 'ba' zhig la yod pa'i phyir don 'gal ba nyid do zhes bya bas ni ci ste khyed dbu ma pas ngo bo nyid med pa	287b	The so-called emptiness of intrinsic reality is not the characteristic of nonexistence. Therefore, since the reason exists only in the discordant side, it is contradictory.
['BO_T04_D3859-2:288a-0']	de dag gis theg pa chen po pas chos rnams ngo bo nyid stong pa nyid ces dam bcas pa de sgrub pa yin na ni khyed kyi dpe sgyu ma mkhan gyis sprul pa'i bud med kyi lus bzhin @288a * //	de dag gis theg pa chen po pas chos rnams ngo bo nyid stong pa nyid ces dam bcas pa de sgrub pa yin na ni khyed kyi dpe sgyu ma mkhan gyis sprul pa'i bud med kyi lus bzhin @288a * //	288a	If you were to prove the thesis of the Mahayana that phenomena are empty of intrinsic reality, then your example would be like the body of a woman conjured up by a magician.
['BO_T04_D3859-2:288a-1']	no zhes bya ba de la khyod kyi bsgrub par bya ba chos ngo bo nyid stong pa nyid ces bya ba dngos po med pa'i mtshan nyid de med de /	no zhes bya ba de la khyod kyi bsgrub par bya ba chos ngo bo nyid stong pa nyid ces bya ba dngos po med pa'i mtshan nyid de med de /	288a	In that case, your probandum, the property of being empty of intrinsic reality, would not exist, because it would have the character of nonexistence.
['BO_T04_D3859-2:288a-2']	'di ltar sgyu ma mkhan gyis sprul pa'i bud med kyi lus la bud med kyi dngos po med kyang /	'di ltar sgyu ma mkhan gyis sprul pa'i bud med kyi lus la bud med kyi dngos po med kyang /	288a	This is because, although there is no woman in the body of a woman conjured up by a magician,
['BO_T04_D3859-2:288a-3']	rtsva dang shing la sogs pa sgyu ma'i yo byad rnams kyi dngos po med pa nyid ma yin pa'i phyir ro //	rtsva dang shing la sogs pa sgyu ma'i yo byad rnams kyi dngos po med pa nyid ma yin pa'i phyir ro //	288a	it is not the case that there is no reality of the magician’s props, such as grass and wood.
['BO_T04_D3859-2:288a-4']	des na khyed kyi chos rnams ngo bo nyid stong pa nyid du sgrub pa'i gtan tshigs slu ba'i chos yin pa'i phyir zhes smos pa de khyed kyi mi mthun pa'i phyogs su gyur pa kho bo cag gi phyogs 'ba' zhig la yod pa'i phyir /	des na khyed kyi chos rnams ngo bo nyid stong pa nyid du sgrub pa'i gtan tshigs slu ba'i chos yin pa'i phyir zhes smos pa de khyed kyi mi mthun pa'i phyogs su gyur pa kho bo cag gi phyogs 'ba' zhig la yod pa'i phyir /	288a	Therefore, since the reason you state, “because your phenomena are deceptive phenomena,” is only a position of ours, which is the opposite of your position,
['BO_T04_D3859-2:288a-5']	khyed chos rnams ngo bo nyid stong par bsgrub pa dang don 'gal ba nyid yin pas ma grub po zhes zer ro //	khyed chos rnams ngo bo nyid stong par bsgrub pa dang don 'gal ba nyid yin pas ma grub po zhes zer ro //	288a	then your proof that phenomena are empty of their own entities is contradictory to your own purpose and thus is unestablished.
['BO_T04_D3859-2:288a-6']	de skad ces zer ba de'i lan du 'grel pa byed pa nyid kyis 'dir bshad pa /	de skad ces zer ba de'i lan du 'grel pa byed pa nyid kyis 'dir bshad pa /	288a	In response to that statement, the author of the commentary explains here:
['BO_T04_D3859-2:288a-7']	khyed ngo bo nyid med pa dag gi ri bong gi rva bzhin du ngo bo nyid med pa nyid du sgro btags nas kun du skrag par gyur pa ni dper na byis pa dag mtshan mo rang gi grib ma la 'dri nyid du sgro btags nas skrag pa'i	khyed ngo bo nyid med pa dag gi ri bong gi rva bzhin du ngo bo nyid med pa nyid du sgro btags nas kun du skrag par gyur pa ni dper na byis pa dag mtshan mo rang gi grib ma la 'dri nyid du sgro btags nas skrag pa'i	288a	You who are empty of entity superimpose nonentity, like the horn of a rabbit, and become frightened. For example, like children who, at night, superimpose a rope on their own shadow and become frightened,
['BO_T04_D3859-2:288a-8']	skad 'byin pa dang 'dra'o zhes bya ba la sogs pa smras te /	skad 'byin pa dang 'dra'o zhes bya ba la sogs pa smras te /	288a	they cry out.
['BO_T04_D3859-2:288a-9']	khyed sde pa gzhan dag kho bos chos bdag med pa bstan pa de'i phyir ri bong gi rva bzhin du gtan med par sems shing stong pa nyid kyis skrag ste /	khyed sde pa gzhan dag kho bos chos bdag med pa bstan pa de'i phyir ri bong gi rva bzhin du gtan med par sems shing stong pa nyid kyis skrag ste /	288a	You other schools think that because we teach the selflessness of phenomena, phenomena are utterly nonexistent, like the horns of a rabbit, and you fear emptiness.
['BO_T04_D3859-2:288a-10', 'BO_T04_D3859-2:288a-11']	gya tshom du de skad rgol ba ni dpe de dang 'dra'o //🔽de la gal te ngo bo nyid med pa dag mu stegs byed kyis yongs su brtags pa'i bdag gis bdag med do zhes bya bar sgrub na ni grub pa la sgrub pa yin no zhes bya ba la sogs pa'i sgras bsdu ba ci ste ngo bo nyid stong	gya tshom du de skad rgol ba ni dpe de dang 'dra'o // de la gal te ngo bo nyid med pa dag mu stegs byed kyis yongs su brtags pa'i bdag gis bdag med do zhes bya bar sgrub na ni grub pa la sgrub pa yin no zhes bya ba la sogs pa'i sgras bsdu ba ci ste ngo bo nyid stong	288a	You rashly argue in that way, like the example of the rabbit’s horns.🔽If you prove that things that lack intrinsic existence are selfless because of being imputed by the tīrthikas to be a self, then it is a proof of what is already established.
['BO_T04_D3859-2:288a-12']	pa nyid ces bya bar sgrub na ni sgyu ma mkhan gyis sprul pa'i bud med kyi lus bzhin no zhes bya ba la /	pa nyid ces bya bar sgrub na ni sgyu ma mkhan gyis sprul pa'i bud med kyi lus bzhin no zhes bya ba la /	288a	If you prove that things that lack intrinsic existence are empty of intrinsic existence, then it is like the body of an illusory woman conjured by a magician.
['BO_T04_D3859-2:288a-13']	ngo bo nyid stong pa nyid ces bya ba dngos po med pa'i mtshan nyid med pas des na gtan tshigs mi mthun pa'i phyogs 'ba' zhig la yod pa'i phyir don 'gal ba nyid do zhes khyed kho bo la gal gnyis po de dag brjod mod kyi /	ngo bo nyid stong pa nyid ces bya ba dngos po med pa'i mtshan nyid med pas des na gtan tshigs mi mthun pa'i phyogs 'ba' zhig la yod pa'i phyir don 'gal ba nyid do zhes khyed kho bo la gal gnyis po de dag brjod mod kyi /	288a	Although you have stated these two faults to me,
['BO_T04_D3859-2:288a-14']	'on kyang de dag kho bo'i phyogs la mi gnod kyi rigs pa nyon cig ces bya bar sbyar ro //	'on kyang de dag kho bo'i phyogs la mi gnod kyi rigs pa nyon cig ces bya bar sbyar ro //	288a	nevertheless, they do not harm my position. Listen to the reasoning.
['BO_T04_D3859-2:288b-0']	de la khyed gal te mu stegs byed kyis yongs su brtags pa'i bdag ni phung po la sogs pa de dag las gzhan na yang med la rang nyid kyang ma yin pas phung po la sogs pa de dag @288b la bdag med pa'i dngos po bdag med pa	de la khyed gal te mu stegs byed kyis yongs su brtags pa'i bdag ni phung po la sogs pa de dag las gzhan na yang med la rang nyid kyang ma yin pas phung po la sogs pa de dag @288b la bdag med pa'i dngos po bdag med pa	288b	If you say that the self imagined by the tīrthikas does not exist apart from the aggregates and so on, and since it is not itself, the non-entity of self in those aggregates and so on is called selflessness,
['BO_T04_D3859-2:288b-1']	nyid ces bya ba de brdzun pa zhes gsungs pa nyid kyis bstan par bya ba yin no zhes zer na de ltar gyur kyang bla ste zhes dbu ma pas khas blang bar bya'o //	nyid ces bya ba de brdzun pa zhes gsungs pa nyid kyis bstan par bya ba yin no zhes zer na de ltar gyur kyang bla ste zhes dbu ma pas khas blang bar bya'o //	288b	and since it is said to be false, it should be taught, the Madhyamika should accept that this is so.
['BO_T04_D3859-2:288b-2']	ci ltar blang zhe na /	ci ltar blang zhe na /	288b	How is it accepted?
['BO_T04_D3859-2:288b-3', 'BO_T04_D3859-2:288b-4', 'BO_T04_D3859-2:288b-5']	de'i phyir gal te dngos po rnams ngo bo nyid stong pa nyid du bstan pa'i phyir slu ba'i chos yin pa'i phyir zhes kho bos gtan tshigs sbyar bas gang zag bdag med pa nyid kyang gtan tshigs de med na mi 'byung ba'i phyir gtan tshigs des gang zag🔽bdag med pa nyid ston par byed na yang grub pa la sgrub pa'i skyon du mi 'gyur te /🔽dper na mi rtag pa nyid bstan pa'i phyir byas pa nyid ces bya ba'i gtan tshigs sbyar bas sdug bsngal la sogs pa dag kyang gtan tshigs de med na mi 'byung ba'i phyir /	de'i phyir gal te dngos po rnams ngo bo nyid stong pa nyid du bstan pa'i phyir slu ba'i chos yin pa'i phyir zhes kho bos gtan tshigs sbyar bas gang zag bdag med pa nyid kyang gtan tshigs de med na mi 'byung ba'i phyir gtan tshigs des gang zag bdag med pa nyid ston par byed na yang grub pa la sgrub pa'i skyon du mi 'gyur te / dper na mi rtag pa nyid bstan pa'i phyir byas pa nyid ces bya ba'i gtan tshigs sbyar bas sdug bsngal la sogs pa dag kyang gtan tshigs de med na mi 'byung ba'i phyir /	288b	Therefore, if I use the reason “because they are deceptive phenomena” to teach that things are empty of intrinsic reality, then since the selflessness of persons is not established without that reason,🔽that reason also teaches the selflessness of persons.🔽But if that is so, then there is the fault that you are proving what is already established.🔽For example, if you use the reason “because they are produced” to teach impermanence, then since suffering and so on are not established without that reason,
['BO_T04_D3859-2:288b-6']	gtan tshigs des sdug bsngal la sogs pa ston par byed pa la grub pa la sgrub pa'i skyon med pa dang 'dra la slu ba'i chos yin pa'i phyir zhes bya ba'i gtan tshigs des /	gtan tshigs des sdug bsngal la sogs pa ston par byed pa la grub pa la sgrub pa'i skyon med pa dang 'dra la slu ba'i chos yin pa'i phyir zhes bya ba'i gtan tshigs des /	288b	that reason also teaches suffering and so on. But there is no fault of proving what is already established.
['BO_T04_D3859-2:288b-7']	chos bdag med pa ngo bo nyid stong pa nyid kyang ston par byed pa nyid yin pas kho bo cag la ci gnod ces bya bar sbyar te re zhig de dag gis ni sngar pha rol po dag na re de la gal te ngo bo nyid med pa	chos bdag med pa ngo bo nyid stong pa nyid kyang ston par byed pa nyid yin pas kho bo cag la ci gnod ces bya bar sbyar te re zhig de dag gis ni sngar pha rol po dag na re de la gal te ngo bo nyid med pa	288b	This is the reply to the counterparts’ earlier statement: “If it has no essence,
['BO_T04_D3859-2:288b-8']	dag mu stegs byed kyis yongs su brtags pa'i bdag gis bdag med do zhes bya bar sgrub na ni grub pa la sgrub pa yin no zhes zer ba'i lan btab po /	dag mu stegs byed kyis yongs su brtags pa'i bdag gis bdag med do zhes bya bar sgrub na ni grub pa la sgrub pa yin no zhes zer ba'i lan btab po /	288b	if you prove that the self does not exist because of the self that is imagined by the tīrthikas, then you are proving what is already established.”
['BO_T04_D3859-2:288b-9']	slu ba'i chos nyid kyang ngo bo nyid stong pa nyid ces bya ba de med na mi 'byung ba'i phyir kho bo'i dpe sgyu ma mkhan gyis sprul pa'i bud med kyi lus bzhin no zhes bya ba de yang ngo bo nyid stong pa nyid yin pas des na	slu ba'i chos nyid kyang ngo bo nyid stong pa nyid ces bya ba de med na mi 'byung ba'i phyir kho bo'i dpe sgyu ma mkhan gyis sprul pa'i bud med kyi lus bzhin no zhes bya ba de yang ngo bo nyid stong pa nyid yin pas des na	288b	Since the very emptiness of inherent existence is the reality of deception, and since it is the case that the reality of deception does not occur without emptiness of inherent existence, the example of the illusory woman conjured up by the magician is also emptiness of inherent existence.
['BO_T04_D3859-2:288b-10']	kho bo'i gtan tshigs slu ba'i chos yin pa'i phyir zhes bya ba de phyogs gnyi ga la yod pa'i phyir don 'gal ba nyid ma yin te /	kho bo'i gtan tshigs slu ba'i chos yin pa'i phyir zhes bya ba de phyogs gnyi ga la yod pa'i phyir don 'gal ba nyid ma yin te /	288b	Therefore, since the reason “because it is deceptive” is present in both positions, it is not the case that there is a contradiction in meaning.
['BO_T04_D3859-2:288b-11']	'gal ba ltar snang ba yin no zhes bya bar sbyar te /	'gal ba ltar snang ba yin no zhes bya bar sbyar te /	288b	The phrase “it is as if there were a contradiction” should be supplied.🔽This is the response to the opponent’s earlier objection: “If you are proving that things are empty of intrinsic reality, then your example is similar to the body of a woman conjured up by a magician.”🔽The opponent says that the reason is contradictory because it is only present in the dissimilar instances.
['BO_T04_D3859-2:288b-12']	des ni sngar pha rol po dag na re ci ste ngo bo nyid stong pa nyid ces bya bar sgrub na ni sgyu ma mkhan gyis sprul pa'i bud med kyi lus bzhin no zhes bya ba la /	des ni sngar pha rol po dag na re ci ste ngo bo nyid stong pa nyid ces bya bar sgrub na ni sgyu ma mkhan gyis sprul pa'i bud med kyi lus bzhin no zhes bya ba la /	288b	This is the response to the opponent’s earlier objection: “If you are proving that things are empty of intrinsic reality, then your example is similar to the body of a woman conjured up by a magician.”🔽The opponent says that the reason is contradictory because it is only present in the dissimilar instances.🔽The phrase “it is as if there were a contradiction” should be supplied.🔽This is the response to the opponent’s earlier objection: “If you are proving that things are empty of intrinsic reality, then your example is similar to the body of a woman conjured up by a magician.”
['BO_T04_D3859-2:288b-13', 'BO_T04_D3859-2:289a-0']	ngo bo nyid stong pa nyid ces bya ba dngos po med pa'i mtshan nyid med pa des na gtan tshigs mi mthun pa'i phyogs 'ba' zhig la yod pa'i phyir don 'gal ba nyid do zhes zer ba'i lan btab po //🔽de ni sngar pha rol po dag na re brdzun @289a * //	ngo bo nyid stong pa nyid ces bya ba dngos po med pa'i mtshan nyid med pa des na gtan tshigs mi mthun pa'i phyogs 'ba' zhig la yod pa'i phyir don 'gal ba nyid do zhes zer ba'i lan btab po // de ni sngar pha rol po dag na re brdzun @289a * //	288b	The opponent says that the reason is contradictory because it is only present in the dissimilar instances.🔽The phrase “it is as if there were a contradiction” should be supplied.🔽This is the response to the opponent’s earlier objection: “If you are proving that things are empty of intrinsic reality, then your example is similar to the body of a woman conjured up by a magician.”🔽The opponent says that the reason is contradictory because it is only present in the dissimilar instances.🔽The phrase “it is as if there were a contradiction” should be supplied.
['BO_T04_D3859-2:289a-1']	pa zhes gsungs pa des ni dngos po rnams ngo bo nyid med pa nyid ces bya ba bdag med pa nyid bstan te /	pa zhes gsungs pa des ni dngos po rnams ngo bo nyid med pa nyid ces bya ba bdag med pa nyid bstan te /	289a	This is the response to the opponent’s earlier objection: “If you are proving that things are empty of intrinsic reality, then your example is similar to the body of a woman conjured up by a magician.”🔽The opponent says that the reason is contradictory because it is only present in the dissimilar instances.
['BO_T04_D3859-2:289a-2', 'BO_T04_D3859-2:289a-3']	ngo bo nyid ces bya ba'i sgra ni bdag gi tshig yin pa'i phyir ro //🔽ci'i phyir zhe na /	ngo bo nyid ces bya ba'i sgra ni bdag gi tshig yin pa'i phyir ro // ci'i phyir zhe na /	289a	The phrase “it is as if there were a contradiction” should be supplied.🔽This is the response to the opponent’s earlier objection: “If you are proving that things are empty of intrinsic reality, then your example is similar to the body of a woman conjured up by a magician.”
['BO_T04_D3859-2:289a-4']	gzhan du 'gyur ba snang phyir ro //	gzhan du 'gyur ba snang phyir ro //	289a	The opponent says that the reason is contradictory because it is only present in the dissimilar instances.🔽The phrase “it is as if there were a contradiction” should be supplied.🔽This is the response to the opponent’s earlier objection: “If you are proving that things are empty of intrinsic reality, then your
['BO_T04_D3859-2:289a-5']	zhes zer ba'i gtan tshigs de ma grub par ston pa'i rjes su dpag par bstan par bya ste /	zhes zer ba'i gtan tshigs de ma grub par ston pa'i rjes su dpag par bstan par bya ste /	289a	I will demonstrate a syllogism that reveals the reason stated above to be unestablished.
['BO_T04_D3859-2:289a-6']	de'i phyir 'du byed rnams la gzhan du 'gyur ba nyid med de /	de'i phyir 'du byed rnams la gzhan du 'gyur ba nyid med de /	289a	Therefore compounded phenomena do not transform into something else.
['BO_T04_D3859-2:289a-7']	lta ba po'i yang dag pa dang log pa'i shes pa skye ba'i dus na shes bya'i ngo bo nyid yongs su ma spangs ba'i phyir dper na thag pa la lta ba pos thag pa'am sprul du mthong ba na thag pa'i ngo bo nyid yongs su ma spangs pa	lta ba po'i yang dag pa dang log pa'i shes pa skye ba'i dus na shes bya'i ngo bo nyid yongs su ma spangs ba'i phyir dper na thag pa la lta ba pos thag pa'am sprul du mthong ba na thag pa'i ngo bo nyid yongs su ma spangs pa	289a	When the correct or incorrect consciousnesses of the viewer arise, the entity of the object of consciousness is not completely abandoned, for example, when the viewer sees a rope or a snake, the entity of the rope is not completely abandoned.
['BO_T04_D3859-2:289a-8']	bzhin pas bdag dang bdag gir snang ba'i 'du byed rnams la gzhan du 'gyur ba med do zhes bya ba smras te /	bzhin pas bdag dang bdag gir snang ba'i 'du byed rnams la gzhan du 'gyur ba med do zhes bya ba smras te /	289a	Therefore compounded phenomena that appear as the self and entities connected to the self do not transform into something else.
['BO_T04_D3859-2:289a-9']	de dag ni chos can dang / bsgrub par bya ba chos dang / sgrub pa'i chos dang / dpe dang / nye bar sbyar ba'i sbyor ba yin par go rims bzhin du sbyar te /	de dag ni chos can dang / bsgrub par bya ba chos dang / sgrub pa'i chos dang / dpe dang / nye bar sbyar ba'i sbyor ba yin par go rims bzhin du sbyar te /	289a	These are the subject, the predicate, the reason, and the example, respectively.
['BO_T04_D3859-2:289a-10']	dper na thag pa las lta ba pos thag pa'am /	dper na thag pa las lta ba pos thag pa'am /	289a	For example, when the viewer sees a rope or a snake, the entity of the rope is not completely abandoned.
['BO_T04_D3859-2:289a-11']	sprul du mthong ba na sems g-yengs pa'am /	sprul du mthong ba na sems g-yengs pa'am /	289a	When you see a mirage, your mind is distracted.🔽
['BO_T04_D3859-2:289a-12']	mig yor ram /	mig yor ram /	289a	When it is seen as a snake, the mind is distracted.
['BO_T04_D3859-2:289a-13']	nam mkha' mi gsal ba la sogs pa'i rkyen gzhan gyis thag pa'am sprul du snang ba'i shes pa skye bar zad kyi /	nam mkha' mi gsal ba la sogs pa'i rkyen gzhan gyis thag pa'am sprul du snang ba'i shes pa skye bar zad kyi /	289a	Or, due to other conditions, such as a mirage, a reflection, or unclear space, a consciousness perceiving a rope or a snake arises.
['BO_T04_D3859-2:289a-14']	thag pa'i ngo bo nyid yongs su ma spangs shing gzhan du 'gyur ba nyid med pa de bzhin du /	thag pa'i ngo bo nyid yongs su ma spangs shing gzhan du 'gyur ba nyid med pa de bzhin du /	289a	But the rope’s own nature is not abandoned and it does not transform into something else.
['BO_T04_D3859-2:289a-15']	'du byed rnams lta ba pos bdag dang bdag med par mthong na yang skyes bu dam pa ma yin pa la brten pa dang / dam pa ma yin pa'i chos thos pa dang / tshul bzhin ma yin pa yid la byed pa la sogs pa'i rkyen gzhan gyis bdag dang bdag med par snang ba yang dag pa dang log pa'i shes pa skye bar zad kyi /	'du byed rnams lta ba pos bdag dang bdag med par mthong na yang skyes bu dam pa ma yin pa la brten pa dang / dam pa ma yin pa'i chos thos pa dang / tshul bzhin ma yin pa yid la byed pa la sogs pa'i rkyen gzhan gyis bdag dang bdag med par snang ba yang dag pa dang log pa'i shes pa skye bar zad kyi /	289a	In the same way, when compounded phenomena are seen by a viewer as a self or as selfless, a correct or an incorrect consciousness perceiving a self or selflessness arises due to other conditions, such as relying on an ignoble person, hearing ignoble teachings, and improper mental activity.
['BO_T04_D3859-2:289a-16']	shes bya'i ngo bo nyid yongs su ma spangs shing gzhan du 'gyur ba nyid med pas de'i phyir bdag dang bdag gir snang ba'i 'du byed rnams la gzhan du 'gyur ba nyid med de /	shes bya'i ngo bo nyid yongs su ma spangs shing gzhan du 'gyur ba nyid med pas de'i phyir bdag dang bdag gir snang ba'i 'du byed rnams la gzhan du 'gyur ba nyid med de /	289a	Since the nature of objects of knowledge is not abandoned and does not transform, therefore the formations that appear as I and mine do not transform.
['BO_T04_D3859-2:289a-17']	phyi nang gi dngos po rnams kun rdzob tu rten cing 'brel par 'byung ba sgyu ma dang / rmi lam dang / dri za'i grong khyer bzhin du gnas pas shes pa'i dbang gis shes bya gzhan du 'gyur ba ma yin pa'i phyir pha rol po dag gi gtan tshigs /	phyi nang gi dngos po rnams kun rdzob tu rten cing 'brel par 'byung ba sgyu ma dang / rmi lam dang / dri za'i grong khyer bzhin du gnas pas shes pa'i dbang gis shes bya gzhan du 'gyur ba ma yin pa'i phyir pha rol po dag gi gtan tshigs /	289a	Since outer and inner things exist conventionally as dependently originated, like illusions, dreams, and the city of gandharvas, objects of knowledge do not transform through the power of consciousness. Therefore the opponent’s reason
['BO_T04_D3859-2:289a-18']	gzhan du 'gyur ba snang phyir ro //	gzhan du 'gyur ba snang phyir ro //	289a	“because transformation is seen”
['BO_T04_D3859-2:289a-19']	zhes bya ba de ma grub po //	zhes bya ba de ma grub po //	289a	is not established.
['BO_T04_D3859-2:289b-0']	de ltar @289b bdag dang bdag gir snang ba'i 'du byed rnams la gzhan du 'gyur ba nyid med pas shes pa'i dbang gis shes bya gzhan du 'gyur ba ma yin mod kyi glo bur gyi rkyen gyis shes pa 'khrul pa'i dbang gis shes bya gzhan du snang ba	de ltar @289b bdag dang bdag gir snang ba'i 'du byed rnams la gzhan du 'gyur ba nyid med pas shes pa'i dbang gis shes bya gzhan du 'gyur ba ma yin mod kyi glo bur gyi rkyen gyis shes pa 'khrul pa'i dbang gis shes bya gzhan du snang ba	289b	However, the object of cognition appears to transform by the power of the deluded consciousness that arises from adventitious conditions.🔽Therefore, it is said that the formations are delusion.
['BO_T04_D3859-2:289b-1']	na 'du byed rnams 'khrul pa yin no zhes nye bar gdags pa'i tha snyad yod par bstan pa'i phyir /	na 'du byed rnams 'khrul pa yin no zhes nye bar gdags pa'i tha snyad yod par bstan pa'i phyir /	289b	In order to demonstrate that the convention of designation exists,
['BO_T04_D3859-2:289b-2']	'on kyang rab rib can rnams la dbang po nyams pas 'khrul pa'i blo skye ba bzhin du yang dag pa ma yin pa'i bdag dang bdag gi blo skye ba'i phyir 'khrul pa zhes bya ba nye bar gdags par ni yod de zhes bya ba la sogs pa smras	'on kyang rab rib can rnams la dbang po nyams pas 'khrul pa'i blo skye ba bzhin du yang dag pa ma yin pa'i bdag dang bdag gi blo skye ba'i phyir 'khrul pa zhes bya ba nye bar gdags par ni yod de zhes bya ba la sogs pa smras	289b	it says, “However, because the mind that arises from the unreal self and entities arises like the deluded mind that arises from a damaged sense faculty of those with eye disease, it is said that delusion is designated.”
['BO_T04_D3859-2:289b-3']	so // de nyid kyi rjes su dpag pa bstan pa'i phyir 'dus byas ni brdzun pa nyid yin te /	so // de nyid kyi rjes su dpag pa bstan pa'i phyir 'dus byas ni brdzun pa nyid yin te /	289b	In order to demonstrate the inference of that, it says, “Because conditioned phenomena are false, they are not real.”
['BO_T04_D3859-2:289b-4']	shes pa brdzun pa'i yul yin pa'i phyir dper na mngon sum gyi shes pa'i yul gyi don la mngon sum zhes bya ba bzhin no zhes bya ba smras te /	shes pa brdzun pa'i yul yin pa'i phyir dper na mngon sum gyi shes pa'i yul gyi don la mngon sum zhes bya ba bzhin no zhes bya ba smras te /	289b	Because the object of false consciousness is the object of consciousness, like the object of direct perception, which is called direct perception.
['BO_T04_D3859-2:289b-5']	de dag kyang chos can dang / bsgrub par bya ba chos dang / sgrub pa'i chos dang / dpe yin par go rims bzhin du sbyar te /	de dag kyang chos can dang / bsgrub par bya ba chos dang / sgrub pa'i chos dang / dpe yin par go rims bzhin du sbyar te /	289b	And they are the subject, the predicate, the proof, and the example, respectively.
['BO_T04_D3859-2:289b-6', 'BO_T04_D3859-2:289b-7']	dper na dbang po'i mngon sum dang / yid kyi mngon sum dang / rang rig pa'i mngon sum dang / rnal 'byor pa'i mngon sum gyi shes pa dag mngon sum yin gyi /🔽de dag gi yul mngon sum ma yin kyang shes pa'i yul yin pa'i phyir yul gyi don la yang mngon sum zhes bya ba de bzhin du 'dus byas rnams kyang gzhan du 'gyur ba med pas brdzun pa nyid ma yin yang shes pa brdzun pa'i yul yin pa'i	dper na dbang po'i mngon sum dang / yid kyi mngon sum dang / rang rig pa'i mngon sum dang / rnal 'byor pa'i mngon sum gyi shes pa dag mngon sum yin gyi / de dag gi yul mngon sum ma yin kyang shes pa'i yul yin pa'i phyir yul gyi don la yang mngon sum zhes bya ba de bzhin du 'dus byas rnams kyang gzhan du 'gyur ba med pas brdzun pa nyid ma yin yang shes pa brdzun pa'i yul yin pa'i	289b	For example, the consciousnesses of sense direct perception, mental direct perception, reflexive awareness direct perception, and yogic direct perception are direct perception.🔽Although their objects are not direct perception, because they are the objects of consciousness, the object of the sense direct perception is called direct perception.
['BO_T04_D3859-2:289b-8']	phyir brdzun pa nyid ces bya'o //	phyir brdzun pa nyid ces bya'o //	289b	In the same way, although compounded phenomena are not false because they do not change into something else, because they are the objects of false consciousness, they are called false.
['BO_T04_D3859-2:289b-9']	des na tshul bzhin yid la byed pa dang tshul bzhin ma yin pa yid la byed pa'i dbang gis lta ba po'i yang dag pa dang log pa'i shes pa skye bas shes bya yang dag pa dang / log par mthong bar zad kyi /	des na tshul bzhin yid la byed pa dang tshul bzhin ma yin pa yid la byed pa'i dbang gis lta ba po'i yang dag pa dang log pa'i shes pa skye bas shes bya yang dag pa dang / log par mthong bar zad kyi /	289b	Therefore, because correct and incorrect mental activity give rise to the correct and incorrect consciousnesses of the viewer, one merely sees the object of knowledge as correct or incorrect.
['BO_T04_D3859-2:289b-10']	shes pas shes bya skyed pa ni ma yin pas shes bya'i ngo bo nyid la gzhan du 'gyur ba nyid med pas /	shes pas shes bya skyed pa ni ma yin pas shes bya'i ngo bo nyid la gzhan du 'gyur ba nyid med pas /	289b	Since consciousness does not generate the object of knowledge, the nature of the object of knowledge does not transform into something else.
['BO_T04_D3859-2:289b-11']	'di la bsal ba gang yang med //	'di la bsal ba gang yang med //	289b	There is nothing to be removed from this
['BO_T04_D3859-2:289b-12']	bsnan par bya ba'ang cung zad med //	bsnan par bya ba'ang cung zad med //	289b	and not the slightest thing to be added.
['BO_T04_D3859-2:289b-13']	yang dag nyid du yang dag lha //	yang dag nyid du yang dag lha //	289b	The deity of reality is seen in reality
['BO_T04_D3859-2:289b-14']	yang dag mthong ba rnam par grol //	yang dag mthong ba rnam par grol //	289b	and the one who sees reality is liberated.
['BO_T04_D3859-2:289b-15']	zhes gsungs pa grub po //	zhes gsungs pa grub po //	289b	This is established.
['BO_T04_D3859-2:290a-0']	gang dag gis brdzun pa zhes bya ba ni dngos po rnams nges par mi gnas pa'i ngo bo nyid stong pa yin no zhes smras @290a * //	gang dag gis brdzun pa zhes bya ba ni dngos po rnams nges par mi gnas pa'i ngo bo nyid stong pa yin no zhes smras @290a * //	290a	Those who say that what is called false is the empty nature of things that definitely do not endure are refuted by this.
['BO_T04_D3859-2:290a-1']	pa de dag gi phyir 'di bshad de zhes bya ba la sogs las ni /	pa de dag gi phyir 'di bshad de zhes bya ba la sogs las ni /	290a	The following is stated for their sake.
['BO_T04_D3859-2:290a-2']	sngar ni pha rol po dag na re brdzun pa zhes gsungs pa de ni yod mod kyi 'on kyang med pa'i don kyang ma yin la /	sngar ni pha rol po dag na re brdzun pa zhes gsungs pa de ni yod mod kyi 'on kyang med pa'i don kyang ma yin la /	290a	Previously, the opponent said, “Although it is said that things are false, they are not nonexistent.
['BO_T04_D3859-2:290a-3']	chos bdag med pa yongs su ston par byed pa yang ma yin te /	chos bdag med pa yongs su ston par byed pa yang ma yin te /	290a	And it does not teach the selflessness of phenomena.
['BO_T04_D3859-2:290a-4']	'di ltar bcom ldan 'das kyis brdzun pa zhes gsungs pas ni /	'di ltar bcom ldan 'das kyis brdzun pa zhes gsungs pas ni /	290a	Because the Lord said, ‘Things are false.’
['BO_T04_D3859-2:290a-5']	dngos rnams ngo bo nyid med de //	dngos rnams ngo bo nyid med de //	290a	Things do not have intrinsic reality
['BO_T04_D3859-2:290a-6', 'BO_T04_D3859-2:290a-7']	gzhan du 'gyur ba snang phyir ro //🔽zhes bstan te /	gzhan du 'gyur ba snang phyir ro // zhes bstan te /	290a	because they appear to change.
['BO_T04_D3859-2:290a-8']	brdzun pa zhes gsungs pa ni chos bdag med pa ston pa ma yin gyi /	brdzun pa zhes gsungs pa ni chos bdag med pa ston pa ma yin gyi /	290a	This teaches that the statement, “Things are false,” does not teach the selflessness of phenomena.🔽It teaches the selflessness of persons because things appear to change.
['BO_T04_D3859-2:290a-9', 'BO_T04_D3859-2:290a-10']	dngos po gzhan du 'gyur ba snang ba'i phyir gang zag bdag med pa ston pa yin no zhes zer ba'i phyogs sun dbyung ba'i phyir tshig le'ur byas pa 'og ma 'di bshad de zhes bya bar sbyar ro //🔽de nyid la ni gzhan 'gyur med //	dngos po gzhan du 'gyur ba snang ba'i phyir gang zag bdag med pa ston pa yin no zhes zer ba'i phyogs sun dbyung ba'i phyir tshig le'ur byas pa 'og ma 'di bshad de zhes bya bar sbyar ro // de nyid la ni gzhan 'gyur med //	290a	The following verses were composed to refute that position.🔽It does not change into something else
['BO_T04_D3859-2:290a-11']	gzhan nyid la yang yod ma yin //	gzhan nyid la yang yod ma yin //	290a	and it does not exist as something else.
['BO_T04_D3859-2:290a-12']	dngos po gang rang bzhin gang gis gzung ba'i yul du 'gyur ba de nyid la ni rga shi'i mtshan nyid du 'gyur ba med la /	dngos po gang rang bzhin gang gis gzung ba'i yul du 'gyur ba de nyid la ni rga shi'i mtshan nyid du 'gyur ba med la /	290a	That very thing which becomes the object apprehended by a certain nature does not become characterized by aging and death.🔽Nor does it exist in another.
['BO_T04_D3859-2:290a-13', 'BO_T04_D3859-2:290a-14']	gzhan nyid la yang yod pa ma yin te //🔽de dag ni dam bca' ba gnyis nye bar gzhag pa yin no zhes bya bas ni dngos po gang gzhon nu'i rang bzhin gang gis dbang po'i gzung ba'i yul du 'gyur ba de nyid la yang rga shi'i mtshan nyid gzhan du 'gyur ba med la /	gzhan nyid la yang yod pa ma yin te // de dag ni dam bca' ba gnyis nye bar gzhag pa yin no zhes bya bas ni dngos po gang gzhon nu'i rang bzhin gang gis dbang po'i gzung ba'i yul du 'gyur ba de nyid la yang rga shi'i mtshan nyid gzhan du 'gyur ba med la /	290a	The two theses are stated by the words “Nor does it exist in another.”🔽The two theses are stated by the words “Nor does it exist in another.”🔽The two theses are stated by the words “Nor does it exist in another.”🔽The two theses are stated by the words “Nor does it exist in another.”🔽The two theses are stated by the words “Nor does it exist in another.”
['BO_T04_D3859-2:290a-15', 'BO_T04_D3859-2:290a-16', 'BO_T04_D3859-2:290a-17']	gzhon nu las gzhan pa rgas par gyur pa nyid la yang rga shi'i mtshan nyid du gzhan du 'gyur ba yod pa ma yin te zhes dam bcas pa gnyis nye bar gzhag pa bstan to //🔽gang phyir gzhon nu mi rga ste //🔽gang phyir rga ba'ang mi rga'o //	gzhon nu las gzhan pa rgas par gyur pa nyid la yang rga shi'i mtshan nyid du gzhan du 'gyur ba yod pa ma yin te zhes dam bcas pa gnyis nye bar gzhag pa bstan to // gang phyir gzhon nu mi rga ste // gang phyir rga ba'ang mi rga'o //	290a	The two theses are stated by the words “Nor does it exist in another.”🔽The two theses are stated by the words “Nor does it exist in another.”🔽The two theses are stated by the words “Nor does it exist in another.”🔽The two theses are stated by the words “Nor does it exist in another.”🔽The two theses are stated by the words “Nor does it exist in another.”🔽The two theses are stated by the words “Nor does it exist in another.”🔽The two theses are stated by the words “Nor does it exist in another.”🔽The two theses are stated by the words “Nor does it exist in another.”🔽The two theses are stated by the words “Nor does it exist in another.”🔽The two theses are stated by the words “Nor does it exist in another.”🔽The two theses are stated by the words “Nor does it exist in another.”🔽The two theses are stated by the words “Nor does it exist in another.”🔽The two theses are stated by the words “Nor does it exist in another.”🔽The two theses are stated by the words “Nor does it exist in another.”🔽The two theses are stated by the words “Nor does it exist in another.”🔽The two theses are stated by the words “Nor does it exist in another.”🔽The two theses are stated by the words “Nor does it exist in another.”🔽The two theses are stated by the words “Nor does it exist in another.”🔽The two theses are stated by the words “Nor does it exist in another.”🔽The two theses are stated by the words “Nor does it exist in another.”🔽The two theses are stated by the words “Nor does it exist in another.”🔽The two theses are stated by the words “Nor does it exist in another.”🔽The two theses are stated by the words “Nor does it exist in another.”
['BO_T04_D3859-2:290a-18']	zhes bya ba dag ni go rims bzhin du chos mi mthun pa'i dpe'i tshig gnyis yin no zhes bya bas ni /	zhes bya ba dag ni go rims bzhin du chos mi mthun pa'i dpe'i tshig gnyis yin no zhes bya bas ni /	290a	The two theses are stated by
['BO_T04_D3859-2:290a-19']	de nyid la ni gzhan 'gyur med //	de nyid la ni gzhan 'gyur med //	290a	It does not transform into something else.
['BO_T04_D3859-2:290a-20']	gzhan nyid la yang yod ma yin //	gzhan nyid la yang yod ma yin //	290a	Nor does it exist in something else.
['BO_T04_D3859-2:290a-21']	zhes dam bcas pa gnyis nye bar gzhag pa'i chos mthun pa'i dpe'i tshig gnyis go rims bzhin du bstan to //	zhes dam bcas pa gnyis nye bar gzhag pa'i chos mthun pa'i dpe'i tshig gnyis go rims bzhin du bstan to //	290a	The two examples are taught in order to demonstrate the two syllogisms that were presented.
['BO_T04_D3859-2:290a-22']	'dir sbyor ba'i tshig dag ni re zhig bdag nyid de nyid kyis gnas pa la ni gzhan du 'gyur ba mi 'thad pa nyid de sngon gyi rang bzhin yongs su ma spangs pa'i phyir dper na gzhon nu rgan po nyid du mi 'gyur ba bzhin no zhes bya	'dir sbyor ba'i tshig dag ni re zhig bdag nyid de nyid kyis gnas pa la ni gzhan du 'gyur ba mi 'thad pa nyid de sngon gyi rang bzhin yongs su ma spangs pa'i phyir dper na gzhon nu rgan po nyid du mi 'gyur ba bzhin no zhes bya	290a	The syllogistic reasoning is as follows: “The self does not exist in the present aggregates because it is not tenable that it transforms into something else, just like a young man does not become an old man.”
['BO_T04_D3859-2:290a-23']	bas ni dam bcas pa snga ma shos bsgrub pa'i tshad ma bstan te /	bas ni dam bcas pa snga ma shos bsgrub pa'i tshad ma bstan te /	290a	This demonstrates the valid cognition that establishes the first thesis.
['BO_T04_D3859-2:290a-24']	de dag kyang chos can dang / bsgrub par bya ba chos dang / sgrub pa'i chos dang / dpe yin par go rims bzhin du sbyar te /	de dag kyang chos can dang / bsgrub par bya ba chos dang / sgrub pa'i chos dang / dpe yin par go rims bzhin du sbyar te /	290a	The subject, the predicate, the reason, and the example are to be applied in order.
['BO_T04_D3859-2:290b-0', 'BO_T04_D3859-2:290b-1']	dper @290b na gzhon nu ni sngon gyi rang bzhin ma spangs pa'i phyir rgan po nyid du mi 'gyur ba de bzhin du 'o ma la sogs pa bdag nyid de nyid kyis gnas pa yang sngon gyi rang bzhin yongs su ma spangs pa'i phyir zho la sogs pa'i🔽bdag nyid gzhan du 'gyur bar mi 'thad pa nyid do //	dper @290b na gzhon nu ni sngon gyi rang bzhin ma spangs pa'i phyir rgan po nyid du mi 'gyur ba de bzhin du 'o ma la sogs pa bdag nyid de nyid kyis gnas pa yang sngon gyi rang bzhin yongs su ma spangs pa'i phyir zho la sogs pa'i bdag nyid gzhan du 'gyur bar mi 'thad pa nyid do //	290b	Likewise, milk and so on would not become something else, such as yogurt, because they would not abandon their former nature.
['BO_T04_D3859-2:290b-2']	sngon gyi mtshan nyid las mtshan nyid mi 'dra ba rgan po'i bdag nyid du gnas pa la yang gzhan du 'gyur ba med de /	sngon gyi mtshan nyid las mtshan nyid mi 'dra ba rgan po'i bdag nyid du gnas pa la yang gzhan du 'gyur ba med de /	290b	Also, an old man who remains with a former nature would not become something else because he would not have a different nature than before.🔽For example, an old man would not become a youth because he would not abandon his former nature.
['BO_T04_D3859-2:290b-3']	mtshan nyid mi 'dra ba'i gnas skabs thob pa'i phyir dper na rgas po bzhin pas zhes bya ba ni du ma bcas pa gnyis pa sgrub pa'i tshad ma bstan te /	mtshan nyid mi 'dra ba'i gnas skabs thob pa'i phyir dper na rgas po bzhin pas zhes bya ba ni du ma bcas pa gnyis pa sgrub pa'i tshad ma bstan te /	290b	This is the second syllogism that teaches the proof of the two extremes.
['BO_T04_D3859-2:290b-4']	de dag kyang chos can dang / bsgrub par bya ba chos dang / sgrub pa'i chos dang / dpe yin par go rims bzhin du sbyar te /	de dag kyang chos can dang / bsgrub par bya ba chos dang / sgrub pa'i chos dang / dpe yin par go rims bzhin du sbyar te /	290b	They are, respectively, the subject, the predicate of the probandum, the logical argument, and the example.
['BO_T04_D3859-2:290b-5']	dper na rgas pa ni gzhon nu las mtshan nyid mi 'dra ba'i gnas skabs 'thob pa'i phyir rgan po'i mtshan nyid du gzhan du 'gyur ba med pa de bzhin du zho la sogs pa 'o ma la sogs pa'i sngon gyi mtshan nyid las mtshan nyid mi 'dra ba'i	dper na rgas pa ni gzhon nu las mtshan nyid mi 'dra ba'i gnas skabs 'thob pa'i phyir rgan po'i mtshan nyid du gzhan du 'gyur ba med pa de bzhin du zho la sogs pa 'o ma la sogs pa'i sngon gyi mtshan nyid las mtshan nyid mi 'dra ba'i	290b	For example, aging is not a transformation of the old into something else, because it is the attainment of a condition that is different from youth in terms of its characteristics.
['BO_T04_D3859-2:290b-6']	bdag nyid du gnas pa yang mtshan nyid mi 'dra ba'i gnas skabs thob pa'i phyir gzhan du 'gyur ba med do //	bdag nyid du gnas pa yang mtshan nyid mi 'dra ba'i gnas skabs thob pa'i phyir gzhan du 'gyur ba med do //	290b	Similarly, milk and so on are not transformations of the prior entity of milk and so on into something else, because they are the attainment of a condition that is different in terms of its characteristics.
['BO_T04_D3859-2:290b-7', 'BO_T04_D3859-2:290b-8']	rgol ba rang gi rjes su dpag pa la gnod do zhes bya ba ni mjug bsdu ba dang tshad ma'i 'bras bu yin no //🔽'dir kha cig gis smras pa /	rgol ba rang gi rjes su dpag pa la gnod do zhes bya ba ni mjug bsdu ba dang tshad ma'i 'bras bu yin no // 'dir kha cig gis smras pa /	290b	The phrase “it contradicts your own inference” is the conclusion and the result of the valid cognition.🔽Here, someone might say, “The reason is not established, because milk and so on become things such as yogurt without relinquishing their nature as milk and so on.”
['BO_T04_D3859-2:290b-9']	'o ma la sogs pa'i ngo bo nyid yongs su ma spangs pa dag kyang zho la sogs pa'i dngos por 'gyur ba'i phyir gtan tshigs ma nges pa nyid do zhes bya ba ni 'dir grangs can dag na re dbu ma pa'i gtan tshigs sngon gyi rang bzhin yongs	'o ma la sogs pa'i ngo bo nyid yongs su ma spangs pa dag kyang zho la sogs pa'i dngos por 'gyur ba'i phyir gtan tshigs ma nges pa nyid do zhes bya ba ni 'dir grangs can dag na re dbu ma pa'i gtan tshigs sngon gyi rang bzhin yongs	290b	Here, the Enumerators say, “The reason of the Madhyamaka is not established.
['BO_T04_D3859-2:290b-10']	su ma spangs pa'i phyir zhes bya ba de ma nges pa nyid yin no zhes zer ba yin te //	su ma spangs pa'i phyir zhes bya ba de ma nges pa nyid yin no zhes zer ba yin te //	290b	Because the nature of milk and so on is not abandoned, it is not definite that it becomes curd and so on.
['BO_T04_D3859-2:290b-11']	'o ma la sogs pa gang dag snying stobs la sogs pa rang bzhin gyi ngo bo nyid yongs su ma spangs pa dag kyang zho la sogs pa'i dngos por 'gyur ba'i phyir /	'o ma la sogs pa gang dag snying stobs la sogs pa rang bzhin gyi ngo bo nyid yongs su ma spangs pa dag kyang zho la sogs pa'i dngos por 'gyur ba'i phyir /	290b	Because milk and so on that do not abandon the nature of sattva and so on become the things curd and so on.
['BO_T04_D3859-2:290b-12']	des na ci re zhig sngon gyi rang bzhin yongs su ma spangs pa'i phyir dper na gzhon nu rgan po nyid du mi 'gyur ba bzhin du 'o ma la sogs pa bdag nyid de nyid kyis gnas yang zho la sogs pa'i dngos po gzhan du mi 'gyur ba	des na ci re zhig sngon gyi rang bzhin yongs su ma spangs pa'i phyir dper na gzhon nu rgan po nyid du mi 'gyur ba bzhin du 'o ma la sogs pa bdag nyid de nyid kyis gnas yang zho la sogs pa'i dngos po gzhan du mi 'gyur ba	290b	Therefore, is it that milk and so on remain in their own nature because their prior nature is not abandoned, like a youth who does not become old, and they do not become the other thing curd and so on?
['BO_T04_D3859-2:290b-13', 'BO_T04_D3859-2:291a-0']	yin nam / 'on te sngon gyi rang bzhin yongs su ma spangs pa'i phyir 'o ma zhor 'gyur ba dang / gser gyi sor gdub dang dpung rgyan la sogs pa'i dngos po gzhan du 'gyur ba bzhin du /🔽'o ma la sogs @291a * //	yin nam / 'on te sngon gyi rang bzhin yongs su ma spangs pa'i phyir 'o ma zhor 'gyur ba dang / gser gyi sor gdub dang dpung rgyan la sogs pa'i dngos po gzhan du 'gyur ba bzhin du /🔽'o ma la sogs @291a * //	290b	Or is it that milk becomes curd and gold becomes bracelets and so on because its prior nature is not abandoned?
['BO_T04_D3859-2:291a-1']	pa'i dngos po snying stobs la sogs pa rang bzhin gyi bdag nyid de nyid kyis gnas pa dag kyang zho la sogs pa'i dngos po gzhan du 'gyur ba ma nges pa nyid yin pas dbu ma pa'i gtan tshigs de mi rung ngo zhes zer ro //	pa'i dngos po snying stobs la sogs pa rang bzhin gyi bdag nyid de nyid kyis gnas pa dag kyang zho la sogs pa'i dngos po gzhan du 'gyur ba ma nges pa nyid yin pas dbu ma pa'i gtan tshigs de mi rung ngo zhes zer ro //	291a	The things of milk, courage, etc., which are the nature of sattva, etc., are not definitely transformed into other things such as curd, etc. Therefore, the Madhyamika’s reason is not valid.
['BO_T04_D3859-2:291a-2', 'BO_T04_D3859-2:291a-3']	de skad ces zer ba de'i lan du 'grel pa byed pa nyid kyis 'dir bshad pa /🔽gang gi dngos po de zho yin //	de skad ces zer ba de'i lan du 'grel pa byed pa nyid kyis 'dir bshad pa / gang gi dngos po de zho yin //	291a	In reply to this, the author of the commentary explains here:🔽What thing is curd?
['BO_T04_D3859-2:291a-4']	gal te 'o ma'i zho zhe na //	gal te 'o ma'i zho zhe na //	291a	If it is the curd of milk,
['BO_T04_D3859-2:291a-5']	de lta na yang 'o mas 'o ma'i ngo bo nyid yongs su ma spangs pas sgra tsam gyis zho'i dngos por brtag par mi nus te gang gi phyir de ltar rnam par rtog pa la yang /	de lta na yang 'o mas 'o ma'i ngo bo nyid yongs su ma spangs pas sgra tsam gyis zho'i dngos por brtag par mi nus te gang gi phyir de ltar rnam par rtog pa la yang /	291a	even so, since milk has not completely abandoned its milk nature, it cannot be imagined to be the thing curd by mere sound.
['BO_T04_D3859-2:291a-6']	gal te de nyid gzhan gyur na //	gal te de nyid gzhan gyur na //	291a	If that very thing were transformed,
['BO_T04_D3859-2:291a-7']	'o ma nyid ni zhor 'gyur ro //	'o ma nyid ni zhor 'gyur ro //	291a	milk itself would be curd.
['BO_T04_D3859-2:291a-8']	'o ma ro dang mthu dang smin pa dang mthu stobs yongs su ma spangs pa zho'i dngos por mi 'gyur te /	'o ma ro dang mthu dang smin pa dang mthu stobs yongs su ma spangs pa zho'i dngos por mi 'gyur te /	291a	Milk, without completely abandoning its taste, potency, digestion, and strength, would not become the thing curd.
['BO_T04_D3859-2:291a-9']	grags pa'i gnod par 'gyur ba'i phyir ro zhes bya ba smras te /	grags pa'i gnod par 'gyur ba'i phyir ro zhes bya ba smras te /	291a	Because it would be undermined by what is renowned in the world.
['BO_T04_D3859-2:291a-10']	gal te 'o ma'i dngos po zho yin la 'o mas 'o ma'i ngo bo nyid yongs su ma spangs par zhor 'gyur na 'jig rten la grags pa'i gnod par 'gyur ba'i phyir de ni mi rung ngo //	gal te 'o ma'i dngos po zho yin la 'o mas 'o ma'i ngo bo nyid yongs su ma spangs par zhor 'gyur na 'jig rten la grags pa'i gnod par 'gyur ba'i phyir de ni mi rung ngo //	291a	If milk’s own nature is not abandoned when it becomes curd, then it is not tenable that milk becomes curd, because it would be undermined by what is renowned in the world.
['BO_T04_D3859-2:291a-11']	gal te de bzhin te 'o ma zho'i dngos por mi 'gyur ro zhe na zhes bya ba ni /	gal te de bzhin te 'o ma zho'i dngos por mi 'gyur ro zhe na zhes bya ba ni /	291a	If you say, “It is like that, but milk does not become the entity of curd,”
['BO_T04_D3859-2:291a-12']	gal te pha rol po dag na re de nyid gzhan du mi 'gyur ro zhe na'o //	gal te pha rol po dag na re de nyid gzhan du mi 'gyur ro zhe na'o //	291a	if the opponent says, “It does not become something else.”
['BO_T04_D3859-2:291a-13', 'BO_T04_D3859-2:291a-14']	de'i lan du /🔽'o ma las gzhan gang gi ni //	de'i lan du / 'o ma las gzhan gang gi ni //	291a	In response to that, it is said:🔽What entity of curd is there
['BO_T04_D3859-2:291a-15', 'BO_T04_D3859-2:291a-16', 'BO_T04_D3859-2:291a-17']	dngos po zho ni yin par 'gyur //🔽mi 'gyur ba nyid de zho 'am /🔽de las gzhan pa dag der mi 'gyur ro zhes bya ba dgongs so zhes bya ba smras te /	dngos po zho ni yin par 'gyur // mi 'gyur ba nyid de zho 'am / de las gzhan pa dag der mi 'gyur ro zhes bya ba dgongs so zhes bya ba smras te /	291a	that is different from milk?🔽It is not tenable that milk itself becomes curd,🔽or that something else becomes curd.
['BO_T04_D3859-2:291a-18']	'o ma nyid zhor mi 'gyur na 'o ma las gzhan pa chu la sogs pa'am /	'o ma nyid zhor mi 'gyur na 'o ma las gzhan pa chu la sogs pa'am /	291a	If milk itself does not become curd, then what entity of curd is there that is different from milk, such as water and so on?
['BO_T04_D3859-2:291a-19']	zho nyid zho mi 'gyur bas gzhan nyid la yang gzhan du 'gyur ba yod pa ma yin no //	zho nyid zho mi 'gyur bas gzhan nyid la yang gzhan du 'gyur ba yod pa ma yin no //	291a	Since yogurt does not transform into yogurt, that which is different does not transform into that which is different.
['BO_T04_D3859-2:291a-20']	de'i phyir de ltar 'o ma dang de las gzhan pa dag dngos po gzhan du mi 'thad pa'i phyir gtan tshigs ma nges pa nyid ma yin no zhes bya ba ni mjug bsdu ba dang tshad ma'i 'bras bu yin no //	de'i phyir de ltar 'o ma dang de las gzhan pa dag dngos po gzhan du mi 'thad pa'i phyir gtan tshigs ma nges pa nyid ma yin no zhes bya ba ni mjug bsdu ba dang tshad ma'i 'bras bu yin no //	291a	Therefore, since it is untenable that milk and that which is different from it are different things, the reason is not indeterminate. This is the conclusion and the result of the valid knowledge.
['BO_T04_D3859-2:291a-21']	gzhan dag gis smras pa /	gzhan dag gis smras pa /	291a	Others say:
['BO_T04_D3859-2:291a-22']	'o ma zho'i mtshan nyid kyi chos gzhan du 'gyur bas 'o ma'i dngos po zho yin no zhes ni mi smra'i /	'o ma zho'i mtshan nyid kyi chos gzhan du 'gyur bas 'o ma'i dngos po zho yin no zhes ni mi smra'i /	291a	We do not say that the thing that is milk is yogurt because milk transforms into the state that has the characteristics of yogurt.🔽However, we say that milk becomes the thing that is yogurt through the power of the assembly.
['BO_T04_D3859-2:291a-23', 'BO_T04_D3859-2:291a-24']	'on kyang tshogs pa'i dbang gis 'o ma zho'i dngos por 'gyur ro zhes bya bas ni sngar pha rol po dag na re 'o ma yang gzhan la zho yang gzhan pas 'o ma'i dngos po zho ma yin yang tshogs pa'i dbang gis 'o ma zho'i dngos por 'gyur🔽ro zhes zer ba bstan to //	'on kyang tshogs pa'i dbang gis 'o ma zho'i dngos por 'gyur ro zhes bya bas ni sngar pha rol po dag na re 'o ma yang gzhan la zho yang gzhan pas 'o ma'i dngos po zho ma yin yang tshogs pa'i dbang gis 'o ma zho'i dngos por 'gyur🔽ro zhes zer ba bstan to //	291a	This teaches the earlier assertion of the opponent that since milk is one thing and yogurt is another, although the thing that is milk is not the thing that is yogurt, through the power of the assembly, milk becomes the thing that is yogurt.
['BO_T04_D3859-2:291b-0']	de skad ces zer ba de'i lan du @291b 'dir 'grel pa byed pa nyid kyis /	de skad ces zer ba de'i lan du @291b 'dir 'grel pa byed pa nyid kyis /	291b	In response to that, the author of the commentary says:
['BO_T04_D3859-2:291b-1']	'dir yang 'o mas 'o ma'i dngos po spangs nas zho'i dngos por 'gyur ram /	'dir yang 'o mas 'o ma'i dngos po spangs nas zho'i dngos por 'gyur ram /	291b	Here, does milk become the entity of curd by abandoning the entity of milk?
['BO_T04_D3859-2:291b-2']	ma spangs par 'gyur grang zhes bya ba gal gnyis smras so //	ma spangs par 'gyur grang zhes bya ba gal gnyis smras so //	291b	Or does it become so without abandoning it?🔽What is the point?
['BO_T04_D3859-2:291b-3']	des cir 'gyur zhes bya ba ni dri ba'i tshig yin no //	des cir 'gyur zhes bya ba ni dri ba'i tshig yin no //	291b	This is a question.
['BO_T04_D3859-2:291b-4']	de'i lan du gal te brtag pa snga ma ltar 'dod na ni 'o ma zho'i dngos por 'gyur ba ma yin no //	de'i lan du gal te brtag pa snga ma ltar 'dod na ni 'o ma zho'i dngos por 'gyur ba ma yin no //	291b	In response, if you assert the former hypothesis, then milk does not become the entity of curd.
['BO_T04_D3859-2:291b-5', 'BO_T04_D3859-2:291b-6']	ci ste brtag pa phyi ma ltar 'dod na ni dgag pa mi mthun pa'i skyon du 'gyur te /🔽gal te 'o ma yin na ni ji ltar zho yin /	ci ste brtag pa phyi ma ltar 'dod na ni dgag pa mi mthun pa'i skyon du 'gyur te / gal te 'o ma yin na ni ji ltar zho yin /	291b	But if you assert the latter hypothesis, the fault of the contradiction of negation arises.🔽If it is milk, how can it be curd?
['BO_T04_D3859-2:291b-7']	ci ste zho yin na ni ji ltar 'o ma yin //	ci ste zho yin na ni ji ltar 'o ma yin //	291b	But if it is curd, how can it be milk?
['BO_T04_D3859-2:291b-8']	'o ma zho yin no zhes smra na ni grags pa'i gnod par yang 'gyur ro zhes bya ba yang smras te /	'o ma zho yin no zhes smra na ni grags pa'i gnod par yang 'gyur ro zhes bya ba yang smras te /	291b	If you say “Milk is curd,” then it would also be said that it contradicts what is well known.
['BO_T04_D3859-2:291b-9']	brtag pa gnyi ga ltar yang mi 'thad par bstan to //	brtag pa gnyi ga ltar yang mi 'thad par bstan to //	291b	Thus he says that both hypotheses are untenable.
['BO_T04_D3859-2:291b-10', 'BO_T04_D3859-2:291b-11']	'dis gang dag 'o ma'i dngos po zho yin par mi 'dod kyi 'o ma zho'i dngos por 'gyur bar 'dod do zhes zer ba de dag gi lan kyang btab pa yin no zhes bya ba ni /🔽brtag pa rnam pa gnyis mi 'thad par bstan pa'i tshul 'dis grangs can dag rang bzhin ni gzhan du mi 'gyur gyi /	'dis gang dag 'o ma'i dngos po zho yin par mi 'dod kyi 'o ma zho'i dngos por 'gyur bar 'dod do zhes zer ba de dag gi lan kyang btab pa yin no zhes bya ba ni / brtag pa rnam pa gnyis mi 'thad par bstan pa'i tshul 'dis grangs can dag rang bzhin ni gzhan du mi 'gyur gyi /	291b	This also replies to those who say, “We do not assert that the entity of milk is yogurt, but we assert that milk becomes the entity of yogurt.”
['BO_T04_D3859-2:291b-12']	rkyen gyi dbang gis gnas skabs gzhan du 'gyur bar 'dod pa'i lan kyang btab pa yin no //	rkyen gyi dbang gis gnas skabs gzhan du 'gyur bar 'dod pa'i lan kyang btab pa yin no //	291b	This method of teaching that the two kinds of analysis are untenable also replies to the Sāṃkhyas, who assert that the nature does not transform but that it transforms into another state through the power of conditions.
['BO_T04_D3859-2:291b-13']	de'i phyir de ltar dpyad na don dam par dngos po rnams gzhan du 'gyur ba nyid ma grub pas pha rol pos dngos po rnams ngo bo nyid yod pa nyid du bstan pa'i phyir gtan tshigs smras pa'i don ma grub pa nyid dam don 'gal ba nyid do	de'i phyir de ltar dpyad na don dam par dngos po rnams gzhan du 'gyur ba nyid ma grub pas pha rol pos dngos po rnams ngo bo nyid yod pa nyid du bstan pa'i phyir gtan tshigs smras pa'i don ma grub pa nyid dam don 'gal ba nyid do	291b	Therefore, when analyzed in this way, since transformation into another does not exist ultimately, the meaning of the reason that the opponent states in order to demonstrate that things exist essentially is unestablished, or it has a meaning that is contradictory.
['BO_T04_D3859-2:291b-14']	zhes bya ba ni spyi'i mjug bsdu ba dang tshad ma'i 'bras bu yin te /	zhes bya ba ni spyi'i mjug bsdu ba dang tshad ma'i 'bras bu yin te /	291b	This is a general summary and the result of the valid knowledge.
['BO_T04_D3859-2:291b-15']	pha rol po dag brdzun pa zhes gsungs pa chos bdag med pa ston pa ma yin gyi gang zag bdag med pa ston pa yin par bsgrub pa'i gtan tshigs gzhan du 'gyur ba snang phyir ro zhes bya ba de don dam par ni ma grub pa nyid yin	pha rol po dag brdzun pa zhes gsungs pa chos bdag med pa ston pa ma yin gyi gang zag bdag med pa ston pa yin par bsgrub pa'i gtan tshigs gzhan du 'gyur ba snang phyir ro zhes bya ba de don dam par ni ma grub pa nyid yin	291b	The reason that the statement “the other side is false” is not a teaching of the selflessness of phenomena but a teaching of the selflessness of persons is not established ultimately.
['BO_T04_D3859-2:291b-16']	la / kun rdzob tu ni 'gal ba nyid yin no //	la / kun rdzob tu ni 'gal ba nyid yin no //	291b	And it is contradictory conventionally.
['BO_T04_D3859-2:291b-17', 'BO_T04_D3859-2:291b-18']	slu ba'i chos zhes gsungs pa yang dngos po rnams nges par mi gnas pa'i ngo bo nyid stong pa nyid ma yin te /🔽don dam par 'ga' yang gzhan du 'gyur ba nyid mi srid pa'i phyir ro zhes bya bas ni ji ltar brdzun pa zhes gsungs pa de chos bdag med pa ston pa'i don yin pa de bzhin du slu ba'i chos zhes gsungs pa yang /	slu ba'i chos zhes gsungs pa yang dngos po rnams nges par mi gnas pa'i ngo bo nyid stong pa nyid ma yin te / don dam par 'ga' yang gzhan du 'gyur ba nyid mi srid pa'i phyir ro zhes bya bas ni ji ltar brdzun pa zhes gsungs pa de chos bdag med pa ston pa'i don yin pa de bzhin du slu ba'i chos zhes gsungs pa yang /	291b	The statement “deceptive phenomena” does not refer to the emptiness of the nature of things that definitely does not endure.🔽Because it is impossible for anything to change into something else ultimately.
['BO_T04_D3859-2:291b-19']	gang zag bdag med pa 'ba' zhig ston pa ma yin gyi /	gang zag bdag med pa 'ba' zhig ston pa ma yin gyi /	291b	This shows that just as the statement “false” teaches the selflessness of phenomena, the statement “deceptive phenomena” does not teach only the selflessness of persons.
['BO_T04_D3859-2:291b-20']	bdag med pa gnyi ga ston pa'i don yin par bstan to //	bdag med pa gnyi ga ston pa'i don yin par bstan to //	291b	It teaches both forms of selflessness.
['BO_T04_D3859-2:291b-21']	'dir smras pa /	'dir smras pa /	291b	Here, someone might say,
['BO_T04_D3859-2:292a-0']	@292a * // don dam par dngos po rnams stong pa nyid ma yin te /	@292a * // don dam par dngos po rnams stong pa nyid ma yin te /	292a	Things are not empty ultimately,
['BO_T04_D3859-2:292a-1']	dpe'i gnyen po yod pa'i phyir dper na log pa'i shes pa'i gnyen por yang dag pa'i shes pa yod pa bzhin no //	dpe'i gnyen po yod pa'i phyir dper na log pa'i shes pa'i gnyen por yang dag pa'i shes pa yod pa bzhin no //	292a	because there is an antidote to them, just as there is a correct consciousness that is the antidote to a mistaken consciousness.
['BO_T04_D3859-2:292a-2', 'BO_T04_D3859-2:292a-3']	'di na gang med pa de la ni gnyen po med de dper na nam mkha'i me tog bzhin no //🔽stong pa nyid ma yin pa la ni gnyen po stong pa nyid yin pas de'i phyir gtan tshigs ji skad smos pa'i mthus stong pa nyid ma yin pa yod pa nyid do zhes bya ba ni pha rol po dag rigs pa can gyi sgyu thabs kyis /	'di na gang med pa de la ni gnyen po med de dper na nam mkha'i me tog bzhin no // stong pa nyid ma yin pa la ni gnyen po stong pa nyid yin pas de'i phyir gtan tshigs ji skad smos pa'i mthus stong pa nyid ma yin pa yod pa nyid do zhes bya ba ni pha rol po dag rigs pa can gyi sgyu thabs kyis /	292a	And if something does not exist, then it has no antidote, just like a sky flower.🔽Since emptiness is the antidote to nonemptiness, the opponent’s argument, “The reason you have stated proves that nonemptiness exists,” is a sophistry.
['BO_T04_D3859-2:292a-4']	gnyen po stong pa nyid yod pa'i sgo nas mi mthun pa'i phyogs stong pa nyid ma yin pa yod par sgrub pa'i tshig yin te /	gnyen po stong pa nyid yod pa'i sgo nas mi mthun pa'i phyogs stong pa nyid ma yin pa yod par sgrub pa'i tshig yin te /	292a	The opponent’s argument is a statement that proves the existence of the opposite of emptiness, nonemptiness, on the grounds that the antidote to it, emptiness, exists.
['BO_T04_D3859-2:292a-5']	de dag ni chos can dang / bsgrub par bya ba chos dang / sgrub pa'i chos dang / chos mthun pa'i dpe dang / chos mi mthun pa'i dpe dang / nye bar sbyar ba'i sbyor ba dang / mjug bsdu ba yin par go rims bzhin du sbyar te /	de dag ni chos can dang / bsgrub par bya ba chos dang / sgrub pa'i chos dang / chos mthun pa'i dpe dang / chos mi mthun pa'i dpe dang / nye bar sbyar ba'i sbyor ba dang / mjug bsdu ba yin par go rims bzhin du sbyar te /	292a	They are respectively the subject, the predicate to be proven, the proof, the example of similar quality, the example of dissimilar quality, the application of the proof, and the conclusion.
['BO_T04_D3859-2:292a-6']	'di ni nam mkha'i me tog lta bu gang med pa de la ni gnyen po med kyi log pa'i shes pa lta bu gang yod pa de la ni gnyen po yod pa de bzhin du dngos po stong pa nyid ma yin pa rnams la yang gnyen po stong	'di ni nam mkha'i me tog lta bu gang med pa de la ni gnyen po med kyi log pa'i shes pa lta bu gang yod pa de la ni gnyen po yod pa de bzhin du dngos po stong pa nyid ma yin pa rnams la yang gnyen po stong	292a	The opponent says: Just as a sky flower, which does not exist, has no antidote, but a mistaken consciousness, which does exist, has an antidote, so too, since emptiness is the antidote to things that are not emptiness, emptiness exists for things that are not emptiness.
['BO_T04_D3859-2:292a-7']	pa nyid yod pas de'i phyir dngos po rnams chos bdag med pa stong pa nyid ma yin gyi gang zag bdag med pas nges par mi gnas pa'i ngo bo nyid yin no zhes zer ro //	pa nyid yod pas de'i phyir dngos po rnams chos bdag med pa stong pa nyid ma yin gyi gang zag bdag med pas nges par mi gnas pa'i ngo bo nyid yin no zhes zer ro //	292a	Therefore, things are not empty of the selflessness of phenomena, but are definitely not established by nature, since they are empty of the self of persons.
['BO_T04_D3859-2:292a-8']	de skad ces zer ba de'i lan du 'grel pa byed pa nyid kyis /	de skad ces zer ba de'i lan du 'grel pa byed pa nyid kyis /	292a	In response to that statement, the author of the commentary says:
['BO_T04_D3859-2:292a-9']	'dir bshad pa /	'dir bshad pa /	292a	Here we reply:
['BO_T04_D3859-2:292a-10']	gal te stong min cung zad yod //	gal te stong min cung zad yod //	292a	If something is not empty,
['BO_T04_D3859-2:292a-11']	stong pa'ang cung zad yod par 'gyur //	stong pa'ang cung zad yod par 'gyur //	292a	Emptiness would also slightly exist.
['BO_T04_D3859-2:292a-12']	'di la gal te don dam par phung po dang khams dang skye mched la sogs pa dngos po rang bzhin gyis mi stong pa cung zad cig yod par gyur na ni de la ltos pa'am mi stong pa de bsal bas stong pa zhes brjod pa 'byung ba'i phyir	'di la gal te don dam par phung po dang khams dang skye mched la sogs pa dngos po rang bzhin gyis mi stong pa cung zad cig yod par gyur na ni de la ltos pa'am mi stong pa de bsal bas stong pa zhes brjod pa 'byung ba'i phyir	292a	Here, if the aggregates, elements, media, and so on were not empty of intrinsic reality, then emptiness would be slightly existent, because it would be said that emptiness arises from the elimination of that which is not empty, which is dependent on that.
['BO_T04_D3859-2:292a-13']	stong pa yang cung zad yod par 'gyur ba zhig na mi stong pa de yang mi 'thad par bstan zhing ston par 'gyur bas de'i phyir de ltar don dam par /	stong pa yang cung zad yod par 'gyur ba zhig na mi stong pa de yang mi 'thad par bstan zhing ston par 'gyur bas de'i phyir de ltar don dam par /	292a	But since it has been shown and will be shown that that which is not empty is not tenable, therefore, in that way, ultimately,
['BO_T04_D3859-2:292a-14']	mi stong cung zad yod min na //	mi stong cung zad yod min na //	292a	Not the slightest non-empty thing exists.
['BO_T04_D3859-2:292a-15']	stong pa'ang yod par ga la 'gyur //	stong pa'ang yod par ga la 'gyur //	292a	How could emptiness exist?
['BO_T04_D3859-2:292a-16']	stong pa nyid du 'thad pa med pa'i phyir ro zhes bya bar dgongs so zhes bya ba smras te /	stong pa nyid du 'thad pa med pa'i phyir ro zhes bya bar dgongs so zhes bya ba smras te /	292a	The intended meaning is that emptiness is not tenable.
['BO_T04_D3859-2:292a-17']	des ni don dam par gnyen po dang mi mthun pa'i phyogs kyi mtha' gnyi ga spangs pa bstan to //	des ni don dam par gnyen po dang mi mthun pa'i phyogs kyi mtha' gnyi ga spangs pa bstan to //	292a	Thus he shows that ultimately both extremes of antidote and counteragent are abandoned.
['BO_T04_D3859-2:292b-0']	'ang zhes bya ba'i sgra ni mi stong pa dang stong pa cung zad @292b kyang med do zhes gnyi ga bsdu ba'i phyir ro zhes bya bas ni sgra bsdeb pa'i sgo nas don gnyi ga bsdu ba bstan to //	'ang zhes bya ba'i sgra ni mi stong pa dang stong pa cung zad @292b kyang med do zhes gnyi ga bsdu ba'i phyir ro zhes bya bas ni sgra bsdeb pa'i sgo nas don gnyi ga bsdu ba bstan to //	292b	This shows that the meaning of both is included by the arrangement of the words.
['BO_T04_D3859-2:292b-1']	yang na stong pa dang mi stong pa zhes bya bar rnam par rtog pa de dag ni gnyi la brten pas tha snyad pa yin te /	yang na stong pa dang mi stong pa zhes bya bar rnam par rtog pa de dag ni gnyi la brten pas tha snyad pa yin te /	292b	Or, the discriminations of “empty” and “non-empty” are conventional, because they are based on both.
['BO_T04_D3859-2:292b-2']	dper na gtsug lag khang sku gzugs kyis mi stong la /	dper na gtsug lag khang sku gzugs kyis mi stong la /	292b	For example, a temple is not empty of images,
['BO_T04_D3859-2:292b-3']	dge slong dag gis stong pa yod pa nyid do zhes bya ba bzhin no //	dge slong dag gis stong pa yod pa nyid do zhes bya ba bzhin no //	292b	and it is empty of monks.
['BO_T04_D3859-2:292b-4', 'BO_T04_D3859-2:292b-5']	don dam par ni mi stong cung zad yod min na /🔽gnyen por brtag pa gang yin pa'i //	don dam par ni mi stong cung zad yod min na / gnyen por brtag pa gang yin pa'i //	292b	But ultimately, since there is not even a little that is non-empty,
['BO_T04_D3859-2:292b-6']	stong pa'ang yod par ga la 'gyur //	stong pa'ang yod par ga la 'gyur //	292b	how could there be an emptiness🔽that is a counteragent?
['BO_T04_D3859-2:292b-7', 'BO_T04_D3859-2:292b-8']	zhes bya bas ni gnyen po dang mi mthun pa'i phyogs kyi stong pa dang mi stong pa zhes bya bar rnam par rtog pa ni kun rdzob tu gzhi la brten pas tha snyad pa yin gyi don dam par gzhi med pas tha snyad gdags su med par bstan🔽to // gang gi phyir 'dzin pa spang ba tsam nyid stong pa nyid do zhes bya bar dgongs pa de'i phyir gnyen po yod pa'i phyir zhes bya ba'i gtan tshigs kyi don ma grub pa nyid do zhes bya ba ni mjug bsdu ba yin te /	zhes bya bas ni gnyen po dang mi mthun pa'i phyogs kyi stong pa dang mi stong pa zhes bya bar rnam par rtog pa ni kun rdzob tu gzhi la brten pas tha snyad pa yin gyi don dam par gzhi med pas tha snyad gdags su med par bstan to // gang gi phyir 'dzin pa spang ba tsam nyid stong pa nyid do zhes bya bar dgongs pa de'i phyir gnyen po yod pa'i phyir zhes bya ba'i gtan tshigs kyi don ma grub pa nyid do zhes bya ba ni mjug bsdu ba yin te /	292b	This verse shows that the conceptualization of emptiness and non-emptiness as the antidotes and the counter agents, respectively, is a conventional one, based on the relative, because ultimately, there is no basis for the designation of conventional terms.🔽The conclusion is that the reason, “because the antidote exists,” is not established, because the mere elimination of the apprehension of existence is emptiness.
['BO_T04_D3859-2:292b-9']	gang gi phyir yod pa dang med par 'dzin pa'i rnam par rtog pa spang ba'i phyir stong pa nyid do zhes gsungs par zad kyi /	gang gi phyir yod pa dang med par 'dzin pa'i rnam par rtog pa spang ba'i phyir stong pa nyid do zhes gsungs par zad kyi /	292b	This is because emptiness is taught to eliminate the conceptualization of the apprehension of existence and nonexistence.
['BO_T04_D3859-2:292b-10']	gnyen po dang mi mthun pa'i phyogs kyi tshul du stong pa dang mi stong pa zhes bya ba dngos por yod pa ma yin pa de'i phyir pha rol po dag gi gtan tshigs gnyen po yod pa'i phyir zhes bya ba de'i don ma grub pas bstan bcos mdzad	gnyen po dang mi mthun pa'i phyogs kyi tshul du stong pa dang mi stong pa zhes bya ba dngos por yod pa ma yin pa de'i phyir pha rol po dag gi gtan tshigs gnyen po yod pa'i phyir zhes bya ba de'i don ma grub pas bstan bcos mdzad	292b	Since emptiness and non-emptiness do not exist as entities in the manner of antidotes and objects of abandonment, the meaning of the opponent's argument, because antidotes exist, is unestablished.
['BO_T04_D3859-2:292b-11']	pas brdzun pa dang / slu ba'i chos zhes bya ba chos bdag med pa ston pa'i don du bshad pa'i 'dod pa grub po //	pas brdzun pa dang / slu ba'i chos zhes bya ba chos bdag med pa ston pa'i don du bshad pa'i 'dod pa grub po //	292b	Therefore, the treatise was composed. The assertion that false and deceptive phenomena are explained as having the meaning of teaching the selflessness of phenomena is established.
['BO_T04_D3859-2:292b-12']	yang na rnal 'byor pa dngos po thams cad kyi ngo bo nyid dgag pa lhur len pa'i thos pa dang bsams pa dang bsgoms pa las byung ba'i shes pa goms par byed pa /	yang na rnal 'byor pa dngos po thams cad kyi ngo bo nyid dgag pa lhur len pa'i thos pa dang bsams pa dang bsgoms pa las byung ba'i shes pa goms par byed pa /	292b	Or, the yogi who is accustomed to the knowledge arisen from hearing, contemplating, and meditating, which is intent on refuting the nature of all things,
['BO_T04_D3859-2:292b-13']	la la 'di snyam du sems te zhes bya ba la sogs pas ni theg pa chen po'i rnal 'byor spyod pa pa /	la la 'di snyam du sems te zhes bya ba la sogs pas ni theg pa chen po'i rnal 'byor spyod pa pa /	292b	Some think... and so on explain the yogacara of the Mahayana.
['BO_T04_D3859-2:292b-14']	yang dag ma yin kun rtog yod //	yang dag ma yin kun rtog yod //	292b	The imagination of what is unreal exists.
['BO_T04_D3859-2:292b-15']	de la gnyis po yod ma yin //	de la gnyis po yod ma yin //	292b	In it, duality does not exist.
['BO_T04_D3859-2:292b-16']	stong pa nyid ni 'di la yod //	stong pa nyid ni 'di la yod //	292b	Emptiness exists in it.
['BO_T04_D3859-2:292b-17']	de la yang ni de yod do //	de la yang ni de yod do //	292b	And in that, that exists.
['BO_T04_D3859-2:292b-18']	zhes bya ba'i gzhung 'dzin pa dag kun brtags kyi ngo bo nyid med kyang kun brtags dang bral ba'i stong pa nyid don dam par yod par sems pa dag gi gzhung dgag pa'i phyir /	zhes bya ba'i gzhung 'dzin pa dag kun brtags kyi ngo bo nyid med kyang kun brtags dang bral ba'i stong pa nyid don dam par yod par sems pa dag gi gzhung dgag pa'i phyir /	292b	Those who hold this scripture think that although the imagined nature does not exist, emptiness, which is the absence of the imagined, exists ultimately.🔽In order to refute their scripture, the root text says:
['BO_T04_D3859-2:292b-19']	gal te stong min cung zad yod //	gal te stong min cung zad yod //	292b	If something were not empty,
['BO_T04_D3859-2:292b-20', 'BO_T04_D3859-2:293a-0']	stong pa'ang cung zad yod par 'gyur //🔽mi stong cung zad @293a * //	stong pa'ang cung zad yod par 'gyur // mi stong cung zad @293a * //	292b	then something would be empty.
['BO_T04_D3859-2:293a-1']	yod min na //	yod min na //	293a	But if nothing were not empty,
['BO_T04_D3859-2:293a-2']	stong pa'ang yod par ga la 'gyur //	stong pa'ang yod par ga la 'gyur //	293a	how could anything be empty?
['BO_T04_D3859-2:293a-3']	zhes bya ba tshig le'ur byas pa 'di rnam pa gzhan du rnam par bshad do zhes bya bar sbyar ro //	zhes bya ba tshig le'ur byas pa 'di rnam pa gzhan du rnam par bshad do zhes bya bar sbyar ro //	293a	This verse is explained in a different way.
['BO_T04_D3859-2:293a-4']	de dag gi gzhung bstan pa'i phyir gal te kun brtags pa nyid kyis bdag nyid stong pa'i phyir dngos po de dag las kun brtags pa'i bdag nyid med du zin kyang de dag gi stong pa nyid ni ma byas pa'i phyir dang / ltos pa med pa'i phyir de kho na yin no snyam na zhes bya ba smras so //	de dag gi gzhung bstan pa'i phyir gal te kun brtags pa nyid kyis bdag nyid stong pa'i phyir dngos po de dag las kun brtags pa'i bdag nyid med du zin kyang de dag gi stong pa nyid ni ma byas pa'i phyir dang / ltos pa med pa'i phyir de kho na yin no snyam na zhes bya ba smras so //	293a	In order to teach the treatises of those, it says, “If you think that because things are empty of the imaginary nature, although the imaginary nature does not exist in those things, their emptiness is suchness because it is not fabricated and is independent.”
['BO_T04_D3859-2:293a-5']	de yang bzang po ma yin par bstan pa'i phyir /	de yang bzang po ma yin par bstan pa'i phyir /	293a	In order to teach that this is also not good, it says,
['BO_T04_D3859-2:293a-6']	de yang legs par zin pa ma yin te /	de yang legs par zin pa ma yin te /	293a	“This is also not well taken.”
['BO_T04_D3859-2:293a-7']	ci'i phyir zhe na /	ci'i phyir zhe na /	293a	Why is that?
['BO_T04_D3859-2:293a-8', 'BO_T04_D3859-2:293a-9']	gang gi phyir dngos po thams cad kyi ngo bo nyid med pa ni stong pa nyid yin la de ni rdzas su yod pa ma yin pas de la ngo bo nyid du mngon par zhen pa mi rigs pas de dgag pa'i phyir /🔽gal te stong min cung zad yod //	gang gi phyir dngos po thams cad kyi ngo bo nyid med pa ni stong pa nyid yin la de ni rdzas su yod pa ma yin pas de la ngo bo nyid du mngon par zhen pa mi rigs pas de dgag pa'i phyir / gal te stong min cung zad yod //	293a	Because the essencelessness of all things is emptiness, and since that does not exist substantially, it is not tenable to cling to it as an essence. Therefore, in order to refute that, it says,🔽If there were the slightest nonempty thing,
['BO_T04_D3859-2:293a-10']	stong pa'ang cung zad yod par 'gyur //	stong pa'ang cung zad yod par 'gyur //	293a	Then there would be the slightest empty thing.
['BO_T04_D3859-2:293a-11']	zhes bya ba smras te stong pa ma yin pa'i shes pa rtog pa can nam rtog pa can ma yin pa'i spyod yul gyi dngos po cung zad cig yod par gyur na de la ltos pas sam /	zhes bya ba smras te stong pa ma yin pa'i shes pa rtog pa can nam rtog pa can ma yin pa'i spyod yul gyi dngos po cung zad cig yod par gyur na de la ltos pas sam /	293a	If there were anything at all that is not empty, either a conceptual or a non-conceptual object of activity, then, in dependence on that,
['BO_T04_D3859-2:293a-12']	blo'i bye brag gis stong pa nyid kyi shes pa'i spyod yul dngos po'i de kho na stong pa'ang cung zad cig yod par 'gyur grang na /	blo'i bye brag gis stong pa nyid kyi shes pa'i spyod yul dngos po'i de kho na stong pa'ang cung zad cig yod par 'gyur grang na /	293a	or by the distinction of awareness, the object of activity of the cognition of emptiness, the reality of things, emptiness, would also exist to some degree.
['BO_T04_D3859-2:293a-13']	mi stong cung zad yod min na //	mi stong cung zad yod min na //	293a	But since nothing at all is non-empty,
['BO_T04_D3859-2:293a-14']	stong pa'ang yod par ga la 'gyur //	stong pa'ang yod par ga la 'gyur //	293a	how could emptiness exist?
['BO_T04_D3859-2:293a-15']	zhes bya ba smras so //	zhes bya ba smras so //	293a	This is what is said.
['BO_T04_D3859-2:293a-16']	de nyid kyi rjes su dpag pa bstan pa'i phyir /	de nyid kyi rjes su dpag pa bstan pa'i phyir /	293a	In order to demonstrate the inference of that,
['BO_T04_D3859-2:293a-17']	'o na ci zhe na /	'o na ci zhe na /	293a	he says, “Well then, what?
['BO_T04_D3859-2:293a-18']	gang yod pa de ni stong pa nyid yin pas de'i phyir dpe 'di las rjes su dpag pa bya ste zhes bya ba la sogs pa smras so //	gang yod pa de ni stong pa nyid yin pas de'i phyir dpe 'di las rjes su dpag pa bya ste zhes bya ba la sogs pa smras so //	293a	Since that which exists is emptiness, therefore, from this example, an inference is made.”
['BO_T04_D3859-2:293a-19']	stong pa nyid kyi shes pa rnam par rtog pa dang bcas pa'am /	stong pa nyid kyi shes pa rnam par rtog pa dang bcas pa'am /	293a	The cognition of emptiness is either conceptual or non-conceptual.
['BO_T04_D3859-2:293a-20']	rnam par rtog pa med pa'i spyod yul dngos po'i bdag nyid gang yin pa de ni yang dag pa ma yin te /	rnam par rtog pa med pa'i spyod yul dngos po'i bdag nyid gang yin pa de ni yang dag pa ma yin te /	293a	That which is the nature of an entity that is the domain of nonconceptual consciousness is not real,
['BO_T04_D3859-2:293a-21']	shes pa'i spyod yul yin pa'i phyir dper na stong pa ma yin pa'i shes pa'i spyod yul bzhin pas dngos po'i de kho na stong pa'ang yod par ga la 'gyur te /	shes pa'i spyod yul yin pa'i phyir dper na stong pa ma yin pa'i shes pa'i spyod yul bzhin pas dngos po'i de kho na stong pa'ang yod par ga la 'gyur te /	293a	because it is the domain of consciousness, like, for example, the domain of nonempty consciousness. Therefore, how could the reality of entities, emptiness, exist?🔽The example is not established because it is undermined by inference and because it does not have the nature of being uncreated and independent.
['BO_T04_D3859-2:293a-22']	rjes su dpag pas gnod pa'i phyir dang / ma byas pa dang ltos pa med pa'i ngo bo nyid med pa'i phyir dpe ma grub po zhes bya bar dgongs so zhes bya ba dag ni chos can dang / bsgrub par bya ba chos dang / sgrub pa'i chos dang /	rjes su dpag pas gnod pa'i phyir dang / ma byas pa dang ltos pa med pa'i ngo bo nyid med pa'i phyir dpe ma grub po zhes bya bar dgongs so zhes bya ba dag ni chos can dang / bsgrub par bya ba chos dang / sgrub pa'i chos dang /	293a	The subject, the predicate of the probandum, the property of the reason,
['BO_T04_D3859-2:293a-23']	dpe dang / mjug bsdu ba dang / tshad ma'i 'bras bu yin par go rims bzhin du sbyar te /	dpe dang / mjug bsdu ba dang / tshad ma'i 'bras bu yin par go rims bzhin du sbyar te /	293a	the example, the summary, and the result of valid knowledge are applied in order.
['BO_T04_D3859-2:293b-0']	dper na stong @293b pa ma yin pa'i shes pa'i spyod yul kun brtags pa'i rnam pa gang yin pa de ni shes pa'i spyod yul yin pa'i phyir yang dag pa ma yin pa de bzhin du stong pa nyid kyis shes pa rnam par rtog pa dang bcas pa'am	dper na stong @293b pa ma yin pa'i shes pa'i spyod yul kun brtags pa'i rnam pa gang yin pa de ni shes pa'i spyod yul yin pa'i phyir yang dag pa ma yin pa de bzhin du stong pa nyid kyis shes pa rnam par rtog pa dang bcas pa'am	293b	For example, the aspect of the object of consciousness that is imagined and is not empty is not real because it is the object of consciousness.🔽Likewise, the reality of things that is the object of consciousness, whether it is conceptual or nonconceptual consciousness, is not real because it is the object of consciousness.
['BO_T04_D3859-2:293b-1']	/ rnam par rtog pa med pa'i spyod yul dngos po'i de kho na gang yin pa de yang shes pa'i spyod yul yin pa'i phyir yang dag pa ma yin pas dngos po'i de kho na stong pa'ang yod par ga la 'gyur te /	/ rnam par rtog pa med pa'i spyod yul dngos po'i de kho na gang yin pa de yang shes pa'i spyod yul yin pa'i phyir yang dag pa ma yin pas dngos po'i de kho na stong pa'ang yod par ga la 'gyur te /	293b	Therefore, how could the reality of things that is emptiness exist?
['BO_T04_D3859-2:293b-2']	rjes su dpag pas gnod pa'i phyir dang / ma byas pa dang ltos pa med pa'i ngo bo nyid med pa'i phyir pha rol po'i dpe log pa'i shes pa'i gnyen po yang dag pa'i shes pa yod pa bzhin no zhes bya ba de ma grub po zhes bya bar dgongs so //	rjes su dpag pas gnod pa'i phyir dang / ma byas pa dang ltos pa med pa'i ngo bo nyid med pa'i phyir pha rol po'i dpe log pa'i shes pa'i gnyen po yang dag pa'i shes pa yod pa bzhin no zhes bya ba de ma grub po zhes bya bar dgongs so //	293b	The opponent’s example is not established because it is undermined by inference and because it does not have an unfabricated and independent nature, like the existence of a correct consciousness that is the antidote to a mistaken consciousness.
['BO_T04_D3859-2:293b-3']	yang na / mi stong cung zad yod min na //	yang na / mi stong cung zad yod min na //	293b	There is nothing that is not empty.
['BO_T04_D3859-2:293b-4']	stong pa'ang yod par ga la 'gyur //	stong pa'ang yod par ga la 'gyur //	293b	How could emptiness exist?
['BO_T04_D3859-2:293b-5']	ji ltar stong pa nyid ma yin par rnam par rtog pa'i dra ba stong pa nyid mthong ba'i mes bsregs pa'i phyir mi stong pa cung zad kyang yod pa ma yin pa de bzhin du stong pa nyid du rnam par rtog pa'i dra ba yang de nyid kyis	ji ltar stong pa nyid ma yin par rnam par rtog pa'i dra ba stong pa nyid mthong ba'i mes bsregs pa'i phyir mi stong pa cung zad kyang yod pa ma yin pa de bzhin du stong pa nyid du rnam par rtog pa'i dra ba yang de nyid kyis	293b	Just as nothing at all is non-empty because the net of conceptual thought that it is not emptiness is burned up by the fire of seeing emptiness, so also the net of conceptual thought that it is emptiness is burned up by that fire.
['BO_T04_D3859-2:293b-6']	bsregs pa'i phyir zhes bya ba la sogs pas ni stong pa nyid ma yin pa dang stong pa nyid ces bya bar tha snyad gdags pa ni rnam par rtog pa'i dbang gis sgro btags pa yin pas shes rab kyi pha rol tu phyin pa bsgom pa'i gags yin	bsregs pa'i phyir zhes bya ba la sogs pas ni stong pa nyid ma yin pa dang stong pa nyid ces bya bar tha snyad gdags pa ni rnam par rtog pa'i dbang gis sgro btags pa yin pas shes rab kyi pha rol tu phyin pa bsgom pa'i gags yin	293b	Thus, the conventions “not empty” and “empty” are superimpositions by the power of conceptual thought.
['BO_T04_D3859-2:293b-7']	pa'i phyir stong pa nyid mthong ba'i mes gnyi ga bsregs pa'i dus na mi stong par rnam par rtog pa cung zad kyang med pas stong par rnam par rtog pa yang yod par ga la 'gyur zhes ston to //	pa'i phyir stong pa nyid mthong ba'i mes gnyi ga bsregs pa'i dus na mi stong par rnam par rtog pa cung zad kyang med pas stong par rnam par rtog pa yang yod par ga la 'gyur zhes ston to //	293b	Therefore, when both are burned up by the fire of seeing emptiness, since there is not the slightest conceptual thought that it is not empty, how could the conceptual thought that it is empty exist?🔽This is taught by “How could emptiness exist?”
['BO_T04_D3859-2:293b-8']	de nyid kyi rjes su dpag pa bstan pa'i phyir stong pa nyid du rnam par rtog pa yang don ji lta ba bzhin ma yin te /	de nyid kyi rjes su dpag pa bstan pa'i phyir stong pa nyid du rnam par rtog pa yang don ji lta ba bzhin ma yin te /	293b	In order to demonstrate that very inference, he says, “Conceptualization of emptiness is also not in accordance with fact.”
['BO_T04_D3859-2:293b-9']	rnam par rtog pa yin pa'i phyir dngos por rnam par rtog pa bzhin pas /	rnam par rtog pa yin pa'i phyir dngos por rnam par rtog pa bzhin pas /	293b	Because it is a conceptualization, like conceptualization of entities,
['BO_T04_D3859-2:293b-10']	stong pa'ang yod par ga la 'gyur te /	stong pa'ang yod par ga la 'gyur te /	293b	how could emptiness exist?
['BO_T04_D3859-2:293b-11']	rnam par rtog pa'i dbang gis de ltar 'khrul lo zhes bu bar dgongs so zhes bya ba smras te /	rnam par rtog pa'i dbang gis de ltar 'khrul lo zhes bu bar dgongs so zhes bya ba smras te /	293b	The thought is that it is an error due to the power of conceptualization.
['BO_T04_D3859-2:293b-12']	de dag kyang chos can dang / bsgrub par bya ba chos dang / sgrub pa'i chos dang / dpe dang mjug bsdu ba dang tshad ma'i 'bras bu yin par go rims bzhin du sbyar te /	de dag kyang chos can dang / bsgrub par bya ba chos dang / sgrub pa'i chos dang / dpe dang mjug bsdu ba dang tshad ma'i 'bras bu yin par go rims bzhin du sbyar te /	293b	Those are the subject, the predicate to be proven, the proof, the example, the conclusion, and the result of valid knowledge, respectively.
['BO_T04_D3859-2:294a-0']	dper na dngos po rnam par rtog pa ni rnam par rtog pa yin pa'i phyir don ji lta ba bzhin ma yin pa de bzhin du stong pa nyid du rnam par rtog pa yang rnam par rtog pa yin pa'i phyir don @294a * //	dper na dngos po rnam par rtog pa ni rnam par rtog pa yin pa'i phyir don ji lta ba bzhin ma yin pa de bzhin du stong pa nyid du rnam par rtog pa yang rnam par rtog pa yin pa'i phyir don @294a * //	294a	For example, conceptualization of entities is not in accordance with fact because it is a conceptualization. In the same way, conceptualization of emptiness is also not in accordance with fact because it is a conceptualization.
['BO_T04_D3859-2:294a-1']	ji lta ba bzhin ma yin pas stong pa'ang yod par ga la 'gyur te /	ji lta ba bzhin ma yin pas stong pa'ang yod par ga la 'gyur te /	294a	How could there be emptiness of what is not as it seems?
['BO_T04_D3859-2:294a-2']	rnam par rtog pa'i dbang gis de ltar 'khrul to zhes bya ba de ltar dgongs so //	rnam par rtog pa'i dbang gis de ltar 'khrul to zhes bya ba de ltar dgongs so //	294a	The thought is that it is a mistake due to the power of conceptuality.
['BO_T04_D3859-2:294a-3']	yang na / mi stong cung zad yod min na //	yang na / mi stong cung zad yod min na //	294a	Or, if nothing is empty,
['BO_T04_D3859-2:294a-4']	stong pa'ang yod par ga la 'gyur //	stong pa'ang yod par ga la 'gyur //	294a	how could emptiness exist?
['BO_T04_D3859-2:294a-5']	gnyis su spyod pa la ni dngos po'i ngo bo nyid kyi yul can gyi blo'i bye brag las sgyu mar byas pa 'di ni rta la sogs pa'i bdag nyid kyis stong ngo //	gnyis su spyod pa la ni dngos po'i ngo bo nyid kyi yul can gyi blo'i bye brag las sgyu mar byas pa 'di ni rta la sogs pa'i bdag nyid kyis stong ngo //	294a	For one who engages in duality, the thought occurs that this illusion, which is created by the power of the mind that has the nature of entities, is empty of the nature of horses and so on.
['BO_T04_D3859-2:294a-6']	yang dag pa 'di ni rta la sogs pa'i bdag nyid kyis mi stong ngo zhes bya bar rnam par rtog pa 'byung bar 'gyur ro //	yang dag pa 'di ni rta la sogs pa'i bdag nyid kyis mi stong ngo zhes bya bar rnam par rtog pa 'byung bar 'gyur ro //	294a	This reality is not empty of the nature of horses and so on.
['BO_T04_D3859-2:294a-7']	gang gi tshe rnal 'byor pa de rnam par mi rtog pa'i shes rab kyi spyod pa la gnas shing gnyis su med pa la spyod pa de'i tshe na de la don dam par shes bya'i de kho na thams cad 'di lta ste /	gang gi tshe rnal 'byor pa de rnam par mi rtog pa'i shes rab kyi spyod pa la gnas shing gnyis su med pa la spyod pa de'i tshe na de la don dam par shes bya'i de kho na thams cad 'di lta ste /	294a	When the yogi abides in the practice of nonconceptual wisdom and engages in nonduality, at that time, in terms of the ultimate, all the suchness of objects of knowledge is as follows.
['BO_T04_D3859-2:294a-8']	nam mkha' bzhin du mtshan nyid gcig pa dang mtshan nyid med par snang ba med pa'i tshul gyis snang bar 'gyur bas mi stong pa cung zad kyang yod pa ma yin na /	nam mkha' bzhin du mtshan nyid gcig pa dang mtshan nyid med par snang ba med pa'i tshul gyis snang bar 'gyur bas mi stong pa cung zad kyang yod pa ma yin na /	294a	Since they appear in the manner of not appearing, like space, they are not the slightest bit nonempty.
['BO_T04_D3859-2:294a-9']	stong pa'ang yod par ga la 'gyur te /	stong pa'ang yod par ga la 'gyur te /	294a	How could emptiness exist?🔽The thought is that since there is no difference in the mind, there is no conception of mutual dependence, and there is no manifest clinging.
['BO_T04_D3859-2:294a-10']	blo'i bye brag med pas phan tshun ltos par rtog pa'i mngon par zhen pa med pa'i phyir ro zhes bya bar dgongs so zhes bya bas ni rnal 'byor ba las dang po pa mos pa yid la byed pa stong pa dang stong pa ma yin pa gnyis su	blo'i bye brag med pas phan tshun ltos par rtog pa'i mngon par zhen pa med pa'i phyir ro zhes bya bar dgongs so zhes bya bas ni rnal 'byor ba las dang po pa mos pa yid la byed pa stong pa dang stong pa ma yin pa gnyis su	294a	This is the explanation of the yoga of the beginner who is engaged in the mental contemplation of interest.🔽For the beginner who is engaged in the mental contemplation of interest, there is the yoga of the beginner who is engaged in the mental contemplation of interest.
['BO_T04_D3859-2:294a-11']	spyod pa la ni dngos po'i ngo bo nyid kyi yul can gyi blo'i bye brag las stong pa dang mi stong par rnam par mi rtog pa gnyis 'byung bar 'gyur gyi /	spyod pa la ni dngos po'i ngo bo nyid kyi yul can gyi blo'i bye brag las stong pa dang mi stong par rnam par mi rtog pa gnyis 'byung bar 'gyur gyi /	294a	For the beginner who is engaged in the mental contemplation of interest, there is the yoga of the beginner who is engaged in the mental contemplation of interest.
['BO_T04_D3859-2:294a-12', 'BO_T04_D3859-2:294a-13']	rnal 'byor pa rab kyi mthar phyin pa de kho na nyid yid la byed pa gnyis su med par spyod pa la ni blo'i bye brag med par phan tshun ltos par rtog pa'i mngon par zhen pa med pa'i phyir mi stong par rtog pa cung zad kyang yod🔽pa ma yin pas de la ltos pas sam /	rnal 'byor pa rab kyi mthar phyin pa de kho na nyid yid la byed pa gnyis su med par spyod pa la ni blo'i bye brag med par phan tshun ltos par rtog pa'i mngon par zhen pa med pa'i phyir mi stong par rtog pa cung zad kyang yod pa ma yin pas de la ltos pas sam /	294a	For the yogi who is at the peak of the best, who practices nondual attention to suchness, there is not the slightest conception of nonemptiness because there is no conception of mutual dependence without the differentiation of mind.
['BO_T04_D3859-2:294a-14']	de bsal bas stong par rnam par rtog pa yang med do zhes bya bar dgongs pa bstan te /	de bsal bas stong par rnam par rtog pa yang med do zhes bya bar dgongs pa bstan te /	294a	Therefore, it is explained that there is no conception of emptiness in dependence on that or by eliminating that.
['BO_T04_D3859-2:294a-15', 'BO_T04_D3859-2:294a-16']	'phags pa dkon mchog brtsegs pa'i mdo las /🔽'od srungs stong pa nyid ni gang zag rnam par gzhig pa'i phyir ma yin zhing /	'phags pa dkon mchog brtsegs pa'i mdo las / 'od srungs stong pa nyid ni gang zag rnam par gzhig pa'i phyir ma yin zhing /	294a	The Heap of Jewels Sūtra says:🔽Kāśyapa, emptiness is not for the purpose of eliminating the person.
['BO_T04_D3859-2:294a-17']	gang zag dngos po yod pa bshig nas stong pa nyid du byed pa yang ma yin te /	gang zag dngos po yod pa bshig nas stong pa nyid du byed pa yang ma yin te /	294a	It is not that emptiness is made by eliminating the person as an existent thing.
['BO_T04_D3859-2:294a-18']	'od srungs sngon gyi mtha' stong pa nyid dang / phyi ma'i mtha' stong ba nyid dang / da ltar byung ba stong pa nyid la rton par bya'i gang zag stong pa nyid la rton par mi bya'o //	'od srungs sngon gyi mtha' stong pa nyid dang / phyi ma'i mtha' stong ba nyid dang / da ltar byung ba stong pa nyid la rton par bya'i gang zag stong pa nyid la rton par mi bya'o //	294a	Kāśyapa, rely on the emptiness of the past, the emptiness of the future, and the emptiness of the present, but do not rely on the emptiness of persons.
['BO_T04_D3859-2:294b-0']	'od @294b srungs gang dag stong pa nyid du dmigs pas stong pa nyid la rton cing /	'od @294b srungs gang dag stong pa nyid du dmigs pas stong pa nyid la rton cing /	294b	Kāśyapa, those who rely on emptiness as an object and🔽grasp it as a thing, I say they have fallen from and are lost to this Dharma and Vinaya.
['BO_T04_D3859-2:294b-1']	dngos por 'dzin pa de dag ni chos 'dul ba 'di nyid las nyams pa dang / rab tu nyams par nga smra'o zhes ji skad gsungs pa dang / de bzhin du 'phags pa stug po bkod pa'i mdo las kyang /	dngos por 'dzin pa de dag ni chos 'dul ba 'di nyid las nyams pa dang / rab tu nyams par nga smra'o zhes ji skad gsungs pa dang / de bzhin du 'phags pa stug po bkod pa'i mdo las kyang /	294b	And similarly, the noble Dense Array Sūtra says,
['BO_T04_D3859-2:294b-2']	gal te dngos po stong gyur na //	gal te dngos po stong gyur na //	294b	If things were empty,
['BO_T04_D3859-2:294b-3']	gzhig byar 'gyur zhing 'jig pa min //	gzhig byar 'gyur zhing 'jig pa min //	294b	they would be destroyed, but they are not destroyed.
['BO_T04_D3859-2:294b-4']	gang zag lhun po tsam dag gis //	gang zag lhun po tsam dag gis //	294b	Even if persons were as large as Mount Meru,
['BO_T04_D3859-2:294b-5', 'BO_T04_D3859-2:294b-6']	bdag tu lta ba mi gnod do //🔽zhes ci skad gsungs pa lta bu ste /	bdag tu lta ba mi gnod do // zhes ci skad gsungs pa lta bu ste /	294b	the view of self would not be harmed.
['BO_T04_D3859-2:294b-7']	de'i phyir gang zag tu lta ba bsal nas stong pa nyid yin par blta bar mi bya'o //	de'i phyir gang zag tu lta ba bsal nas stong pa nyid yin par blta bar mi bya'o //	294b	Therefore, having eliminated the view of the person, do not view it as empty.
['BO_T04_D3859-2:294b-8', 'BO_T04_D3859-2:294b-9']	de phyir rnam par bshad pa'i brnag pa snga ma tha dad pa dag gis gtan tshigs kyi don ma grub pa nyid do zhes bya ba ni tshig le'ur byas pa snga ma 'di'i skabs kyi mjug bsdu ba yin te /🔽gal te stong min cung zad yod //	de phyir rnam par bshad pa'i brnag pa snga ma tha dad pa dag gis gtan tshigs kyi don ma grub pa nyid do zhes bya ba ni tshig le'ur byas pa snga ma 'di'i skabs kyi mjug bsdu ba yin te / gal te stong min cung zad yod //	294b	Therefore, the meaning of the reason is not established by the former different assertions of the explanation. This is the summary of the former verse.🔽If there were the slightest nonempty,
['BO_T04_D3859-2:294b-10']	stong pa'ang cung zad yod par 'gyur //	stong pa'ang cung zad yod par 'gyur //	294b	emptiness would exist.
['BO_T04_D3859-2:294b-11']	mi stong cung zad yod min na //	mi stong cung zad yod min na //	294b	Since there is not the slightest nonempty,
['BO_T04_D3859-2:294b-12', 'BO_T04_D3859-2:294b-13']	stong pa'ang yod par gal 'gyur //🔽zhes bya ba tshig le'ur byas pa 'di rnam par bshad pa'i brnag pa snga ma tha dad pa rnam pa lnga po dag gis pha rol pos don dam par dngos po rnams stong pa nyid ma yin te /	stong pa'ang yod par gal 'gyur // zhes bya ba tshig le'ur byas pa 'di rnam par bshad pa'i brnag pa snga ma tha dad pa rnam pa lnga po dag gis pha rol pos don dam par dngos po rnams stong pa nyid ma yin te /	294b	how could emptiness exist?🔽This verse is the summary of the former five different assertions of the explanation.
['BO_T04_D3859-2:294b-14']	de'i gnyen po yod pa'i phyir zhes smras pa'i gtan tshigs kyi don de don dam par ni ma grub pa yin la /	de'i gnyen po yod pa'i phyir zhes smras pa'i gtan tshigs kyi don de don dam par ni ma grub pa yin la /	294b	The meaning of the reason that the opponent stated, “Ultimately, things are not emptiness because its antidote exists,” is not established ultimately.
['BO_T04_D3859-2:294b-15']	kun rdzob tu ni 'gal ba nyid yin par bstan to //	kun rdzob tu ni 'gal ba nyid yin par bstan to //	294b	It is taught that it is contradictory conventionally.
['BO_T04_D3859-2:294b-16']	'dir smras pa /	'dir smras pa /	294b	Here, someone might say,
['BO_T04_D3859-2:294b-17']	gtan tshigs kyi don ma grub pa nyid dang / don 'gal ba nyid du gyur kyang sla ste yang kho bo cag gi snying ni stong pa nyid dgag pa'i phyir sgrub pa smra bar 'dod pas khyab pa yin la de yang khyed kyis dgag pas 'dod pa'i don grub po zhes bya bas ni de ltar dbu ma	gtan tshigs kyi don ma grub pa nyid dang / don 'gal ba nyid du gyur kyang sla ste yang kho bo cag gi snying ni stong pa nyid dgag pa'i phyir sgrub pa smra bar 'dod pas khyab pa yin la de yang khyed kyis dgag pas 'dod pa'i don grub po zhes bya bas ni de ltar dbu ma	294b	It may be easy to show that the reason is not established or that it is contradictory,🔽but we assert that we are proponents of emptiness and that you, by refuting it, have established our desired object.
['BO_T04_D3859-2:294b-18']	pas stong pa nyid du rnam par rtog pa'i mtha' dgag pa bstan pa dang / 'dir dngos por smra ba dag dga' bar gyur nas de dag 'di skad ces kho bo cag gi stong pa nyid dgag pa'i gtan tshigs ji skad smras pa de dag ma grub pa dang /	pas stong pa nyid du rnam par rtog pa'i mtha' dgag pa bstan pa dang / 'dir dngos por smra ba dag dga' bar gyur nas de dag 'di skad ces kho bo cag gi stong pa nyid dgag pa'i gtan tshigs ji skad smras pa de dag ma grub pa dang /	294b	In this way, the Followers of the Middle Way teach the refutation of the extreme elaborations of emptiness, and the Proponents of Things rejoice and say, “The reasons you Proponents of the Middle Way use to refute emptiness are not established and are contradictory.
['BO_T04_D3859-2:294b-19', 'BO_T04_D3859-2:294b-20']	'gal ba nyid du gyur kyang sla ste /🔽yang kho bo cag ni stong pa nyid dgag pa'i sgrub pa smra bar 'dod pa yin la /	'gal ba nyid du gyur kyang sla ste / yang kho bo cag ni stong pa nyid dgag pa'i sgrub pa smra bar 'dod pa yin la /	294b	It may be easy to show that they are not established and are contradictory,🔽but we assert that we are proponents of emptiness.
['BO_T04_D3859-2:294b-21']	de yang khyed dbu ma pa nyid kyis bkag pas kho bo cag gi 'dod pa'i don grub bo zhes zer ro //	de yang khyed dbu ma pa nyid kyis bkag pas kho bo cag gi 'dod pa'i don grub bo zhes zer ro //	294b	You Followers of the Middle Way refute emptiness, and thus you have established our desired object.”
['BO_T04_D3859-2:294b-22']	de skad ces zer ba de'i lan du 'grel pa byed pa nyid kyis /	de skad ces zer ba de'i lan du 'grel pa byed pa nyid kyis /	294b	In response to that, the author of the commentary🔽says:
['BO_T04_D3859-2:294b-23', 'BO_T04_D3859-2:295a-0']	'dir bshad pa /🔽stong @295a * //	'dir bshad pa / stong @295a * //	294b	Here it is said:
['BO_T04_D3859-2:295a-1']	pa nyid shes pa dngos po rnams stong pa nyid du byed pa ma yin gyi /	pa nyid shes pa dngos po rnams stong pa nyid du byed pa ma yin gyi /	295a	The knowledge of emptiness does not make things empty.
['BO_T04_D3859-2:295a-2']	'di ltar dngos po rnams kyi de'i ngo bo nyid ma yin pa nyid de'i ngo bo nyid ma yin pa nyid du gsal bar byed de /	'di ltar dngos po rnams kyi de'i ngo bo nyid ma yin pa nyid de'i ngo bo nyid ma yin pa nyid du gsal bar byed de /	295a	Rather, it clarifies that the nature of things is not that nature,🔽just as the light of a lamp clarifies that a pot does not exist in a house, but it does not make it nonexistent.
['BO_T04_D3859-2:295a-3', 'BO_T04_D3859-2:295a-4']	dper na mar me'i snang bas khang khyim na bum pa med pa nyid du gsal bar byed kyi med par byed pa ma yin pa bzhin pas de med na de yod par 'gyur ba ma yin pa'i phyir de ni ma brtags par smra ba yin no zhes bya🔽ba smras te /	dper na mar me'i snang bas khang khyim na bum pa med pa nyid du gsal bar byed kyi med par byed pa ma yin pa bzhin pas de med na de yod par 'gyur ba ma yin pa'i phyir de ni ma brtags par smra ba yin no zhes bya ba smras te /	295a	Therefore, since it is not nonexistent, it is said that this is an unanalyzed statement.
['BO_T04_D3859-2:295a-5']	stong pa nyid kyis dngos po yod pa zhig stong pa nyid shes pas med par byas shing stong pa nyid de med na dngos po de yod par 'gyur ba ma yin gyi /	stong pa nyid kyis dngos po yod pa zhig stong pa nyid shes pas med par byas shing stong pa nyid de med na dngos po de yod par 'gyur ba ma yin gyi /	295a	The knowledge of emptiness does not make an existent thing empty.
['BO_T04_D3859-2:295a-6']	stong pa nyid kyi dngos po med pa nyid shes pas rtogs par zad pas stong pa nyid kyi dngos po med par rtog pas dngos po'i ngo bo nyid yod par ma bstan pa'i phyir pha rol po'i tshig de ni ma brtags par gya tshom du smra ba yin	stong pa nyid kyi dngos po med pa nyid shes pas rtogs par zad pas stong pa nyid kyi dngos po med par rtog pas dngos po'i ngo bo nyid yod par ma bstan pa'i phyir pha rol po'i tshig de ni ma brtags par gya tshom du smra ba yin	295a	Since the nonexistence of the entity of emptiness is fully understood through knowledge of emptiness, the statement of the opponent is a reckless, unanalyzed statement, because it does not teach that the entity of an existent thing is the nonexistence of the entity of emptiness.
['BO_T04_D3859-2:295a-7']	no // gzhan dag gis smras pa /	no // gzhan dag gis smras pa /	295a	Others say:
['BO_T04_D3859-2:295a-8']	stong pa nyid du smra ba dag ni pha rol po'i tshig sun dbyung bar 'dod pas stong pa nyid du smra ba la brten zhing de yang gzhung mi gzugs par sems pa na stong pa nyid kyang yod pa ma yin no zhes log par sgrub par byed pas	stong pa nyid du smra ba dag ni pha rol po'i tshig sun dbyung bar 'dod pas stong pa nyid du smra ba la brten zhing de yang gzhung mi gzugs par sems pa na stong pa nyid kyang yod pa ma yin no zhes log par sgrub par byed pas	295a	Those who propound emptiness, wishing to refute the statement of the opponent, rely on the statement of emptiness, but when they do not understand the text, they wrongly prove that emptiness does not exist.
['BO_T04_D3859-2:295a-9']	de'i phyir de dag gis khas blangs pa la gnod par 'gyur te /	de'i phyir de dag gis khas blangs pa la gnod par 'gyur te /	295a	Therefore they undermine their own assertions,🔽because a scripture says:
['BO_T04_D3859-2:295a-10']	lung las / gang dag stong nyid rab shes pa //	lung las / gang dag stong nyid rab shes pa //	295a	Those who fully understand emptiness
['BO_T04_D3859-2:295a-11']	de dag chos nyid rnam par mthong //	de dag chos nyid rnam par mthong //	295a	see the nature of phenomena.🔽And:
['BO_T04_D3859-2:295a-12']	zhes bya ba la sogs pa dang // 'du ba dag ni ma rtogs pa'i //	zhes bya ba la sogs pa dang // 'du ba dag ni ma rtogs pa'i //	295a	Those who do not understand the collections
['BO_T04_D3859-2:295a-13']	dngos po yod pa ma yin te //	dngos po yod pa ma yin te //	295a	Things do not exist.
['BO_T04_D3859-2:295a-14']	de phyir stong dang ma skyes dang // dngos nyid med par nga smra'o //	de phyir stong dang ma skyes dang // dngos nyid med par nga smra'o //	295a	Therefore I say they are empty, non-arisen, and essenceless.
['BO_T04_D3859-2:295a-15']	zhes bya ba la sogs pa gsungs pa'i phyir ro zhes bya ba ni pha rol po dag na re dbu ma pa stong pa nyid du smra ba dag ni pha rol po dngos por smra ba'i tshig sun dbyung bar 'dod pas stong pa nyid du smra ba la	zhes bya ba la sogs pa gsungs pa'i phyir ro zhes bya ba ni pha rol po dag na re dbu ma pa stong pa nyid du smra ba dag ni pha rol po dngos por smra ba'i tshig sun dbyung bar 'dod pas stong pa nyid du smra ba la	295a	The opponent says that the Madhyamikas, who advocate emptiness, wish to refute the statements of the essentialists.🔽When they do so, they do not rely on scripture, and so they think that emptiness does not exist.
['BO_T04_D3859-2:295a-16']	brten zhing de yang gzhung mi gzugs par sems pa na stong pa nyid kyang yod pa ma yin no zhes log par sgrub par byed pas de'i phyir de dag gis lung las dngos po thams cad stong pa nyid du gsungs pa khas blangs pa la gnod par 'gyur	brten zhing de yang gzhung mi gzugs par sems pa na stong pa nyid kyang yod pa ma yin no zhes log par sgrub par byed pas de'i phyir de dag gis lung las dngos po thams cad stong pa nyid du gsungs pa khas blangs pa la gnod par 'gyur	295a	Therefore, they are proving the opposite of what they intend, and so they undermine their acceptance of the statement in sūtra that all things are empty.
['BO_T04_D3859-2:295b-0']	te / 'jig rten thams cad ni 'bras bu'i don du 'jug pa yin na dbu ma pa ni rang gi 'bras bu lung las stong pa nyid ces gsungs pa yang sun 'byin par byed pas rang gi las blangs pa la gnod par @295b 'gyur ro zhes zer ba yin no	te / 'jig rten thams cad ni 'bras bu'i don du 'jug pa yin na dbu ma pa ni rang gi 'bras bu lung las stong pa nyid ces gsungs pa yang sun 'byin par byed pas rang gi las blangs pa la gnod par @295b 'gyur ro zhes zer ba yin no	295b	The world engages for the sake of results. But the Madhyamaka refutes its own result, emptiness, so it would undermine its own action.
['BO_T04_D3859-2:295b-1']	// de skad ces zer ba de'i lan du 'dir 'grel pa byed pa nyid kyis /	// de skad ces zer ba de'i lan du 'dir 'grel pa byed pa nyid kyis /	295b	  In response to that, the author of the commentary says:
['BO_T04_D3859-2:295b-2']	de ni rigs pa ma yin te /	de ni rigs pa ma yin te /	295b	That is not logical.
['BO_T04_D3859-2:295b-3']	lung las chos kyi rnam grangs gzings lta bur shes pa rnams kyis chos rnams nyid kyang spang bar bya na chos ma yin pa rnams lta ci smos zhes bya ba dang / de bzhin du gzugs stong zhes bya bar mi brtag mi stong zhes bya bar yang mi brtag go zhes gsungs pas stong pa nyid du lta ba 'dzin pa gzhan bsal ba la dgongs pas yongs su gzung ba yang don spyad zin na yongs su spang bar bya ba	lung las chos kyi rnam grangs gzings lta bur shes pa rnams kyis chos rnams nyid kyang spang bar bya na chos ma yin pa rnams lta ci smos zhes bya ba dang / de bzhin du gzugs stong zhes bya bar mi brtag mi stong zhes bya bar yang mi brtag go zhes gsungs pas stong pa nyid du lta ba 'dzin pa gzhan bsal ba la dgongs pas yongs su gzung ba yang don spyad zin na yongs su spang bar bya ba	295b	  The scriptures say, “Those who know the Dharma is like a raft should abandon the Dharma, let alone non-Dharma,” and “Do not conceive of form as empty or not empty.” Since this is stated with the intention of dispelling the view that emptiness is a thing to be grasped, it is like a raft that is to be abandoned once the meaning has been practiced.
['BO_T04_D3859-2:295b-4']	yin pa'i phyir dang / stong pa ma yin par rnam par rtog pa bzhin du rnam par rtog pa de yang rnam par mi rtog pa'i shes pa'i gegs yin pas spang bar 'dod pa'i phyir dang / de la mngon par zhen pa yang skyon chen por 'gyur ba'i phyir de yongs su spangs pa la skyon med do zhes bya ba smras te /	yin pa'i phyir dang / stong pa ma yin par rnam par rtog pa bzhin du rnam par rtog pa de yang rnam par mi rtog pa'i shes pa'i gegs yin pas spang bar 'dod pa'i phyir dang / de la mngon par zhen pa yang skyon chen por 'gyur ba'i phyir de yongs su spangs pa la skyon med do zhes bya ba smras te /	295b	And because strong attachment to it would be a great fault, there is no fault in completely abandoning it.🔽A sutra states:
['BO_T04_D3859-2:295b-5']	lung las chos kyi rnams grangs gzings lta bur shes pa rnams kyis chos rnams nyid kyang spang bar bya na chos ma yin pa rnams lta ci smos zhes gsungs pas /	lung las chos kyi rnams grangs gzings lta bur shes pa rnams kyis chos rnams nyid kyang spang bar bya na chos ma yin pa rnams lta ci smos zhes gsungs pas /	295b	Those who know that the enumeration of phenomena is like a raft should abandon even phenomena, let alone nonphenomena.
['BO_T04_D3859-2:295b-6']	dper na 'gron pa chu klung rgal bar 'dod pas gzings la brten te /	dper na 'gron pa chu klung rgal bar 'dod pas gzings la brten te /	295b	For example, travelers who wish to cross a river rely on a raft.🔽Having crossed the river, they abandon the raft and go on.
['BO_T04_D3859-2:295b-7']	chu klung rgal nas gzings spangs te 'gro ba de bzhin du rnal 'byor ba dngos por lta ba'i chu klung rgal bar 'dod pas kyang stong pa nyid du lta ba gzings lta bu la brten te /	chu klung rgal nas gzings spangs te 'gro ba de bzhin du rnal 'byor ba dngos por lta ba'i chu klung rgal bar 'dod pas kyang stong pa nyid du lta ba gzings lta bu la brten te /	295b	Similarly, yogis who wish to cross the river of the view of entities rely on the raft of the view of emptiness.
['BO_T04_D3859-2:295b-8']	dngos por lta ba'i chu klung las rgal nas stong pa nyid du lta ba gzings lta bu de spangs te /	dngos por lta ba'i chu klung las rgal nas stong pa nyid du lta ba gzings lta bu de spangs te /	295b	Having crossed the river of the view of entities, one should abandon the raft-like view of emptiness and proceed on the path to nonabiding nirvana.
['BO_T04_D3859-2:295b-9']	mi gnas pa'i mya ngan las 'das pa'i lam du 'gro bar bya ba yin pa'i phyir dang / lung las gzugs stong zhes bya bar mi brtag / mi stong zhes bya bar yang mi brtag go zhes gsungs pas rnal 'byor pa rnam par mi rtog pa'i shes rab kyi spyod pa la gnas shing gnyis su med pa la spyod pa'i tshe na stong ba ma yin	mi gnas pa'i mya ngan las 'das pa'i lam du 'gro bar bya ba yin pa'i phyir dang / lung las gzugs stong zhes bya bar mi brtag / mi stong zhes bya bar yang mi brtag go zhes gsungs pas rnal 'byor pa rnam par mi rtog pa'i shes rab kyi spyod pa la gnas shing gnyis su med pa la spyod pa'i tshe na stong ba ma yin	295b	And since the scriptures state, “Do not investigate whether form is empty or not empty,” when yogis abide in the conduct of nonconceptual wisdom and engage in the practice of nonduality, they do not engage in emptiness.
['BO_T04_D3859-2:296a-0']	par rnam par rtog pa dang stong par rnam par rtog pa'i mtha' gnyi ga yang shes rab kyi pha rol tu phyin pa bsgom pa'i gegs yin pas spang bar 'dod pa'i phyir dang / stong pa nyid la mngon par zhen pa yang skyon chen por 'gyur ba yin pa'i phyir dbu ma pas stong pa nyid du yang gzhung mi gzugs par sems pa na stong pa @296a * //	par rnam par rtog pa dang stong par rnam par rtog pa'i mtha' gnyi ga yang shes rab kyi pha rol tu phyin pa bsgom pa'i gegs yin pas spang bar 'dod pa'i phyir dang / stong pa nyid la mngon par zhen pa yang skyon chen por 'gyur ba yin pa'i phyir dbu ma pas stong pa nyid du yang gzhung mi gzugs par sems pa na stong pa @296a * //	296a	Since both the extreme of conceptualizing things and the extreme of conceptualizing emptiness are obstacles to cultivating the perfection of wisdom, they are to be abandoned. And since even clinging to emptiness is a great fault, when the Followers of the Middle Way think about emptiness, they do not even posit “emptiness.”
['BO_T04_D3859-2:296a-1']	nyid kyang ma yin no zhes de yongs su spangs pa la skyon med do //	nyid kyang ma yin no zhes de yongs su spangs pa la skyon med do //	296a	There is no fault in their completely abandoning the notion of “emptiness.”
['BO_T04_D3859-2:296a-2']	da ni dngos por lta ba spang ba'i phyir stong pa nyid ces gsungs la /	da ni dngos por lta ba spang ba'i phyir stong pa nyid ces gsungs la /	296a	Now, in order to abandon the view of things, the Buddha taught “emptiness.”
['BO_T04_D3859-2:296a-3']	stong pa nyid du lta ba yang gsor mi rung bas spang bar bya ba yin pa'i phyir mtha' gnyis rnam par spangs pa'i tshul gyis dbu ma'i don bstan pa'i mjug bsdu ba'i phyir /	stong pa nyid du lta ba yang gsor mi rung bas spang bar bya ba yin pa'i phyir mtha' gnyis rnam par spangs pa'i tshul gyis dbu ma'i don bstan pa'i mjug bsdu ba'i phyir /	296a	Since the view of emptiness is also to be abandoned because it is incurable, the text now concludes the teaching on the meaning of the Middle Way by way of abandoning the two extremes.
['BO_T04_D3859-2:296a-4']	'di ltar lha dang mi'i bla ma rnams kyis /	'di ltar lha dang mi'i bla ma rnams kyis /	296a	The buddhas, the supreme teachers of gods and humans,
['BO_T04_D3859-2:296a-5']	srog chags lta ba sna tshogs kyi skyon gyi dug gis sems khyab par gyur pa sdug bsngal mi bzad pa'i nad rgyun mi 'chad pa rnams la thugs rje ba na /	srog chags lta ba sna tshogs kyi skyon gyi dug gis sems khyab par gyur pa sdug bsngal mi bzad pa'i nad rgyun mi 'chad pa rnams la thugs rje ba na /	296a	The minds of living beings are pervaded by the poison of the various faults of views, and they are continuously afflicted by the disease of unbearable suffering.
['BO_T04_D3859-2:296a-6']	rgyal ba rnams kyis stong nyid ni //	rgyal ba rnams kyis stong nyid ni //	296a	The Victors have taught that emptiness
['BO_T04_D3859-2:296a-7']	lta kun des par 'byin par gsungs//	lta kun des par 'byin par gsungs//	296a	is the definite release from all views.
['BO_T04_D3859-2:296a-8']	zhes bya ba la sogs pa smras so //	zhes bya ba la sogs pa smras so //	296a	Thus it is said.
['BO_T04_D3859-2:296a-9']	lta kun zhes bya ba'i tshig gi don bstan pa'i phyir sdug bsngal sna tshogs kyi sa bon gyi lta ba thams cad do zhes bya ba smras so //	lta kun zhes bya ba'i tshig gi don bstan pa'i phyir sdug bsngal sna tshogs kyi sa bon gyi lta ba thams cad do zhes bya ba smras so //	296a	In order to explain the meaning of the words “all views,” it is said: “all views are the seeds of various sufferings.”
['BO_T04_D3859-2:296a-10']	de nyid bye brag tu bshad pa bstan pa'i phyir lta ba ni mngon par zhen pa dang 'dzin pa ste /	de nyid bye brag tu bshad pa bstan pa'i phyir lta ba ni mngon par zhen pa dang 'dzin pa ste /	296a	In order to teach that very point in detail, it is said: “Views are the adherence and grasping of the mind to things.
['BO_T04_D3859-2:296a-11']	de dag gi rab tu dbye ba ni 'jig tshogs la lta ba la sogs pa'o zhes bya ba smras so //	de dag gi rab tu dbye ba ni 'jig tshogs la lta ba la sogs pa'o zhes bya ba smras so //	296a	Their divisions are the view of the transitory collection and so on.”
['BO_T04_D3859-2:296a-12']	stong pa nyid kyis lta ba kun las nges par 'byin par gsungs pa bstan pa'i phyir /	stong pa nyid kyis lta ba kun las nges par 'byin par gsungs pa bstan pa'i phyir /	296a	In order to teach that emptiness is said to be the definite release from all views, it is said:
['BO_T04_D3859-2:296a-13']	de dag gi gnyen po ni nang stong pa nyid la sogs pa'o zhes bya ba smras te /	de dag gi gnyen po ni nang stong pa nyid la sogs pa'o zhes bya ba smras te /	296a	Their antidotes are the emptiness of the inner, etc.🔽Thus, he explains the method of teaching emptiness in order to abandon the view of things.
['BO_T04_D3859-2:296a-14']	re zhig de dag gis ni dngos por lta ba spang ba'i phyir stong pa nyid cas gsungs pa'i tshul bstan to //	re zhig de dag gis ni dngos por lta ba spang ba'i phyir stong pa nyid cas gsungs pa'i tshul bstan to //	296a	Now, in order to teach the method of abandoning the view of emptiness, which is incurable, he says:
['BO_T04_D3859-2:296a-15']	da ni stong pa nyid du lta ba yang gsor mi rung bas spang bar bya ba'i tshul bstan pa'i phyir dge ba'i rtsa ba rgya chen po nye bar ma bsags pa bsam yongs su ma smin pa chos zab mo la bzod pa ma skyes pa lam la mi	da ni stong pa nyid du lta ba yang gsor mi rung bas spang bar bya ba'i tshul bstan pa'i phyir dge ba'i rtsa ba rgya chen po nye bar ma bsags pa bsam yongs su ma smin pa chos zab mo la bzod pa ma skyes pa lam la mi	296a	Those who do not have a great accumulation of wholesome roots, whose thoughts are not mature, who have not generated the patience for the profound Dharma, who are unskilled in the path,
['BO_T04_D3859-2:296a-16']	mkhas pa / gang dag stong pa nyid lta ba //	mkhas pa / gang dag stong pa nyid lta ba //	296a	and who view emptiness
['BO_T04_D3859-2:296a-17', 'BO_T04_D3859-2:296a-18']	de dag bsgrub tu med par gsungs //🔽zhes bya ba la sogs pa smras so //	de dag bsgrub tu med par gsungs //🔽zhes bya ba la sogs pa smras so //	296a	are said to be incapable of practice.
['BO_T04_D3859-2:296a-19']	de nyid bye brag tu bshad pa bstan pa'i phyir 'di nyid yod do zhes stong pa nyid du 'dzin pa gang dag / bkru sman btang ba khong du 'khyil pa'i nad pa bzhin du lta ba sna tshogs kyi skyon gyis sems ma rung bar gyur pa rnams la	de nyid bye brag tu bshad pa bstan pa'i phyir 'di nyid yod do zhes stong pa nyid du 'dzin pa gang dag / bkru sman btang ba khong du 'khyil pa'i nad pa bzhin du lta ba sna tshogs kyi skyon gyis sems ma rung bar gyur pa rnams la	296a	Those whose minds are corrupted by the faults of various views, like patients whose bodies are filled with the effects of a purgative,
['BO_T04_D3859-2:296a-20', 'BO_T04_D3859-2:296a-21']	de zhi bar nus pa stong pa nyid kyi sman byin pa las skyon chen pos 'khrugs par gyur pa nad pa lta bu de dag ni de bzhin gshegs pa sman pa mchog lta bus bsgrub tu med par gsungs pas de'i phyir de spangs pa la skyon med do🔽zhes bya ba smras so //	de zhi bar nus pa stong pa nyid kyi sman byin pa las skyon chen pos 'khrugs par gyur pa nad pa lta bu de dag ni de bzhin gshegs pa sman pa mchog lta bus bsgrub tu med par gsungs pas de'i phyir de spangs pa la skyon med do🔽zhes bya ba smras so //	296a	who are unable to be cured by the medicine of emptiness, are like patients who are disturbed by a great fault. The Tathāgata, like the supreme doctor, says that they are incurable. Therefore there is no fault in abandoning them.
['BO_T04_D3859-2:296b-0']	da ni mtha' gnyis rnam par spangs pa'i tshul gyis dbu ma'i don bstan pa'i @296b mjug bsdu ba'i phyir 'gron po phal pa shing rta bying pa 'byin pa'i rngan pa ci yang med do zhes bya ba gang yin pa de byin cig ces zer ba sgra'i don mngon	da ni mtha' gnyis rnam par spangs pa'i tshul gyis dbu ma'i don bstan pa'i @296b mjug bsdu ba'i phyir 'gron po phal pa shing rta bying pa 'byin pa'i rngan pa ci yang med do zhes bya ba gang yin pa de byin cig ces zer ba sgra'i don mngon	296b	Now, in order to conclude the teaching on the meaning of the middle way by way of the avoidance of the two extremes, he says, “Just as one might say, ‘Give the reward to the ordinary traveler for pulling the chariot out of the mud, but not to the expert,’ the experts would be displeased.
['BO_T04_D3859-2:296b-1']	par mi shes pa lta bur mkhas pa rnams kyis smad par gyur na mi rung bas kho bo stong pa nyid la dngos por mngon par zhen pa mi byed do zhes bya ba smras te /	par mi shes pa lta bur mkhas pa rnams kyis smad par gyur na mi rung bas kho bo stong pa nyid la dngos por mngon par zhen pa mi byed do zhes bya ba smras te /	296b	Therefore, I do not assert that emptiness is a thing.”
['BO_T04_D3859-2:296b-2']	dper na 'gron po shing rta lam du zhugs pa'i shing rta rdzab tu bying ba'i tshe 'gron po phal pa sgra'i don la mi mkhas pa zhig 'ongs pa la shing rta pas /	dper na 'gron po shing rta lam du zhugs pa'i shing rta rdzab tu bying ba'i tshe 'gron po phal pa sgra'i don la mi mkhas pa zhig 'ongs pa la shing rta pas /	296b	For example, when the chariot of a traveler who has set out on the road gets stuck in the mud, an ordinary traveler who is ignorant of the meaning of the words might say, “Give the reward to the one who pulls the chariot out of the mud, but not to the expert.”
['BO_T04_D3859-2:296b-3']	kho bo'i shing rta bying pa 'di phyung shig ces byas pa dang / 'gron po phal pa de na re rngan pa ci yod ces zer ba na shing rta bas rngan pa ci yang med do zhes byas pa dang / 'gron po phal pa des shing rta bying pa de phyung nas de'i 'og tu 'di skad ces rngan pa ci yang med do zhes bya ba gang yin pa de da byin cig ces zer ba de sgra'i don la mi mkhas pa yin par mkhas pa rnams kyis smad	kho bo'i shing rta bying pa 'di phyung shig ces byas pa dang / 'gron po phal pa de na re rngan pa ci yod ces zer ba na shing rta bas rngan pa ci yang med do zhes byas pa dang / 'gron po phal pa des shing rta bying pa de phyung nas de'i 'og tu 'di skad ces rngan pa ci yang med do zhes bya ba gang yin pa de da byin cig ces zer ba de sgra'i don la mi mkhas pa yin par mkhas pa rnams kyis smad	296b	The ordinary traveler said, “What is the reward?” The charioteer said, “There is no reward at all.” The ordinary traveler pulled the stuck chariot out of the mud and then said, “Now give me the reward that you said there was none.” The charioteer said, “The reward is that there is no reward at all.” The ordinary traveler was not skilled in the meaning of words and was ridiculed by the wise.
['BO_T04_D3859-2:296b-4']	par gyur na mi rung ba de bzhin du 'dir yang dngos por lta ba bsal ba'i gnyen por stong pa nyid bstan pa na stong pa nyid yod par lta ba ni mtha' gnyis rnam par spangs pa'i don la mkhas pa ma yin par mkhas pa rnams kyis smad	par gyur na mi rung ba de bzhin du 'dir yang dngos por lta ba bsal ba'i gnyen por stong pa nyid bstan pa na stong pa nyid yod par lta ba ni mtha' gnyis rnam par spangs pa'i don la mkhas pa ma yin par mkhas pa rnams kyis smad	296b	It would be inappropriate to be like that. In the same way, when emptiness is taught as the antidote that dispels the view of things as real, the view that emptiness exists is not skill in the meaning of the abandonment of the two extremes. The wise will ridicule it.
['BO_T04_D3859-2:296b-5']	par gyur na mi rung bas kho bo stong pa nyid la yang dngos por mngon par zhen par mi byed do //	par gyur na mi rung bas kho bo stong pa nyid la yang dngos por mngon par zhen par mi byed do //	296b	Therefore, we do not reify emptiness as a thing.
['BO_T04_D3859-2:296b-6']	de'i phyir yang gtan tshigs kyi don ma grub pa nyid kyi lan med do zhes bya ba ni tshig le'ur byas pa gong ma de nyid kyi skabs kyi mjug bsdu ba yin no //	de'i phyir yang gtan tshigs kyi don ma grub pa nyid kyi lan med do zhes bya ba ni tshig le'ur byas pa gong ma de nyid kyi skabs kyi mjug bsdu ba yin no //	296b	Hence, the response that the meaning of the reason is not established is not relevant. This is the conclusion of the above verse.
['BO_T04_D3859-2:296b-7']	de la 'dir rab tu byed pa'i don ni pha rol pos smras pa'i sun 'byin pa'i lan btab pa dang / rang dbang rjes su dpag pa kha na ma tho ba med pa bstan pa'i mthus 'du byed rnams rnam pa las ngo bo nyid med pa nyid du bstan pa yin no zhes bya ba ni mjug bsdu ba dang /	de la 'dir rab tu byed pa'i don ni pha rol pos smras pa'i sun 'byin pa'i lan btab pa dang / rang dbang rjes su dpag pa kha na ma tho ba med pa bstan pa'i mthus 'du byed rnams rnam pa las ngo bo nyid med pa nyid du bstan pa yin no zhes bya ba ni mjug bsdu ba dang /	296b	Here, the meaning of the chapter is as follows: The response to the opponent’s refutation and the demonstration of the non-transgression of the autonomous inference through the power of the teaching of the essencelessness of all things in terms of the three natures is the conclusion.
['BO_T04_D3859-2:296b-8']	tshad ma'i 'bras bu yin te /	tshad ma'i 'bras bu yin te /	296b	This is the result of the valid cognition.
['BO_T04_D3859-2:296b-9']	de kho na brtag pa'i rab tu byed pa bcu gsum pa'i skabs 'dir rab tu byed pa'i don tshad ma'i 'bras bur lta ba ni pha rol pos 'du byed rnams ngo bo nyid med pa nyid dgag pa'i phyir gzhan du 'gyur ba snang ba'i gtan tshigs kyis ngo	de kho na brtag pa'i rab tu byed pa bcu gsum pa'i skabs 'dir rab tu byed pa'i don tshad ma'i 'bras bur lta ba ni pha rol pos 'du byed rnams ngo bo nyid med pa nyid dgag pa'i phyir gzhan du 'gyur ba snang ba'i gtan tshigs kyis ngo	296b	The opponent has refuted the lack of entityness of compounded phenomena, and in response the author of the treatise has stated that because of the reason of the appearance of transformation,🔽the nonabiding of entityness is established, and he has responded by stating that the person is only the selflessness of phenomena.
['BO_T04_D3859-2:296b-10']	bo nyid nges par mi gnas pa'i sgo nas gang zag bdag med pa tsam du smra ba'i lan btab ba dang / bstan bcos mdzad pas /	bo nyid nges par mi gnas pa'i sgo nas gang zag bdag med pa tsam du smra ba'i lan btab ba dang / bstan bcos mdzad pas /	296b	The treatise states:🔽The Bhagavat has said
['BO_T04_D3859-2:296b-11', 'BO_T04_D3859-2:297a-0']	chos gang slu ba de brdzun zhes //🔽bcom ldan 'das kyis de skad @297a * //	chos gang slu ba de brdzun zhes // bcom ldan 'das kyis de skad @297a * //	296b	that whatever is deceptive is false.
['BO_T04_D3859-2:297a-1']	gsungs // 'du byed thams cad slu ba'i chos //	gsungs // 'du byed thams cad slu ba'i chos //	297a	All compounded phenomena are deceptive phenomena.
['BO_T04_D3859-2:297a-2']	des na de dag brdzun pa yin //	des na de dag brdzun pa yin //	297a	Therefore they are false.
['BO_T04_D3859-2:297a-3', 'BO_T04_D3859-2:297a-4']	zhes bya ba la sogs pa rang dbang du rjes su dpag pa kha na ma tho ba med pa bstan pa'i mthus 'du byed rnams gang zag bdag med pa'i rnam pa las khyad par du 'phags pa chos bdag med pa ngo bo nyid med pa nyid du bstan🔽pa yin no //	zhes bya ba la sogs pa rang dbang du rjes su dpag pa kha na ma tho ba med pa bstan pa'i mthus 'du byed rnams gang zag bdag med pa'i rnam pa las khyad par du 'phags pa chos bdag med pa ngo bo nyid med pa nyid du bstan pa yin no //	297a	Thus, through the power of teaching unassailable independent inferences, he teaches that compounded phenomena are superior to the aspect of the selflessness of persons in being the selflessness of phenomena, which is essencelessness.🔽What is the good of teaching that compounded phenomena are essenceless in terms of aspects?
['BO_T04_D3859-2:297a-5']	'du byed rnams rnam pa las ngo bo nyid med pa nyid du bstan pa la yon tan ci yod pa dang / de bstan pa 'di la gzhan dag na re rtog ge skam po'i bstan bcos tsam nyi tshes bsgrubs so zhes zer ba bsal ba'i phyir 'dir yid ches pa'i lung gi khungs kyis kyang bsgrub par bya ste /	'du byed rnams rnam pa las ngo bo nyid med pa nyid du bstan pa la yon tan ci yod pa dang / de bstan pa 'di la gzhan dag na re rtog ge skam po'i bstan bcos tsam nyi tshes bsgrubs so zhes zer ba bsal ba'i phyir 'dir yid ches pa'i lung gi khungs kyis kyang bsgrub par bya ste /	297a	To dispel the claim by others that this teaching is established by mere dry sophistry, it is also established by means of a source of trustworthy testimony.
['BO_T04_D3859-2:297a-6']	de'i phyir bcom ldan 'das ma shes rab kyi pha rol tu phyin pa rab kyi rtsal gyis rnam par gnon pas zhus pa'i mdo las /	de'i phyir bcom ldan 'das ma shes rab kyi pha rol tu phyin pa rab kyi rtsal gyis rnam par gnon pas zhus pa'i mdo las /	297a	Thus, the Bhagavatī Prajñāpāramitā Subāhupariprcchāsūtra says:
['BO_T04_D3859-2:297a-7']	rab kyi rtsal gyis rnam par gnon pa chos thams cad ni phyin ci log gis kun nas bslang ba yang dag pa ma yin pa yod pa ma yin pa log pa brdzun pa ste /	rab kyi rtsal gyis rnam par gnon pa chos thams cad ni phyin ci log gis kun nas bslang ba yang dag pa ma yin pa yod pa ma yin pa log pa brdzun pa ste /	297a	Subhūti, all phenomena are motivated by error, they are not real, they do not exist, they are false, they are lies.🔽Subhūti, therefore, those who engage in any phenomenon engage in error, engage in what is not real.
['BO_T04_D3859-2:297a-8']	rab kyi rtsal gyis rnam par gnon pa de'i phyir gang chos 'ga' zhig la spyod pa de ni phyin ci log la spyod pa dang yang dag pa ma yin pa la spyod pa'o zhes bya ba la sogs pa chos gang dag brdzun pa dang slu ba de dag	rab kyi rtsal gyis rnam par gnon pa de'i phyir gang chos 'ga' zhig la spyod pa de ni phyin ci log la spyod pa dang yang dag pa ma yin pa la spyod pa'o zhes bya ba la sogs pa chos gang dag brdzun pa dang slu ba de dag	297a	All phenomena that are said to be false and deceptive🔽are said to be essenceless.
['BO_T04_D3859-2:297a-9']	thams cad ni ngo bo nyid med pa nyid yin no zhes gsungs pa dang / de bzhin du 'phags pa tshangs pas zhus pa'i mdo las kyang /	thams cad ni ngo bo nyid med pa nyid yin no zhes gsungs pa dang / de bzhin du 'phags pa tshangs pas zhus pa'i mdo las kyang /	297a	And likewise, the noble Brahma’s Net Sutra says:🔽The world is attached to truth, but this phenomenon is not true and is not false.
['BO_T04_D3859-2:297a-10']	'jig rten ni bden pa la mngon par zhen pa yin gyi chos 'di ni bden pa yang ma yin brdzun pa yang ma yin no zhes bya ba la sogs pa gsungs pa de dag grub pa yin no zhes bya ba ni de ltar yid ches pa'i lung de	'jig rten ni bden pa la mngon par zhen pa yin gyi chos 'di ni bden pa yang ma yin brdzun pa yang ma yin no zhes bya ba la sogs pa gsungs pa de dag grub pa yin no zhes bya ba ni de ltar yid ches pa'i lung de	297a	This is established.
['BO_T04_D3859-2:297a-11']	dag grub pa ni 'du byed rnams gang zag bdag med pa'i rnam pa las khyad par du 'phags pa chos bdag med pa ngo bo nyid med pa nyid du bstan pa'i yon tan dang khungs yin te /	dag grub pa ni 'du byed rnams gang zag bdag med pa'i rnam pa las khyad par du 'phags pa chos bdag med pa ngo bo nyid med pa nyid du bstan pa'i yon tan dang khungs yin te /	297a	The perfection of purity is the quality and source of teaching that compounded phenomena are identitylessness in the sense of being devoid of a self of persons and also in the sense of being devoid of a self of phenomena.
['BO_T04_D3859-2:297a-12']	de'i phyir kho bos rang gi bsam pas rtog ge skam po tsam gyis bsgrubs pa ma yin te /	de'i phyir kho bos rang gi bsam pas rtog ge skam po tsam gyis bsgrubs pa ma yin te /	297a	Therefore, I have not established this through mere dry logic of my own thinking.
['BO_T04_D3859-2:297a-13', 'BO_T04_D3859-2:297a-14']	lung de dag kyang yod do //🔽gang gi phyir de ltar theg pa chen po'i mdo sde mtha' yas pa dag las 'du byed rnams gang zag bdag med pa'i rnam pa las khyad par du 'phags pa chos bdag med pa ngo bo nyid med pa nyid du bstan pa de dag bstan bcos 'dis rnam	lung de dag kyang yod do // gang gi phyir de ltar theg pa chen po'i mdo sde mtha' yas pa dag las 'du byed rnams gang zag bdag med pa'i rnam pa las khyad par du 'phags pa chos bdag med pa ngo bo nyid med pa nyid du bstan pa de dag bstan bcos 'dis rnam	297a	These scriptural quotations do exist.
['BO_T04_D3859-2:297b-0']	par bshad par bya ba'i yul nyid du bstan pa yang slob @297b dpon gyi zhal snga nas kyi mkhyen rlabs dang 'grel pa byed pa'i mkhas pa nyid yin no //	par bshad par bya ba'i yul nyid du bstan pa yang slob @297b dpon gyi zhal snga nas kyi mkhyen rlabs dang 'grel pa byed pa'i mkhas pa nyid yin no //	297b	Because in this way, in the limitless sūtras of the Great Vehicle, compounded phenomena are taught to be identityless in the sense of being devoid of a self of persons and also in the sense of being devoid of a self of phenomena, the master’s great knowledge and skill in composing commentaries have shown that these teachings are the very objects to be explained in this treatise.
['BO_T04_D3859-2:297b-1']	slob dpon legs ldan byed kyis nye bar sbyar ba dbu ma'i rtsa ba'i 'grel pa shes rab sgron ma las de kho na brtag pa zhes bya ba ste /	slob dpon legs ldan byed kyis nye bar sbyar ba dbu ma'i rtsa ba'i 'grel pa shes rab sgron ma las de kho na brtag pa zhes bya ba ste /	297b	This concludes the commentary on the thirteenth chapter of the Root Verses of the Middle Way, called “Reality.”🔽This commentary on the thirteenth chapter, “The Examination of Reality,” of the Root Verses of the Middle Way, called The Lamp of Wisdom, was composed by the master Bhāviveka.
['BO_T04_D3859-2:297b-2']	rab tu byed pa bcu gsum pa rgya cher 'grel pa slob dpon spyan ras gzigs brtul zhugs kyis nye bar sbyar ba rdzogs so /	rab tu byed pa bcu gsum pa rgya cher 'grel pa slob dpon spyan ras gzigs brtul zhugs kyis nye bar sbyar ba rdzogs so /	297b	This commentary on the thirteenth chapter, “The Examination of Reality,” of the Root Verses of the Middle Way, called The Lamp of Wisdom, composed by the master Bhāviveka, is complete.
['BO_T04_D3859-2:297b-3']	// / da ni de bzhin du stong pa nyid kyi mi mthun pa'i phyogs kyi khyad par bsal bas phrad pa ngo bo nyid med pa nyid du bstan pa'i don gyi dbang gis rab tu byed pa bcu bzhi pa brtsam mo zhes bya ba la /	// / da ni de bzhin du stong pa nyid kyi mi mthun pa'i phyogs kyi khyad par bsal bas phrad pa ngo bo nyid med pa nyid du bstan pa'i don gyi dbang gis rab tu byed pa bcu bzhi pa brtsam mo zhes bya ba la /	297b	Now, in the same way, in order to teach contactlessness by dispelling the specific faults that are the opposites of emptiness, the fourteenth chapter is begun with the words “the meaning of the power.”
['BO_T04_D3859-2:297b-4']	dbang gis zhes bya ba'i sgra skabs 'dir yang dam bcas pa la 'jug pa'i rgyu'i don dang / gzhung 'og nas 'byung ba dang sbyar ba'i don du blta ste /	dbang gis zhes bya ba'i sgra skabs 'dir yang dam bcas pa la 'jug pa'i rgyu'i don dang / gzhung 'og nas 'byung ba dang sbyar ba'i don du blta ste /	297b	The word “power” in this context should be seen as having the meaning of the cause of engagement in the thesis and the meaning of the subject matter that will be presented below.
['BO_T04_D3859-2:297b-5']	tshig gi don ni snga ma bzhin no //	tshig gi don ni snga ma bzhin no //	297b	The meaning of the words is the same as before.
['BO_T04_D3859-2:297b-6']	de la dam bcas pa la 'jug pa'i rgyu'i don gyi dbang du byas nas /	de la dam bcas pa la 'jug pa'i rgyu'i don gyi dbang du byas nas /	297b	With respect to that, from the perspective of the meaning of the cause of engagement in the thesis,
['BO_T04_D3859-2:297b-7']	da ni de bzhin du stong pa nyid kyi mi mthun pa'i phyogs kyi khyad par bsal bas zhes bya ba smras te /	da ni de bzhin du stong pa nyid kyi mi mthun pa'i phyogs kyi khyad par bsal bas zhes bya ba smras te /	297b	Now, in the same way, the treatise states, “The distinctive feature of the negation of emptiness’s antithesis is stated.”
['BO_T04_D3859-2:297b-8', 'BO_T04_D3859-2:297b-9']	bstan bcos mdzad pas rkyen brtag pa'i rab tu byed pa dang po brtsam pa'i skabs su dngos po thams cad skye ba med par dam bcas pa mdzad pas 'dir yang bstan bcos mdzad pas ji ltar dam bcas pa de la 'jug pa'i rgyu'i don gyi dbang du byas🔽nas de skad smras te /	bstan bcos mdzad pas rkyen brtag pa'i rab tu byed pa dang po brtsam pa'i skabs su dngos po thams cad skye ba med par dam bcas pa mdzad pas 'dir yang bstan bcos mdzad pas ji ltar dam bcas pa de la 'jug pa'i rgyu'i don gyi dbang du byas nas de skad smras te /	297b	The treatise’s author, in the first chapter of the Treatise on the Middle Way, set forth the thesis that all things are unproduced. Here, the treatise’s author states the above lines in terms of the reason for engaging in that thesis.
['BO_T04_D3859-2:297b-10']	de bzhin du zhes bya ba ni rab tu byed pa snga ma'i skabs su bstan pa'i lugs bzhin du'o //	de bzhin du zhes bya ba ni rab tu byed pa snga ma'i skabs su bstan pa'i lugs bzhin du'o //	297b	The phrase “in the same way” refers to the system presented in the previous chapter.
['BO_T04_D3859-2:297b-11']	stong pa nyid ni rang gi phyogs yin no //	stong pa nyid ni rang gi phyogs yin no //	297b	Emptiness is our own position.
['BO_T04_D3859-2:297b-12']	de'i mi mthun pa'i phyogs ni phyir rgol ba'i phyogs yin te /	de'i mi mthun pa'i phyogs ni phyir rgol ba'i phyogs yin te /	297b	Its antithesis is the position of our opponents.
['BO_T04_D3859-2:297b-13']	'di lta ste dngos po rnams ngo bo nyid yod pa nyid du smra ba yin no //	'di lta ste dngos po rnams ngo bo nyid yod pa nyid du smra ba yin no //	297b	It is the position that things exist inherently.
['BO_T04_D3859-2:297b-14']	de'i khyad par zhes bya ba ni pha rol pos dngos po rnams ngo bo nyid du bsgrub pa'i phyogs snga ma nye bar gzhag pa 'og nas khyed phung po la sogs pa dag ngo bo nyid med pa nyid du smra ba ni bcom ldan 'das kyi gsung rab	de'i khyad par zhes bya ba ni pha rol pos dngos po rnams ngo bo nyid du bsgrub pa'i phyogs snga ma nye bar gzhag pa 'og nas khyed phung po la sogs pa dag ngo bo nyid med pa nyid du smra ba ni bcom ldan 'das kyi gsung rab	297b	The “distinction” is the prior position of the opponent, which establishes that things have intrinsic reality.
['BO_T04_D3859-2:297b-15']	kyi tshul dang 'gal te zhes bya ba la sogs pa sun 'byin pa dang rang dbang du rjes su dpag pa smra ba dag yin no //	kyi tshul dang 'gal te zhes bya ba la sogs pa sun 'byin pa dang rang dbang du rjes su dpag pa smra ba dag yin no //	297b	The refutation and independent inference that will be stated below are as follows: “You who advocate that the aggregates, etc. are devoid of intrinsic reality contradict the scriptures of the Lord Buddha,🔽etc.”
['BO_T04_D3859-2:297b-16']	de bsal ba zhes bya ba ni de bsal ba'i dbang du byas nas rab tu byed pa bcu bzhi pa brtsam mo zhes bya bar sbyar ro //	de bsal ba zhes bya ba ni de bsal ba'i dbang du byas nas rab tu byed pa bcu bzhi pa brtsam mo zhes bya bar sbyar ro //	297b	“The refutation of that” is to be supplied with the phrase “the fourteenth chapter is begun in order to refute that.”
['BO_T04_D3859-2:297b-17']	gzhung 'og nas 'byung ba dang sbyar ba'i don gyi dbang du byas nas /	gzhung 'og nas 'byung ba dang sbyar ba'i don gyi dbang du byas nas /	297b	In terms of the meaning of the text that will be presented below,
['BO_T04_D3859-2:297b-18']	phrad pa ngo bo nyid med pa nyid du bstan pa'i don gyi dbang gis rab tu phyed pa bcu bzhi pa brtsam mo zhes bya ba smras te /	phrad pa ngo bo nyid med pa nyid du bstan pa'i don gyi dbang gis rab tu phyed pa bcu bzhi pa brtsam mo zhes bya ba smras te /	297b	it is said that “the fourteenth chapter is begun in order to demonstrate the lack of intrinsic reality of contact.”
['BO_T04_D3859-2:298a-0']	phrad pa @298a * //	phrad pa @298a * //	298a	Contact
['BO_T04_D3859-2:298a-1']	brtag pa'i rab tu byed pa bcu bzhi pa'i gzhung 'og nas 'byung ba 'di'i don ni phrad pa ngo bo nyid med pa nyid du bstan pas rten cing 'brel par 'byung ba don tha dad pa ma yin pa la sogs pa'i khyad par dang ldan pa bstan pa	brtag pa'i rab tu byed pa bcu bzhi pa'i gzhung 'og nas 'byung ba 'di'i don ni phrad pa ngo bo nyid med pa nyid du bstan pas rten cing 'brel par 'byung ba don tha dad pa ma yin pa la sogs pa'i khyad par dang ldan pa bstan pa	298a	The meaning of the passage from the fourteenth chapter of the text that is cited below is that because it teaches that contact lacks intrinsic existence, it teaches that dependent origination is not a different object and so on.
['BO_T04_D3859-2:298a-2']	yin pas de'i dbang du byas nas de skad smras so //	yin pas de'i dbang du byas nas de skad smras so //	298a	So it is in terms of this that it is said to be so.
['BO_T04_D3859-2:298a-3']	rab tu byed pa 'di'i 'bras bu ni gang yin rnam pa gang gis ni 'bras bu de 'thob ce na /	rab tu byed pa 'di'i 'bras bu ni gang yin rnam pa gang gis ni 'bras bu de 'thob ce na /	298a	What is the result of this chapter and by what process does one attain that result?
['BO_T04_D3859-2:298a-4']	phrad pa ngo bo nyid med pa nyid du bstan pas rten cing 'brel par 'byung ba don tha dad pa nyid ma yin pa la sogs pa'i khyad par dang ldan pa bstan pa ni 'di'i 'bras bu yin la /	phrad pa ngo bo nyid med pa nyid du bstan pas rten cing 'brel par 'byung ba don tha dad pa nyid ma yin pa la sogs pa'i khyad par dang ldan pa bstan pa ni 'di'i 'bras bu yin la /	298a	The result of this chapter is that because it teaches that contact lacks intrinsic existence, it teaches that dependent origination is not a different object and so on.
['BO_T04_D3859-2:298a-5']	stong pa nyid kyi mi mthun pa'i phyogs khyad par bsal ba'i rnam pas ni 'bras bu de 'thob pas de'i phyir 'grel pa byed pas rab tu byed pa'i mtshams sbyar ba'i skabs 'dir thabs dang thabs las byung ba'i 'bras bu dang po kho nar bstan to //	stong pa nyid kyi mi mthun pa'i phyogs khyad par bsal ba'i rnam pas ni 'bras bu de 'thob pas de'i phyir 'grel pa byed pas rab tu byed pa'i mtshams sbyar ba'i skabs 'dir thabs dang thabs las byung ba'i 'bras bu dang po kho nar bstan to //	298a	Since one attains that result by means of the special removal of the discordant side of emptiness, therefore the author of the commentary first taught the method, the result that arises from the method, and so on at the juncture of this chapter.
['BO_T04_D3859-2:298a-6']	stong pa nyid kyi mi mthun pa'i phyogs kyi khyad par zhes smos pa de nyid bstan pa'i phyir /	stong pa nyid kyi mi mthun pa'i phyogs kyi khyad par zhes smos pa de nyid bstan pa'i phyir /	298a	In order to teach just that, he said, “The special removal of the discordant side of emptiness,” and so on.
['BO_T04_D3859-2:298a-7']	'dir smras pa zhes bya ba la sogs pa smras te /	'dir smras pa zhes bya ba la sogs pa smras te /	298a	In response to that, he said, “Here they say,” and so on.
['BO_T04_D3859-2:298a-8']	phas kyi rgol ba dag don dam par dngos po rnams ngo bo nyid yod par smra ba'i gzhung sngar bkag tu zin kyang de dag la mngon par zhen pa kha cig gis de mi bzod pas yang de dag 'di skad ces zer ro zhes bya bar sbyar ro	phas kyi rgol ba dag don dam par dngos po rnams ngo bo nyid yod par smra ba'i gzhung sngar bkag tu zin kyang de dag la mngon par zhen pa kha cig gis de mi bzod pas yang de dag 'di skad ces zer ro zhes bya bar sbyar ro	298a	Although the scriptures of the opponents that state that ultimately things exist by way of their own entities have already been refuted, some who are attached to them cannot bear that refutation. Therefore they say, “Things do exist by way of their own entities.”
['BO_T04_D3859-2:298a-9']	// de'i phyir khyed phung po la sogs pa dag ngo bo nyid med pa nyid du smra ba ni bcom ldan 'das kyi gsung rab kyi tshul dang 'gal te /	// de'i phyir khyed phung po la sogs pa dag ngo bo nyid med pa nyid du smra ba ni bcom ldan 'das kyi gsung rab kyi tshul dang 'gal te /	298a	Therefore, you who advocate that the aggregates and so on are essenceless contradict the doctrine of the scriptures of the Lord Buddha.
['BO_T04_D3859-2:298a-10']	gzugs dang rnam par shes pa dang mig gsum phrad pa ni reg pa'o zhes 'byung bas de'i phyir khyed kyis khas blangs pa la gnod par 'gyur ro zhes bya ba la sogs pa smras te /	gzugs dang rnam par shes pa dang mig gsum phrad pa ni reg pa'o zhes 'byung bas de'i phyir khyed kyis khas blangs pa la gnod par 'gyur ro zhes bya ba la sogs pa smras te /	298a	Since it says that the contact of form, consciousness, and eye is contact, you contradict your own tenets.
['BO_T04_D3859-2:298a-11']	de ni sun 'byin pa'i sgo nas khas blangs pa la gnod par 'gyur ba'i skyon 'dogs pa yin no //	de ni sun 'byin pa'i sgo nas khas blangs pa la gnod par 'gyur ba'i skyon 'dogs pa yin no //	298a	This is a fault that is to be charged against you, since it is a refutation that undermines your own tenets.
['BO_T04_D3859-2:298a-12']	don dam par dngos po rnams ngo bo nyid yod par shes par bya ste /	don dam par dngos po rnams ngo bo nyid yod par shes par bya ste /	298a	One should understand that ultimately things exist essentially,🔽because contact is taught in dependence on them.
['BO_T04_D3859-2:298a-13']	de dag la brten nas phrad pa bstan pa'i phyir ro zhes bya ba la sogs pas ni rang dbang du rjes su dpag pa'i tshig yin te /	de dag la brten nas phrad pa bstan pa'i phyir ro zhes bya ba la sogs pas ni rang dbang du rjes su dpag pa'i tshig yin te /	298a	This is an autonomous inference.
['BO_T04_D3859-2:298a-14']	de dag ni chos can dang / bsgrub par bya ba chos dang / sgrub pa'i chos yin par go rims bzhin du sbyar te /	de dag ni chos can dang / bsgrub par bya ba chos dang / sgrub pa'i chos yin par go rims bzhin du sbyar te /	298a	The subject, the predicate of the proposition, and the reason are to be applied in order.
['BO_T04_D3859-2:298a-15']	'di na gang med pa de la ni ston pas de la brten nas phrad pa nyid ma bstan te /	'di na gang med pa de la ni ston pas de la brten nas phrad pa nyid ma bstan te /	298a	Here, the Teacher did not teach that one can contact that which does not exist in any way,🔽just as he did not teach that one can contact the hairs of a turtle.
['BO_T04_D3859-2:298a-16']	dper na rus sbal gyi spu dag bzhin no zhes bya ba ni chos mi mthun pa'i phyogs kyi dpe yin no /	dper na rus sbal gyi spu dag bzhin no zhes bya ba ni chos mi mthun pa'i phyogs kyi dpe yin no /	298a	This is an example of a dissimilar class.
['BO_T04_D3859-2:298b-0']	@298b bcom ldan 'das kyi gsung rab la 'dod chags dang khong khro ba dang ma rig pa'i kun du sbyor ba dag gis kun du sbyar to zhes bya ba de yod pas zhes bya ba ni nye bar sbyar ba'i sbyor ba yin no //	@298b bcom ldan 'das kyi gsung rab la 'dod chags dang khong khro ba dang ma rig pa'i kun du sbyor ba dag gis kun du sbyar to zhes bya ba de yod pas zhes bya ba ni nye bar sbyar ba'i sbyor ba yin no //	298b	The statement “The Blessed One taught that one is bound by the fetters of attachment, hostility, and ignorance” is an example of a syllogism by way of a direct application.🔽Therefore, because of the power of the reason stated above, things do exist essentially.
['BO_T04_D3859-2:298b-1']	de'i phyir gtan tshigs ji skad smras pa'i mthus dngos po rnams ngo bo nyid yod pa kho na yin no zhes bya ba ni mjug bsdu ba dang tshad ma'i 'bras bu yin te /	de'i phyir gtan tshigs ji skad smras pa'i mthus dngos po rnams ngo bo nyid yod pa kho na yin no zhes bya ba ni mjug bsdu ba dang tshad ma'i 'bras bu yin te /	298b	This is the conclusion and the result of the valid cognition.
['BO_T04_D3859-2:298b-2']	'di na bcom ldan 'das kyis rus sbal gyi spu la sogs pa med pa gang dag la brten nas phrad pa ma bstan pa de dag ni don dam bar yod pa ma yin gyi /	'di na bcom ldan 'das kyis rus sbal gyi spu la sogs pa med pa gang dag la brten nas phrad pa ma bstan pa de dag ni don dam bar yod pa ma yin gyi /	298b	Here, the Blessed One did not teach that one can contact those things that do not exist in any way, such as the hairs of a turtle.
['BO_T04_D3859-2:298b-3']	dngos po gang dag la brten nas phrad pa bstan pa de dag ni don dam par yod pa kho na yin no zhes zer ro //	dngos po gang dag la brten nas phrad pa bstan pa de dag ni don dam par yod pa kho na yin no zhes zer ro //	298b	Those things in dependence upon which contact is taught exist only ultimately.
['BO_T04_D3859-2:298b-4']	de skad ces zer ba de'i lan du 'grel pa byed pa nyid kyis 'dir bshad pa /	de skad ces zer ba de'i lan du 'grel pa byed pa nyid kyis 'dir bshad pa /	298b	In response to that statement, the author of the commentary explains here:
['BO_T04_D3859-2:298b-5']	blta bya lta ba lta ba po //	blta bya lta ba lta ba po //	298b	The object seen, seeing, and the seer
['BO_T04_D3859-2:298b-6']	gsum po de dag gnyis gnyis dang // thams cad kyang ni phan tshun du //	gsum po de dag gnyis gnyis dang // thams cad kyang ni phan tshun du //	298b	these three
['BO_T04_D3859-2:298b-7']	phrad par gyur pa yod ma yin //	phrad par gyur pa yod ma yin //	298b	do not make mutual contact🔽either in pairs or all together.
['BO_T04_D3859-2:298b-8']	blta bar bya ba dang lta ba dang lta ba po de dag gnyis gnyis dang thams cad kyang phan tshun du phrad par gyur pa med do zhes bya ba'i tha tshig go zhes bya ba smras te /	blta bar bya ba dang lta ba dang lta ba po de dag gnyis gnyis dang thams cad kyang phan tshun du phrad par gyur pa med do zhes bya ba'i tha tshig go zhes bya ba smras te /	298b	The object seen, seeing, and the seer do not make mutual contact either in pairs or all together.
['BO_T04_D3859-2:298b-9']	lta ba po blta bar bya ba dang lta ba dang mi phrad do zhes dam bca' ba nye bar gzhag pa yin no //	lta ba po blta bar bya ba dang lta ba dang mi phrad do zhes dam bca' ba nye bar gzhag pa yin no //	298b	The thesis is stated: The seer does not make contact with the object seen or seeing.🔽Similarly, desire, the desirous one,
['BO_T04_D3859-2:298b-10']	de bzhin 'dod chags chags pa dang // chags par 'gyur dang nyon mongs pa //	de bzhin 'dod chags chags pa dang // chags par 'gyur dang nyon mongs pa //	298b	and that with which one desires,
['BO_T04_D3859-2:298b-11']	lhag ma rnams dang skye mched kyi //	lhag ma rnams dang skye mched kyi //	298b	and the remaining afflictions🔽and the sense bases,
['BO_T04_D3859-2:298b-12']	lhag ma 'ang rnam pa gsum gyis blta //	lhag ma 'ang rnam pa gsum gyis blta //	298b	The remainder should be viewed in three ways.
['BO_T04_D3859-2:298b-13']	zhes bya bas ni ji ltar lta bar bya ba dang lta ba dang lta ba po gsum po de dag gnyis gnyis dang thams cad kyang phan tshun du phrad par 'gyur ba med pa de bzhin du 'dod chags dang / chags pa dang / chags par gyur pa dang /	zhes bya bas ni ji ltar lta bar bya ba dang lta ba dang lta ba po gsum po de dag gnyis gnyis dang thams cad kyang phan tshun du phrad par 'gyur ba med pa de bzhin du 'dod chags dang / chags pa dang / chags par gyur pa dang /	298b	This shows that just as the object seen, seeing, and the seer do not make mutual contact in any of the three ways, so also attachment, one who is attached, and that which is attached,
['BO_T04_D3859-2:298b-14']	nyon mongs pa lhag ma rnams dang skye mched kyi lhag ma rnams kyang gnyis gnyis dang thams cad kyi rnam pa gsum gyis phan tshun du phrad pa med par blta bar bya'o zhes ston to //	nyon mongs pa lhag ma rnams dang skye mched kyi lhag ma rnams kyang gnyis gnyis dang thams cad kyi rnam pa gsum gyis phan tshun du phrad pa med par blta bar bya'o zhes ston to //	298b	and the remaining afflictions and the remaining bases should be viewed in three ways as not making mutual contact.
['BO_T04_D3859-2:298b-15']	de nyid bstan pa'i phyir /	de nyid bstan pa'i phyir /	298b	To demonstrate just that, he says:
['BO_T04_D3859-2:299a-0']	de bzhin du 'dod chags dang / chags pa dang chags par 'gyur ba dang / 'dod chags bstan pa las gzhan pa nyon mongs pa lhag ma zhe sdang la sogs pa de dag kyang zhe sdang dang zhe sdang can dang / zhe sdang bar bya ba la sogs par rnam par bzhag nas gnyis gnyis dang thams cad kyi rnam pa gsum gyis phan tshun du phrad par 'gyur ba med par @299a * //	de bzhin du 'dod chags dang / chags pa dang chags par 'gyur ba dang / 'dod chags bstan pa las gzhan pa nyon mongs pa lhag ma zhe sdang la sogs pa de dag kyang zhe sdang dang zhe sdang can dang / zhe sdang bar bya ba la sogs par rnam par bzhag nas gnyis gnyis dang thams cad kyi rnam pa gsum gyis phan tshun du phrad par 'gyur ba med par @299a * //	299a	the three aspects of each should be stated in the same way as above, i.e., as not mutually contacting each other in any of the three ways.
['BO_T04_D3859-2:299a-1']	dgag pa brjod par bya'o zhes bya ba la sogs pa smras te /	dgag pa brjod par bya'o zhes bya ba la sogs pa smras te /	299a	The rest should be stated in the same way.
['BO_T04_D3859-2:299a-2']	nyon mongs pa thams cad dang ci rigs par sbyar bar bya'o //	nyon mongs pa thams cad dang ci rigs par sbyar bar bya'o //	299a	All the afflictions should be applied as appropriate.
['BO_T04_D3859-2:299a-3']	de la 'dod chags ni lhag par chags pa'i mtshan nyid do //	de la 'dod chags ni lhag par chags pa'i mtshan nyid do //	299a	Here, desire has the characteristic of excessive attachment.
['BO_T04_D3859-2:299a-4']	nyon mongs pa ni sems can rnams kyi rgyud nyon mongs par byed pa'o zhes bya bas ni 'dod chags la sogs pa nyon mongs pa rnams kyi mtshan nyid bstan to //	nyon mongs pa ni sems can rnams kyi rgyud nyon mongs par byed pa'o zhes bya bas ni 'dod chags la sogs pa nyon mongs pa rnams kyi mtshan nyid bstan to //	299a	The afflictions afflict the mental continuum of sentient beings. This explains the characteristics of the afflictions such as desire, etc.
['BO_T04_D3859-2:299a-5']	skye mched bstan pa la ltos nas ma bstan pa lhag ma nyan pa dang snom pa dang lce dang lus dang yid ces bya ba de dag la yang mnyan par bya ba dang nyan pa dang nyan pa po dang de bzhin du bsnam par bya ba dang /	skye mched bstan pa la ltos nas ma bstan pa lhag ma nyan pa dang snom pa dang lce dang lus dang yid ces bya ba de dag la yang mnyan par bya ba dang nyan pa dang nyan pa po dang de bzhin du bsnam par bya ba dang /	299a	The remaining faculties of hearing, smelling, tongue, body, and mind, which are not taught in the teaching of the faculties, also do not mutually contact each other in the aspect of the three, such as the object of hearing, hearing, and the hearer, and so on, up to the object of smell, smelling, and the smeller, and so on.
['BO_T04_D3859-2:299a-6']	snom pa dang / snom pa po la sogs pa dag kyang gnyis gnyis dang thams cad kyi rnam pa gsum gyis phan tshun du phrad par 'gyur ba med par dgag pa yang brjod par bya'o zhes bya ba yang skye mched thams cad dang ci rigs par sbyar bar bya'o //	snom pa dang / snom pa po la sogs pa dag kyang gnyis gnyis dang thams cad kyi rnam pa gsum gyis phan tshun du phrad par 'gyur ba med par dgag pa yang brjod par bya'o zhes bya ba yang skye mched thams cad dang ci rigs par sbyar bar bya'o //	299a	The refutation of the non-teaching should be stated in the same way for all the faculties, as appropriate.
['BO_T04_D3859-2:299a-7']	de la skye mched kyi don ni sems dang sems las byung ba rnams skye ba'i sgo'i don to zhes bya bas ni skye mched kyi mtshan nyid bstan to //	de la skye mched kyi don ni sems dang sems las byung ba rnams skye ba'i sgo'i don to zhes bya bas ni skye mched kyi mtshan nyid bstan to //	299a	Here, the meaning of faculty is the meaning of the door for the arising of minds and mental factors. This teaches the definition of the faculties.
['BO_T04_D3859-2:299a-8']	blta bar bya ba la sogs pa dang 'dod chags pa la sogs pa dag gnyis gnyis dang thams cad kyang phan tshun du phrad pa med pa de ni dam bca' ba nye bar gzhag pa yin no zhes bya ba ni phrad pa med par bsgrub pa'i phyogs yin	blta bar bya ba la sogs pa dang 'dod chags pa la sogs pa dag gnyis gnyis dang thams cad kyang phan tshun du phrad pa med pa de ni dam bca' ba nye bar gzhag pa yin no zhes bya ba ni phrad pa med par bsgrub pa'i phyogs yin	299a	The thesis is that the object seen and so on, and attachment and so on, do not mutually contact each other in pairs, nor do they all contact each other.
['BO_T04_D3859-2:299a-9']	no // da ni phrad pa med pa bstan pa'i phyir 'thad pa bshad par bya ste /	no // da ni phrad pa med pa bstan pa'i phyir 'thad pa bshad par bya ste /	299a	Now, in order to demonstrate the nonexistence of contact, the rationale will be explained.
['BO_T04_D3859-2:299a-10']	gzhan na gzhan du phrad gyur na //	gzhan na gzhan du phrad gyur na //	299a	If one thing contacts another,
['BO_T04_D3859-2:299a-11']	gang phyir blta bya la sogs la //	gang phyir blta bya la sogs la //	299a	then the object seen and so on🔽would be different from the seer and so on,
['BO_T04_D3859-2:299a-12', 'BO_T04_D3859-2:299a-13']	gzhan de yod pa ma yin pa //🔽de phyir phrad pa mi 'gyur ro //	gzhan de yod pa ma yin pa // de phyir phrad pa mi 'gyur ro //	299a	but that is not so.
['BO_T04_D3859-2:299a-14']	phrad pa ni sbyor ba'i rnam grangs te /	phrad pa ni sbyor ba'i rnam grangs te /	299a	Contact is a synonym for conjunction.
['BO_T04_D3859-2:299a-15']	de yang gzhan yod na gzhan dang phrad par 'gyur ba yin na gang gi phyir blta bar bya ba dang lta ba dang lta ba po dang 'dod chags dang chags pa dang chags par 'gyur ba la sogs pa dag la gzhan de yang yod pa ma yin pa	de yang gzhan yod na gzhan dang phrad par 'gyur ba yin na gang gi phyir blta bar bya ba dang lta ba dang lta ba po dang 'dod chags dang chags pa dang chags par 'gyur ba la sogs pa dag la gzhan de yang yod pa ma yin pa	299a	If one thing is different from another, then one thing would contact another. But the object seen and so on, the seer and so on, attachment and one who is attached and so on, are not different from each other.
['BO_T04_D3859-2:299a-16']	de'i phyir phrad par mi 'gyur ro zhes mjug bsdu ba'i tshig yin no zhes bya bas ni phrad pa med par rjes su dpag pa ston to //	de'i phyir phrad par mi 'gyur ro zhes mjug bsdu ba'i tshig yin no zhes bya bas ni phrad pa med par rjes su dpag pa ston to //	299a	This is the concluding statement.
['BO_T04_D3859-2:299a-17']	'dis ni mi mthun pa'i phyogs las ldog pas phyogs kyi chos ston to //	'dis ni mi mthun pa'i phyogs las ldog pas phyogs kyi chos ston to //	299a	This shows the property of the position through the reversal of the counter position.🔽For example, permanence and non-production are related, but that is not the case with sound, which is produced.
['BO_T04_D3859-2:299b-0']	dper na rtag pa dang ma byas pa nyid du 'brel pa de yang sgra la med la byas pa nyid ni yod pa lta bu'o zhes bya bas ni phrad pa med par sgrub pa'i chos ni gzhan ma yin pa nyid @299b yin par ston te /	dper na rtag pa dang ma byas pa nyid du 'brel pa de yang sgra la med la byas pa nyid ni yod pa lta bu'o zhes bya bas ni phrad pa med par sgrub pa'i chos ni gzhan ma yin pa nyid @299b yin par ston te /	299b	This shows that the property that proves the absence of contact is not something else.
['BO_T04_D3859-2:299b-1']	dper na mi rtag par sgrub pa'i chos ni byas pa nyid yin pa lta bu'o //	dper na mi rtag par sgrub pa'i chos ni byas pa nyid yin pa lta bu'o //	299b	For example, the property that proves impermanence is production.
['BO_T04_D3859-2:299b-2']	'dir sbyor ba'i tshig ni don dam par lta ba po ni blta bar bya ba 'am lta ba dang mi phrad de /	'dir sbyor ba'i tshig ni don dam par lta ba po ni blta bar bya ba 'am lta ba dang mi phrad de /	299b	Here is the statement of the syllogism: Ultimately, the seer does not make contact with the seen or seeing,
['BO_T04_D3859-2:299b-3']	de las gzhan ma yin pa'i phyir ro //	de las gzhan ma yin pa'i phyir ro //	299b	because it is not different from them.
['BO_T04_D3859-2:299b-4']	gang zhig gang las gzhan ma yin pa de ni de dang mi phrad de /	gang zhig gang las gzhan ma yin pa de ni de dang mi phrad de /	299b	That which is not different from something does not make contact with it.
['BO_T04_D3859-2:299b-5']	dper na rang gi bdag nyid bzhin no zhes bya ba dag ni chos can dang / bsgrub par bya ba chos dang / sgrub pa'i chos dang / nye bar sbyar ba'i sbyor ba dang / dpe yin par go rims bzhin du sbyar te /	dper na rang gi bdag nyid bzhin no zhes bya ba dag ni chos can dang / bsgrub par bya ba chos dang / sgrub pa'i chos dang / nye bar sbyar ba'i sbyor ba dang / dpe yin par go rims bzhin du sbyar te /	299b	The subject, the predicate of the probandum, the property that proves, the application of the proof, and the example are applied in order.
['BO_T04_D3859-2:299b-6', 'BO_T04_D3859-2:299b-7']	dper na lta ba po'i rang gi bdag nyid ni rang gi bdag nyid las gzhan ma yin pa'i phyir rang gi bdag nyid dang mi phrad pa de bzhin du lta ba po dang / da lta bar bya ba dang / lta ba dag kyang don dam par gzhan ma yin pa'i phyir phrad pa med do /🔽// / bam po lnga bcu gnyis pa /	dper na lta ba po'i rang gi bdag nyid ni rang gi bdag nyid las gzhan ma yin pa'i phyir rang gi bdag nyid dang mi phrad pa de bzhin du lta ba po dang / da lta bar bya ba dang / lta ba dag kyang don dam par gzhan ma yin pa'i phyir phrad pa med do / // / bam po lnga bcu gnyis pa /	299b	For example, the self-entity of the seer does not contact its own self-entity because it is not different from its own self-entity. In the same way, the seer, the action of seeing, and the object of seeing do not contact each other ultimately because they are not different.
['BO_T04_D3859-2:299b-8', 'BO_T04_D3859-2:299b-9']	gzhan na gzhan dang phrad 'gyur na //🔽zhes bya ba 'di na gzhan dag na re 'dod chags la sogs pa la phrad pa med de /	gzhan na gzhan dang phrad 'gyur na // zhes bya ba 'di na gzhan dag na re 'dod chags la sogs pa la phrad pa med de /	299b	If different things contact each other,
['BO_T04_D3859-2:299b-10']	yul dang rgyud tha dad pa'i rjes su 'jug pa'i phyir ro //	yul dang rgyud tha dad pa'i rjes su 'jug pa'i phyir ro //	299b	Here some say that attachment and so on do not contact each other because they engage objects and continua that are different.
['BO_T04_D3859-2:299b-11']	phrad pa ni yul tha dad pa ma yin pa dang rgyud tha dad pa ma yin pa dag bar du mchod par 'jug pa nyid yin no zhes zer ro zhes bya ba ni /	phrad pa ni yul tha dad pa ma yin pa dang rgyud tha dad pa ma yin pa dag bar du mchod par 'jug pa nyid yin no zhes zer ro zhes bya ba ni /	299b	This is what they say.
['BO_T04_D3859-2:299b-12']	gzhan na gzhan dang phrad 'gyur na //	gzhan na gzhan dang phrad 'gyur na //	299b	If one different thing contacts another,
['BO_T04_D3859-2:299b-13', 'BO_T04_D3859-2:299b-14']	gang phyir blta bya la sogs pa //🔽gzhan de yod pa ma yin pa //	gang phyir blta bya la sogs pa // gzhan de yod pa ma yin pa //	299b	then the object seen and so on🔽would be different from it.
['BO_T04_D3859-2:299b-15']	de phyir phrad par mi 'gyur ro //	de phyir phrad par mi 'gyur ro //	299b	But since that does not exist,🔽contact does not exist.🔽This is what they say.
['BO_T04_D3859-2:299b-16']	zhes bya ba tshig le'ur byas pa 'dis 'dod chags la sogs pa phrad pa med par sgrub pa'i gtan tshigs de las gzhan ma yin pa'i phyir ro zhes bya ba de la 'grel pa byed pa gzhan dag na re 'dod chags la sogs pa la phrad pa med	zhes bya ba tshig le'ur byas pa 'dis 'dod chags la sogs pa phrad pa med par sgrub pa'i gtan tshigs de las gzhan ma yin pa'i phyir ro zhes bya ba de la 'grel pa byed pa gzhan dag na re 'dod chags la sogs pa la phrad pa med	299b	Other commentators say that the reason proving that attachment and so on do not contact their objects is not different from that.
['BO_T04_D3859-2:299b-17']	de yul dang rgyud tha dad pa'i rjes su 'jug pa'i phyir ro zhes zer te /	de yul dang rgyud tha dad pa'i rjes su 'jug pa'i phyir ro zhes zer te /	299b	Because attachment and so on engage objects and continua that are different from them.
['BO_T04_D3859-2:299b-18']	de dag na re blta bar bya ba dang lta ba dang lta ba po dag la phrad pa med do /	de dag na re blta bar bya ba dang lta ba dang lta ba po dag la phrad pa med do /	299b	They say that the object seen, seeing, and the seer do not contact each other.
['BO_T04_D3859-2:299b-19']	ci'i phyir zhe na /	ci'i phyir zhe na /	299b	Why?
['BO_T04_D3859-2:299b-20']	blta bar bya ba ni phyi rol gyi yul gzugs la gnas pa yin la /	blta bar bya ba ni phyi rol gyi yul gzugs la gnas pa yin la /	299b	The object seen is external form.
['BO_T04_D3859-2:299b-21']	lta ba ni nang gi yul dbang po la gnas pa yin lta ba po ni sems kyi rgyud la gnas pa yin pa'i phyir ro //	lta ba ni nang gi yul dbang po la gnas pa yin lta ba po ni sems kyi rgyud la gnas pa yin pa'i phyir ro //	299b	The seeing is internal, located in the sense faculty. The seer is located in the mind-stream.
['BO_T04_D3859-2:299b-22']	phrad pa zhes bya ba ni yul dang rgyud tha dad pa ma yin pa dag bar du mchod par 'jug pa nyid yin na /	phrad pa zhes bya ba ni yul dang rgyud tha dad pa ma yin pa dag bar du mchod par 'jug pa nyid yin na /	299b	Contact is the engagement of different objects and mind-streams.
['BO_T04_D3859-2:299b-23']	blta bar bya ba la sogs pa dag ni yul dang rgyud tha dad par 'jug pa nyid yin pa'i phyir phrad pa med do zhes zer ro //	blta bar bya ba la sogs pa dag ni yul dang rgyud tha dad par 'jug pa nyid yin pa'i phyir phrad pa med do zhes zer ro //	299b	But the object seen and so on are not different objects and mind-streams, so they do not contact each other.
['BO_T04_D3859-2:300a-0']	de la 'dir kha cig na re @300a * //	de la 'dir kha cig na re @300a * //	300a	Here, some say:
['BO_T04_D3859-2:300a-1']	blta bar bya ba la sogs pa dag yul tha dad pa ma yin pa'i phyir dang / 'dod chags la sogs pa dag kyang yul na mi gnas pa'i phyir yul dang rgyud tha dad pa'i rjes su 'jug pa'i phyir ro zhes bya ba'i gtan tshigs kyi don ma grub pa nyid dang rjes su 'gro ba med pa'i phyir de ni legs pa ma yin pa	blta bar bya ba la sogs pa dag yul tha dad pa ma yin pa'i phyir dang / 'dod chags la sogs pa dag kyang yul na mi gnas pa'i phyir yul dang rgyud tha dad pa'i rjes su 'jug pa'i phyir ro zhes bya ba'i gtan tshigs kyi don ma grub pa nyid dang rjes su 'gro ba med pa'i phyir de ni legs pa ma yin pa	300a	Because the object seen and so on are not different objects, and because attachment and so on do not abide in objects, it is not tenable to state that they engage objects and mindstreams that are different.
['BO_T04_D3859-2:300a-2']	'dra'o zhes bya ba ni /	'dra'o zhes bya ba ni /	300a	The word “too” indicates that
['BO_T04_D3859-2:300a-3']	'grel pa byed pa nyid kyis 'grel pa byed pa snga ma dag gi rnam par bshad pa de'i gtan tshigs yul dang rgyud tha dad pa'i rjes su 'jug pa'i phyir ro zhes bya ba de'i don ma grub pa nyid kyi phyir dang / dpe med pa'i phyir mi rung ngo zhes sun 'byin pa'i tshig yin te /	'grel pa byed pa nyid kyis 'grel pa byed pa snga ma dag gi rnam par bshad pa de'i gtan tshigs yul dang rgyud tha dad pa'i rjes su 'jug pa'i phyir ro zhes bya ba de'i don ma grub pa nyid kyi phyir dang / dpe med pa'i phyir mi rung ngo zhes sun 'byin pa'i tshig yin te /	300a	the present author’s refutation of the former commentator’s explanation is as follows: The reason “because they engage objects and mindstreams that are different” is not established and there is no example.
['BO_T04_D3859-2:300a-4']	'di ltar gang gi tshe lta ba po dang lta ba dang blta bar bya ba dang ldan pa de'i tshe na gang zag kyang lta ba po zhes bya ba mig dang gzugs kyang lta ba dang blta bar bya ba zhes bya ba yin pas de'i dus na yul	'di ltar gang gi tshe lta ba po dang lta ba dang blta bar bya ba dang ldan pa de'i tshe na gang zag kyang lta ba po zhes bya ba mig dang gzugs kyang lta ba dang blta bar bya ba zhes bya ba yin pas de'i dus na yul	300a	Thus, when the seer, seeing, and the object seen exist, then the person is called the seer, the eye is called seeing, and form is called the object seen.
['BO_T04_D3859-2:300a-5']	tha dad pa ma yin pa'i phyir dang / 'dod chags la sogs pa dag kyang gzugs can ma yin pas yul na mi gnas pa'i phyir /	tha dad pa ma yin pa'i phyir dang / 'dod chags la sogs pa dag kyang gzugs can ma yin pas yul na mi gnas pa'i phyir /	300a	At that time, since the object is not different, and since attachment and so on are not physical, they do not abide in a place.
['BO_T04_D3859-2:300a-6']	snga ma dag gis gtan tshigs yul dang rgyud tha dad pa'i rjes su 'jug pa'i phyir ro zhes bya ba de'i don ma grub pa nyid do //	snga ma dag gis gtan tshigs yul dang rgyud tha dad pa'i rjes su 'jug pa'i phyir ro zhes bya ba de'i don ma grub pa nyid do //	300a	Therefore the meaning of the reason stated by the opponent, “because they engage objects and mindstreams that are different,” is not established.
['BO_T04_D3859-2:300a-7']	gzhan yang de dag gi gtan tshigs la 'dod chags la sogs pa la phrad pa med de yul dang rgyud tha dad pa'i rjes su 'jug pa'i phyir dper na che ge mo zhig bzhin no zhes bya ba'i dpe med pa'i phyir yang de ni legs pa ma yin	gzhan yang de dag gi gtan tshigs la 'dod chags la sogs pa la phrad pa med de yul dang rgyud tha dad pa'i rjes su 'jug pa'i phyir dper na che ge mo zhig bzhin no zhes bya ba'i dpe med pa'i phyir yang de ni legs pa ma yin	300a	Moreover, their reason is not good because there is no example for the statement, “Attachment and so on do not contact their objects because they engage objects and mindstreams that are different, like so and so.”
['BO_T04_D3859-2:300a-8']	pa 'dra'o zhes 'grel pa byed pa nyid zer ro //	pa 'dra'o zhes 'grel pa byed pa nyid zer ro //	300a	The Commentary itself says that this is similar.
['BO_T04_D3859-2:300a-9', 'BO_T04_D3859-2:300a-10']	da ni skye mched lhag ma rnams dang / nyon mongs pa lhag ma rnams la yang phrad pa med par 'dra ba nyid du bstan pa'i phyir 'og nas 'byung ba'i tshul gyis /🔽blta bya la sogs 'ba' zhig la //	da ni skye mched lhag ma rnams dang / nyon mongs pa lhag ma rnams la yang phrad pa med par 'dra ba nyid du bstan pa'i phyir 'og nas 'byung ba'i tshul gyis / blta bya la sogs 'ba' zhig la //	300a	Now, in order to demonstrate that the remaining bases and the remaining afflictions are also similar in that they do not make contact, the following verse is stated.🔽The seen and so on are not different.
['BO_T04_D3859-2:300a-11']	gzhan nyid med par ma zad kyi //	gzhan nyid med par ma zad kyi //	300a	Not only that,
['BO_T04_D3859-2:300a-12']	gang yang gang dang lhan cig tu //	gang yang gang dang lhan cig tu //	300a	it is also untenable that anything
['BO_T04_D3859-2:300a-13']	gzhan pa nyid du mi 'thad do //	gzhan pa nyid du mi 'thad do //	300a	is different from anything else.
['BO_T04_D3859-2:300a-14']	mnyan par bya ba dang / nyan pa dang / nyan pa po la sogs pa dang / zhe sdang dang / zhe sdang can dang / zhe sdang bar bya ba la sogs pa'i zhes bya ba'i tha tshig ste /	mnyan par bya ba dang / nyan pa dang / nyan pa po la sogs pa dang / zhe sdang dang / zhe sdang can dang / zhe sdang bar bya ba la sogs pa'i zhes bya ba'i tha tshig ste /	300a	The meaning of “the heard, the hearer, the hearer of the heard, and so on, and the angry, the angry one, the object of anger, and so on” is as follows.
['BO_T04_D3859-2:300a-15']	de'i phyir de dag la phrad pa med do zhes bya ba smras so //	de'i phyir de dag la phrad pa med do zhes bya ba smras so //	300a	Therefore, they do not make contact.
['BO_T04_D3859-2:300a-16']	'dir smras pa /	'dir smras pa /	300a	 Objection:
['BO_T04_D3859-2:300b-0', 'BO_T04_D3859-2:300b-1']	blta bar bya ba dang / lta ba dang / lta ba po la sogs pa dag gzhan ma yin pa nyid du ma grub pa'i phyir gtan tshigs kyi don ma grub pa nyid kyi skyon du 'gyur ba ma yin nam zhes @300b bya ba ni pha rol po dag sngar dbu ma pas don dam par lta ba🔽po ni blta bar bya ba 'am /	blta bar bya ba dang / lta ba dang / lta ba po la sogs pa dag gzhan ma yin pa nyid du ma grub pa'i phyir gtan tshigs kyi don ma grub pa nyid kyi skyon du 'gyur ba ma yin nam zhes @300b bya ba ni pha rol po dag sngar dbu ma pas don dam par lta ba po ni blta bar bya ba 'am /	300b	This is the opponent’s statement refuting the meaning of the reason in the previous🔽inference presented by the Mādhyamika:
['BO_T04_D3859-2:300b-2']	lta ba dang mi phrad de /	lta ba dang mi phrad de /	300b	The seer does not contact the object seen
['BO_T04_D3859-2:300b-3']	de las gzhan ma yin pa'i phyir ro zhes rjes su dpag pa bstan pa de'i gtan tshigs kyi don ma grub pa nyid du sun 'byin pa'i tshig yin te /	de las gzhan ma yin pa'i phyir ro zhes rjes su dpag pa bstan pa de'i gtan tshigs kyi don ma grub pa nyid du sun 'byin pa'i tshig yin te /	300b	because it is not different from that.
['BO_T04_D3859-2:300b-4']	de dag na re blta bar bya ba dang / lta ba dang / lta ba po la sogs pa dag mtshan nyid tha dad pa'i phyir gzhan ma yin pa nyid du ma grub pa'i phyir gtan tshigs kyi don ma grub pa nyid kyi skyon yod de zhes zer ro //	de dag na re blta bar bya ba dang / lta ba dang / lta ba po la sogs pa dag mtshan nyid tha dad pa'i phyir gzhan ma yin pa nyid du ma grub pa'i phyir gtan tshigs kyi don ma grub pa nyid kyi skyon yod de zhes zer ro //	300b	This is because they say that the object seen, seeing, the seer, and so on are not established as not being different because they have different characteristics.
['BO_T04_D3859-2:300b-5']	de skad ces zer ba de'i lan du 'dir 'grel pa byed pa nyid kyis bshad pa ma yin te /	de skad ces zer ba de'i lan du 'dir 'grel pa byed pa nyid kyis bshad pa ma yin te /	300b	This is not the response to that objection, as explained by the author of this commentary.
['BO_T04_D3859-2:300b-6']	ji ltar zhe na /	ji ltar zhe na /	300b	How so?
['BO_T04_D3859-2:300b-7']	gzhan ni gzhan la brten te gzhan //	gzhan ni gzhan la brten te gzhan //	300b	The other is other in dependence on the other.
['BO_T04_D3859-2:300b-8']	gzhan med gzhan las gzhan mi 'gyur //	gzhan med gzhan las gzhan mi 'gyur //	300b	Without the other, the other would not be other.
['BO_T04_D3859-2:300b-9']	gzhan ni gzhan la ltos nas gzhan //	gzhan ni gzhan la ltos nas gzhan //	300b	The other is other in dependence on the other.
['BO_T04_D3859-2:300b-10']	zhes bya na gzhan med pas de'i phyir gzhan la brten te gzhan zhes bya ba yang mi 'thad do zhes bya ba smras te /	zhes bya na gzhan med pas de'i phyir gzhan la brten te gzhan zhes bya ba yang mi 'thad do zhes bya ba smras te /	300b	But without the other, it is untenable to say that the other is other in dependence on the other.
['BO_T04_D3859-2:300b-11']	rigs pa'i bstan bcos las gtan tshigs gang yang rung ba la ma grub pa dang / the tshom yod pa ni gang bsgrub pa la ltos par bya'o zhes 'byung bas 'dir yang de las gzhan ma yin pa'i phyir ro zhes bya ba'i gtan tshigs de pha rol po la ma grub pa'am /	rigs pa'i bstan bcos las gtan tshigs gang yang rung ba la ma grub pa dang / the tshom yod pa ni gang bsgrub pa la ltos par bya'o zhes 'byung bas 'dir yang de las gzhan ma yin pa'i phyir ro zhes bya ba'i gtan tshigs de pha rol po la ma grub pa'am /	300b	Since the treatise on logic states, “In any argument, the unestablished and the doubtful are to be considered in relation to the probandum,” the reason “because it is not different from that” is either unestablished or doubtful for the opponent.
['BO_T04_D3859-2:300b-12']	the tshom za ba bsal ba'i phyir yang rnam pa gzhan gyis bsnan te bsgrub par bya'o //	the tshom za ba bsal ba'i phyir yang rnam pa gzhan gyis bsnan te bsgrub par bya'o //	300b	Therefore, in order to eliminate that, the proof is supplemented in another way.
['BO_T04_D3859-2:300b-13']	gzhan med gzhan las gzhan mi 'gyur //	gzhan med gzhan las gzhan mi 'gyur //	300b	Without the other, the other would not be other.
['BO_T04_D3859-2:300b-14']	zhes smos na 'o na ci zhe na /	zhes smos na 'o na ci zhe na /	300b	If you say this, then what?
['BO_T04_D3859-2:300b-15']	gzhan ni gzhan la brten te gzhan //	gzhan ni gzhan la brten te gzhan //	300b	The other is the other in dependence on the other.🔽This means that the other is merely imputed as the other in dependence on the other thing.
['BO_T04_D3859-2:300b-16']	zhes tha snyad gdags pa yin no zhes bya ba'i tha tshig go zhes bya bas ni gzhan zhes bya ba ni dngos po gzhan 'ba' zhig la brten nas gzhan zhes tha snyad gdags par zad kyi dngos po gzhan de don dam par mi 'thad pas gzhan spangs nas	zhes tha snyad gdags pa yin no zhes bya ba'i tha tshig go zhes bya bas ni gzhan zhes bya ba ni dngos po gzhan 'ba' zhig la brten nas gzhan zhes tha snyad gdags par zad kyi dngos po gzhan de don dam par mi 'thad pas gzhan spangs nas	300b	This shows that since the other thing is not tenable in the ultimate, having eliminated the other,
['BO_T04_D3859-2:300b-17']	gzhan la brten te /	gzhan la brten te /	300b	the other is not tenable in dependence on the other.
['BO_T04_D3859-2:300b-18']	gzhan zhes tha snyad gdags par yang mi 'thad do zhes ston to //	gzhan zhes tha snyad gdags par yang mi 'thad do zhes ston to //	300b	This shows that the other is not tenable in dependence on the other.🔽This shows that the predicate of the probandum is the mere reliance on the expression of the distinction.
['BO_T04_D3859-2:300b-19']	'dis ni bsgrub par bya ba chos brjod pa khyad par can sten pa nyid la ltos pa dang bcas pa nyid yin par bstan to zhes bya ba ni tshig le'ur byas pa'i phyed gong ma shos 'dis ni blta bar bya ba dang / lta ba dang /	'dis ni bsgrub par bya ba chos brjod pa khyad par can sten pa nyid la ltos pa dang bcas pa nyid yin par bstan to zhes bya ba ni tshig le'ur byas pa'i phyed gong ma shos 'dis ni blta bar bya ba dang / lta ba dang /	300b	This first half-verse shows that the object of seeing, seeing, and the🔽seer are not tenable in dependence on the other.
['BO_T04_D3859-2:300b-20', 'BO_T04_D3859-2:300b-21']	lta ba po la sogs pa dag gzhan ma yin pa nyid du bsgrub par bya ba sgrub pa'i chos gtan tshigs ni brjod pa khyad par can sten pa nyid la ltos pa dang bcas pa nyid yin par bstan to //🔽gang la brten te gang yin pa //	lta ba po la sogs pa dag gzhan ma yin pa nyid du bsgrub par bya ba sgrub pa'i chos gtan tshigs ni brjod pa khyad par can sten pa nyid la ltos pa dang bcas pa nyid yin par bstan to // gang la brten te gang yin pa //	300b	The reason that proves the probandum, that the seer and so on are not different, is the dependence on the special expression.
['BO_T04_D3859-2:300b-22']	de ni de las gzhan mi 'thad//	de ni de las gzhan mi 'thad//	300b	The statement “That which is dependent on this is not tenable as different from this” is the thesis.
['BO_T04_D3859-2:301a-0']	@301a * // ces bya ba ni dam bca' bnye  bar gzhag pa yin no zhes bya ba ni de las gzhan ma yin pa'i phyir ro zhes bya ba'i gtan tshigs des bsgrub pa'i phyogs yin no //	@301a * // ces bya ba ni dam bca' bnye  bar gzhag pa yin no zhes bya ba ni de las gzhan ma yin pa'i phyir ro zhes bya ba'i gtan tshigs des bsgrub pa'i phyogs yin no //	301a	The statement “The reason ‘because they are not different’ proves this” is the probandum.
['BO_T04_D3859-2:301a-1']	'dir rjes su dpag pa ni don dam par lta ba ni blta bar bya ba las gzhan ma yin te /	'dir rjes su dpag pa ni don dam par lta ba ni blta bar bya ba las gzhan ma yin te /	301a	Here the inference is this: Ultimately, seeing is not different from the seen,
['BO_T04_D3859-2:301a-2']	brjod pa khyad par can sten pa nyid la ltos pa dang bcas pa nyid yin pa'i phyir blta bar bya ba'i rang gi bdag nyid bzhin pas zhes bya ba dag ni chos can dang / bsgrub par bya ba chos dang / sgrub pa'i chos dang /	brjod pa khyad par can sten pa nyid la ltos pa dang bcas pa nyid yin pa'i phyir blta bar bya ba'i rang gi bdag nyid bzhin pas zhes bya ba dag ni chos can dang / bsgrub par bya ba chos dang / sgrub pa'i chos dang /	301a	The subject is “like the object of seeing itself,” the predicate is “it is not different from the object of seeing,” the reason is “because it is dependent on the special expression ‘seeing,’” and the example is “like the object of seeing itself.”
['BO_T04_D3859-2:301a-3', 'BO_T04_D3859-2:301a-4']	dpe yin par go rims bzhin du sbyar te /🔽dper na blta bar bya ba'i rang gi bdag nyid ni blta bar bya ba zhes brjod pa khyad par can ston pa nyid la ltos pa dang bcas pa nyid yin pa'i phyir rang gi bdag nyid las gzhan ma yin pa de bzhin du lta ba yang lta ba	dpe yin par go rims bzhin du sbyar te / dper na blta bar bya ba'i rang gi bdag nyid ni blta bar bya ba zhes brjod pa khyad par can ston pa nyid la ltos pa dang bcas pa nyid yin pa'i phyir rang gi bdag nyid las gzhan ma yin pa de bzhin du lta ba yang lta ba	301a	They are to be applied in order.🔽For example, the object of seeing itself is not different from itself because it is dependent on the special expression “object of seeing.”
['BO_T04_D3859-2:301a-5']	zhas brjod pa khyad par can sten pa nyid la ltos pa dang bcas pa nyid yin pa'i phyir blta bar bya ba las gzhan nyid ma yin no //	zhas brjod pa khyad par can sten pa nyid la ltos pa dang bcas pa nyid yin pa'i phyir blta bar bya ba las gzhan nyid ma yin no //	301a	In the same way, seeing is not different from the object of seeing because it is dependent on the special expression “seeing.”
['BO_T04_D3859-2:301a-6']	de'i phyir bsgrubs pa sgrub pa'i gtan tshigs yin pa'i phyir don ma grub pa nyid ma yin la /	de'i phyir bsgrubs pa sgrub pa'i gtan tshigs yin pa'i phyir don ma grub pa nyid ma yin la /	301a	Therefore, because the proof is a reason that proves the predicate, it is not the case that the meaning is not established.
['BO_T04_D3859-2:301a-7']	brjod pa khyad par can sten pa nyid la ltos pa dang bcas pa nyid kyis gtan tshigs kyi don kyang ma grub pa nyid yin te /	brjod pa khyad par can sten pa nyid la ltos pa dang bcas pa nyid kyis gtan tshigs kyi don kyang ma grub pa nyid yin te /	301a	The meaning of the reason is also not established because it depends on the special expression itself.
['BO_T04_D3859-2:301a-8']	ltos pa med pa nyid ma grub pa'i phyir ro zhes bya ba ni mjug bsdu ba dang tshad ma'i 'bras bu yin te /	ltos pa med pa nyid ma grub pa'i phyir ro zhes bya ba ni mjug bsdu ba dang tshad ma'i 'bras bu yin te /	301a	The conclusion and the result of the valid knowledge are that it is not established that it is independent.
['BO_T04_D3859-2:301a-9']	rjes su dpag pa ji skad bstan pa 'dis na sngar don dam par lta ba po ni blta bar bya ba'am lta ba dang mi phrad de zhes bsgrubs pa de sgrub pa'i gtan tshigs de las gzhan ma yin pa'i phyir ro zhes bya ba yang gtan tshigs yin	rjes su dpag pa ji skad bstan pa 'dis na sngar don dam par lta ba po ni blta bar bya ba'am lta ba dang mi phrad de zhes bsgrubs pa de sgrub pa'i gtan tshigs de las gzhan ma yin pa'i phyir ro zhes bya ba yang gtan tshigs yin	301a	This is because the reason that was previously established, “The ultimate seer does not see the seen, because of not touching,” is not different from that reason.
['BO_T04_D3859-2:301a-10']	pa'i phyir don ma grub pa nyid ma yin la /	pa'i phyir don ma grub pa nyid ma yin la /	301a	Therefore, the meaning is not not established.
['BO_T04_D3859-2:301a-11', 'BO_T04_D3859-2:301a-12']	'dir don dam par lta ba ni blta bar bya ba las gzhan ma yin te zhes bya ba bsgrub pa'i gtan tshigs brjod pa khyad par can sten pa nyid yin pa'i phyir zhes bya ba'i don kyang ma grub pa nyid ma yin te ltos pa med pa nyid🔽ma grub pa'i phyir ro //	'dir don dam par lta ba ni blta bar bya ba las gzhan ma yin te zhes bya ba bsgrub pa'i gtan tshigs brjod pa khyad par can sten pa nyid yin pa'i phyir zhes bya ba'i don kyang ma grub pa nyid ma yin te ltos pa med pa nyid ma grub pa'i phyir ro //	301a	Here, the meaning of “because of the special use of the reason that proves the statement, ‘In reality, the seer is not different from the seen’” is not unestablished, because the absence of dependence is not established.🔽How is that?
['BO_T04_D3859-2:301a-13']	ci lta zhe na zhes bya ba ni pha rol po dag na re ji ltar ltos pa med pa nyid ma grub ces 'dri ba'i tshig yin no //	ci lta zhe na zhes bya ba ni pha rol po dag na re ji ltar ltos pa med pa nyid ma grub ces 'dri ba'i tshig yin no //	301a	This is a question asked by the opponent, “How is the absence of dependence not established?”
['BO_T04_D3859-2:301a-14']	de'i lan du /	de'i lan du /	301a	In response to that, the root text says:
['BO_T04_D3859-2:301a-15']	gal te gzhan ni gzhan las gzhan //	gal te gzhan ni gzhan las gzhan //	301a	If one thing were different from another,
['BO_T04_D3859-2:301a-16']	gzhan med par yang rung bar 'gyur //	gzhan med par yang rung bar 'gyur //	301a	it would be different even without another.
['BO_T04_D3859-2:301a-17', 'BO_T04_D3859-2:301a-18']	zhes bya ba la sogs pa smas te /🔽des ni de gzhan zhes bya ba dngos po gzhan la ma ltos par ngo bo nyid kyis gzhan par gyur na /	zhes bya ba la sogs pa smas te / des ni de gzhan zhes bya ba dngos po gzhan la ma ltos par ngo bo nyid kyis gzhan par gyur na /	301a	This is the response.🔽If that were different by itself,🔽without depending on another thing called “different,”🔽then in that case, even without another thing, it would be different.
['BO_T04_D3859-2:301b-0']	de lta na dngos po gzhan med par yang gzhan du 'gyur @301b ro zhes glags yod pa'i tshig ston to /	de lta na dngos po gzhan med par yang gzhan du 'gyur @301b ro zhes glags yod pa'i tshig ston to /	301b	This shows that the opponent’s statement is open to dispute.
['BO_T04_D3859-2:301b-1']	de nyid kyi rjes su dpag pa bstan pa'i phyir gal te gzhan zhes bya ba ngo bo nyid kyis gzhan las gzhan yin par gyur na /	de nyid kyi rjes su dpag pa bstan pa'i phyir gal te gzhan zhes bya ba ngo bo nyid kyis gzhan las gzhan yin par gyur na /	301b	In order to demonstrate the inference of that, it says: If the so-called other were inherently other than that other,
['BO_T04_D3859-2:301b-2']	de lta na gzhan med par yang gzhan du rung bar 'gyur te de'i ngo bo nyid yin pa'i phyir dper na /	de lta na gzhan med par yang gzhan du rung bar 'gyur te de'i ngo bo nyid yin pa'i phyir dper na /	301b	then in that case, it would be possible for the other to be other even without that other, because it would be its essence.
['BO_T04_D3859-2:301b-3']	tha snyad kyi bden par grags pa'i mi dngos po gzhan la mi ltos par yang tsha ba'i ngo bo nyid du 'gyur ba bzhin no zhes bya ba smras te /	tha snyad kyi bden par grags pa'i mi dngos po gzhan la mi ltos par yang tsha ba'i ngo bo nyid du 'gyur ba bzhin no zhes bya ba smras te /	301b	For example, a person who is renowned as a conventional truth would be hot by his very essence without depending on another thing.
['BO_T04_D3859-2:301b-4']	de dag ni chos can dang / bsgrub par bya ba chos dang / sgrub pa'i chos dang / dpe yin par go rims bzhin du sbyar te /	de dag ni chos can dang / bsgrub par bya ba chos dang / sgrub pa'i chos dang / dpe yin par go rims bzhin du sbyar te /	301b	These are the subject, the predicate of the probandum, the reason, and the example, respectively.
['BO_T04_D3859-2:301b-5']	dper na tha snyad kyi bden par grags pa'i mi ngo bo nyid kyis tsha ba yin pa ni ngo bo nyid yin pa'i phyir dngos po gzhan la ma ltos par yang me'i ngo bo nyid du 'gyur ba de bzhin du gal te gzhan zhes bya ba yang ngo	dper na tha snyad kyi bden par grags pa'i mi ngo bo nyid kyis tsha ba yin pa ni ngo bo nyid yin pa'i phyir dngos po gzhan la ma ltos par yang me'i ngo bo nyid du 'gyur ba de bzhin du gal te gzhan zhes bya ba yang ngo	301b	For example, a person who is renowned as a conventional truth is hot by his very essence. Because he is hot by his very essence, he would be hot by the essence of fire without depending on another thing.
['BO_T04_D3859-2:301b-6']	bo nyid kyis gzhan las gzhan yin par gyur na de'i ngo bo nyid yin pa'i phyir dngos po gzhan la ma ltos pa yang gzhan yin pa'i skyon du 'gyur bas de ni mi 'dod do //	bo nyid kyis gzhan las gzhan yin par gyur na de'i ngo bo nyid yin pa'i phyir dngos po gzhan la ma ltos pa yang gzhan yin pa'i skyon du 'gyur bas de ni mi 'dod do //	301b	If it were different from another by its own intrinsic reality, then because of being its intrinsic reality, it would be different without depending on another thing. But that is unacceptable.
['BO_T04_D3859-2:301b-7']	gzhan las gzhan pa'i gzhan med de /	gzhan las gzhan pa'i gzhan med de /	301b	There is no difference from another that is different.
['BO_T04_D3859-2:301b-8']	med na med pas de phyir med //	med na med pas de phyir med //	301b	If it does not exist, it does not exist. Therefore it does not exist.
['BO_T04_D3859-2:301b-9']	gzhan nyid ces bya ba de'o //	gzhan nyid ces bya ba de'o //	301b	This is called “difference.”
['BO_T04_D3859-2:301b-10']	zhes bya bas ni glags yod pa'i tshig snga ma las bzlog pas skabs kyi don nyid ston to //	zhes bya bas ni glags yod pa'i tshig snga ma las bzlog pas skabs kyi don nyid ston to //	301b	This shows that the meaning of the context is the opposite of the previous statement that has an opportunity for objection.
['BO_T04_D3859-2:301b-11']	gzhan zhes bya ba ngo bo nyid kyis gzhan las gzhan yin par gyur pa de med na /	gzhan zhes bya ba ngo bo nyid kyis gzhan las gzhan yin par gyur pa de med na /	301b	If that which is called “different” does not exist as different from another by its own intrinsic reality,
['BO_T04_D3859-2:301b-12']	gzhan med pas de'i phyir gzhan zhes bya ba ngo bo nyid kyis gzhan nyid ces bya ba de med do zhes bya ba'i tha tshig go /	gzhan med pas de'i phyir gzhan zhes bya ba ngo bo nyid kyis gzhan nyid ces bya ba de med do zhes bya ba'i tha tshig go /	301b	then because of the nonexistence of difference, therefore that which is called “difference” does not exist. This is what is meant by the statement, “This is called ‘difference.’”
['BO_T04_D3859-2:301b-13']	de ni mi 'dod de /	de ni mi 'dod de /	301b	That is unacceptable.
['BO_T04_D3859-2:301b-14']	lta ba po dang nyan pa po la sogs pa dag blta bar bya ba dang mnyan par bya ba la sogs pa la mi ltos par gzhan nyid du 'gyur ba med la /	lta ba po dang nyan pa po la sogs pa dag blta bar bya ba dang mnyan par bya ba la sogs pa la mi ltos par gzhan nyid du 'gyur ba med la /	301b	The seer, the hearer, and so on do not become different without depending on the seen, the heard, and so on.
['BO_T04_D3859-2:301b-15']	chags pa la sogs pa dag kyang 'dod chags la sogs pa la mi ltos par gzhan nyid du 'gyur ba med de /	chags pa la sogs pa dag kyang 'dod chags la sogs pa la mi ltos par gzhan nyid du 'gyur ba med de /	301b	Attachment and so on are not established as different from attachment and so on without depending on attachment and so on.🔽For example, conventionally, fire is not hot by its own intrinsic reality without depending on something cold.🔽This is the first possible response.
['BO_T04_D3859-2:301b-16']	dper na tha snyad du yang me grang ba la mi ltos par rang gi ngo bo nyid kyis tsha ba nyid med pa bzhin no zhes bya bas ni glags yod pa'i tshig snga ma de mi 'dod de glags yod pa'i tshig de las bzlog pa skabs kyi don	dper na tha snyad du yang me grang ba la mi ltos par rang gi ngo bo nyid kyis tsha ba nyid med pa bzhin no zhes bya bas ni glags yod pa'i tshig snga ma de mi 'dod de glags yod pa'i tshig de las bzlog pa skabs kyi don	301b	The second possible response is that the latter is the meaning of the context.🔽The second possible response is that the latter is the meaning of the context.
['BO_T04_D3859-2:301b-17']	phyi ma shos ltar bsgrub pa dper dang bcas pa bstan te /	phyi ma shos ltar bsgrub pa dper dang bcas pa bstan te /	301b	This is taught by the example.
['BO_T04_D3859-2:301b-18']	des na sngar /	des na sngar /	301b	Therefore the earlier🔽proposition
['BO_T04_D3859-2:301b-19']	gang la brten te gang yin pa //	gang la brten te gang yin pa //	301b	That which depends on this and that
['BO_T04_D3859-2:301b-20', 'BO_T04_D3859-2:301b-21']	de ni de las gzhan mi 'thad //🔽ces dam bca' ba nye bar gzhag pa de legs par gsungs pa yin pas ltos pa med pa nyid ma grub cing /	de ni de las gzhan mi 'thad // ces dam bca' ba nye bar gzhag pa de legs par gsungs pa yin pas ltos pa med pa nyid ma grub cing /	301b	It is untenable that it is different from this and that
['BO_T04_D3859-2:301b-22', 'BO_T04_D3859-2:302a-0']	ltos pa dang bcas pa nyid du grub par bstan to //🔽ci ste lta ba @302a * //	ltos pa dang bcas pa nyid du grub par bstan to // ci ste lta ba @302a * //	301b	is well stated. Therefore it is not established that they are not dependent. It is taught that it is established that they are dependent.🔽If you say that the seer is different from seeing and so on without depending on seeing and so forth,
['BO_T04_D3859-2:302a-1']	po ni lta ba la sogs pa la ltos pa med par yang gzhan nyid yin te /	po ni lta ba la sogs pa la ltos pa med par yang gzhan nyid yin te /	302a	then it follows that the seer would see without seeing.
['BO_T04_D3859-2:302a-2']	mtshan nyid tha dad pa'i phyir ba lang dang rta bzhin no zhes bya ba ni pha rol po dag ltos pa med kyang mtshan nyid tha dad pa'i phyir gzhan nyid yod par bsgrub pa'i tshig yin te /	mtshan nyid tha dad pa'i phyir ba lang dang rta bzhin no zhes bya ba ni pha rol po dag ltos pa med kyang mtshan nyid tha dad pa'i phyir gzhan nyid yod par bsgrub pa'i tshig yin te /	302a	This is the opponent’s statement that proves difference exists because they have different characteristics, even though they are not mutually dependent.
['BO_T04_D3859-2:302a-3']	de dag kyang chos can dang / bsgrub par bya ba chos dang / sgrub pa'i chos dang / dpe yin par go rims bzhin du sbyar te /	de dag kyang chos can dang / bsgrub par bya ba chos dang / sgrub pa'i chos dang / dpe yin par go rims bzhin du sbyar te /	302a	And those are the subject, the predicate of the thesis, the reason, and the example, respectively.🔽For example, even though an ox and a horse are not mutually dependent, they are different because they have different characteristics.
['BO_T04_D3859-2:302a-4', 'BO_T04_D3859-2:302a-5']	dper na ba lang dang rta ni phan tshun ltos pa med du zin kyang mtshan nyid tha dad pa'i phyir gzhan nyid yin pa de bzhin du lta ba po dang lta ba la sogs pa dag kyang phan tshun ltos pa med du zin kyang mtshan nyid tha dad🔽pa'i phyir gzhan nyid yin no //	dper na ba lang dang rta ni phan tshun ltos pa med du zin kyang mtshan nyid tha dad pa'i phyir gzhan nyid yin pa de bzhin du lta ba po dang lta ba la sogs pa dag kyang phan tshun ltos pa med du zin kyang mtshan nyid tha dad pa'i phyir gzhan nyid yin no //	302a	In the same way, even though the seer and seeing and so on are not mutually dependent, they are different because they have different characteristics.
['BO_T04_D3859-2:302a-6']	de dag gi mtshan nyid tha dad pa bstan pa'i phyir mtshan nyid tha dad pa 'di lta bu yang yod de /	de dag gi mtshan nyid tha dad pa bstan pa'i phyir mtshan nyid tha dad pa 'di lta bu yang yod de /	302a	In order to demonstrate that they have different characteristics, he says, There is also a difference in their characteristics.
['BO_T04_D3859-2:302a-7']	lta ba po ni yul du snang ba'i rnam par shes pa'i mtshan nyid dam /	lta ba po ni yul du snang ba'i rnam par shes pa'i mtshan nyid dam /	302a	The seer is the consciousness characterized by the appearance of an object,
['BO_T04_D3859-2:302a-8']	de dang ldan pa'i 'du byed kyi tshogs yin no //	de dang ldan pa'i 'du byed kyi tshogs yin no //	302a	or it is the collection of formations associated with that consciousness.
['BO_T04_D3859-2:302a-9']	lta ba ni yul kha dog gzugs dang ba mig gi rnam par shes pa'i gnas yin no //	lta ba ni yul kha dog gzugs dang ba mig gi rnam par shes pa'i gnas yin no //	302a	Seeing is the object, the clear form of color that is the basis of eye consciousness.
['BO_T04_D3859-2:302a-10']	gzugs ni gzugs su rung ba'i mtshan nyid kha dog dang dbyibs kyi bdag nyid yin no zhes bya ba smras te /	gzugs ni gzugs su rung ba'i mtshan nyid kha dog dang dbyibs kyi bdag nyid yin no zhes bya ba smras te /	302a	Form is the essence of color and shape that is characterized by suitability as form.
['BO_T04_D3859-2:302a-11']	da ni nye bar sbyar ba'i sbyor ba yin no //	da ni nye bar sbyar ba'i sbyor ba yin no //	302a	Now, the application of the syllogism is as follows.🔽Therefore, since the seer is different from seeing and so on, it is undermined by the subsequent reasoning and by the independent inference.
['BO_T04_D3859-2:302a-12', 'BO_T04_D3859-2:302a-13']	de'i phyir gtan tshigs ji skad smos pa'i mthus lta ba po ni lta ba la sogs pa dag las gzhan nyid yin pas rtog ge phyi ma dang rang dbang du rjes su dpag pas gnod do zhe na zhes bya ba ni mjug bsdu ba dang tshad ma'i 'bras🔽bu yin par go rims bzhin du sbyar te /	de'i phyir gtan tshigs ji skad smos pa'i mthus lta ba po ni lta ba la sogs pa dag las gzhan nyid yin pas rtog ge phyi ma dang rang dbang du rjes su dpag pas gnod do zhe na zhes bya ba ni mjug bsdu ba dang tshad ma'i 'bras🔽bu yin par go rims bzhin du sbyar te /	302a	This is the conclusion and the result of the valid cognition, which should be applied in order.
['BO_T04_D3859-2:302a-14']	kho bo cag rtog ge bas mtshan nyid tha dad pa'i phyir ltos pa med du zin kyang gzhan nyid yod par bsgrubs pa'i rtog ge phyi ma 'di dang khyed dbu ma pa la gzhan nyid med par sgrub pa'i rjes su dpag pa gzhan med pas kho bo cag	kho bo cag rtog ge bas mtshan nyid tha dad pa'i phyir ltos pa med du zin kyang gzhan nyid yod par bsgrubs pa'i rtog ge phyi ma 'di dang khyed dbu ma pa la gzhan nyid med par sgrub pa'i rjes su dpag pa gzhan med pas kho bo cag	302a	We may be logicians who, because of the difference in their definitions, establish that the two are not related, but this later logician who establishes that they are different and you, the Madhyamika, have no other inference that establishes that they are not different.
['BO_T04_D3859-2:302a-15']	gi rang dbang du rjes su dpag pa 'dis khyed dbu ma pa la gnod do zhes zer ro //	gi rang dbang du rjes su dpag pa 'dis khyed dbu ma pa la gnod do zhes zer ro //	302a	Therefore, this independent inference of ours harms you, the Madhyamika.
['BO_T04_D3859-2:302a-16']	de skad ces zer ba de'i lan du 'dir 'grel ba byed pa nyid kyis de ni rigs pa ma yin te /	de skad ces zer ba de'i lan du 'dir 'grel ba byed pa nyid kyis de ni rigs pa ma yin te /	302a	In response to that statement, the author of the commentary says, “That is illogical.”
['BO_T04_D3859-2:302a-17']	de nyid kyi phyir ba lang dang rta dag gzhan nyid du ma grub pa'i phyir ro zhes bya ba smras te /	de nyid kyi phyir ba lang dang rta dag gzhan nyid du ma grub pa'i phyir ro zhes bya ba smras te /	302a	Because of that, he says, “Cows and horses are not established as different.”
['BO_T04_D3859-2:302a-18']	des ni pha rol po'i dpe ba lang dang rta bzhin no zhes bya ba de ma grub par ston te /	des ni pha rol po'i dpe ba lang dang rta bzhin no zhes bya ba de ma grub par ston te /	302a	This shows that the opponent’s example, “Like cows and horses,” is not established.
['BO_T04_D3859-2:302a-19']	gang gi phyir ba lang gi mtshan nyid lkog shal la sogs pa dag kyang rta'i mtshan nyid la ltos nas gzhan nyid yin la /	gang gi phyir ba lang gi mtshan nyid lkog shal la sogs pa dag kyang rta'i mtshan nyid la ltos nas gzhan nyid yin la /	302a	Because the characteristics of a cow, such as a dewlap, are different in dependence on the characteristics of a horse.
['BO_T04_D3859-2:302b-0']	rta'i mtshan @302b nyid rngog mjug la sogs pa dag kyang ba lang gi mtshan nyid la ltos nas gzhan nyid yin gyi de dag phan tshun ltos pa med na gzhan nyid du mi 'grub pas kun rdzob tu yang ltos pa med na mtshan nyid du grub pa'i phyir	rta'i mtshan @302b nyid rngog mjug la sogs pa dag kyang ba lang gi mtshan nyid la ltos nas gzhan nyid yin gyi de dag phan tshun ltos pa med na gzhan nyid du mi 'grub pas kun rdzob tu yang ltos pa med na mtshan nyid du grub pa'i phyir	302b	Also, the characteristics of a horse, such as its mane, tail, and so on, are different from the characteristics of an ox, but if they were not mutually dependent, they would not be established as different. Therefore, if they were not mutually dependent even conventionally, they would be established as characteristics.
['BO_T04_D3859-2:302b-1']	pha rol po dag gis bsgrub pa'i dpe mtshang ba'i skyon yod la /	pha rol po dag gis bsgrub pa'i dpe mtshang ba'i skyon yod la /	302b	Therefore, the example that the opponent posits has the fault of being flawed.
['BO_T04_D3859-2:302b-2']	don dam par ni ba lang dang rta dag ma skyes pa'i phyir dpe'i chos can yang ma grub pas /	don dam par ni ba lang dang rta dag ma skyes pa'i phyir dpe'i chos can yang ma grub pas /	302b	But ultimately, since the ox and the horse are not produced, the example subject is not established.
['BO_T04_D3859-2:302b-3']	pha rol po dag gi sgrub pa lta ba po ni lta ba la sogs pa la ltos pa med par yang gzhan nyid yin te /	pha rol po dag gi sgrub pa lta ba po ni lta ba la sogs pa la ltos pa med par yang gzhan nyid yin te /	302b	Therefore, the opponent’s proof, “The seer is different from seeing and so on,
['BO_T04_D3859-2:302b-4']	mtshan nyid tha dad pa'i phyir ba lang dang rta bzhin no zhes bya ba de ma grub bo //	mtshan nyid tha dad pa'i phyir ba lang dang rta bzhin no zhes bya ba de ma grub bo //	302b	because they have different characteristics, like an ox and a horse,” is not established.
['BO_T04_D3859-2:302b-5']	'dis ming tha dad pa'i phyir dang rgyu dang 'bras bu tha dad pa'i phyir zhes bya ba la sogs pa'i gtan tshigs dag gis lan kyang btab pa yin no zhes bya ba ni ltos pa med na mtshan nyid tha dad par mi 'grub par sun phyung ba'i rigs	'dis ming tha dad pa'i phyir dang rgyu dang 'bras bu tha dad pa'i phyir zhes bya ba la sogs pa'i gtan tshigs dag gis lan kyang btab pa yin no zhes bya ba ni ltos pa med na mtshan nyid tha dad par mi 'grub par sun phyung ba'i rigs	302b	This reasoning refutes the idea that if they do not rely on each other, they cannot be established as having different characteristics.
['BO_T04_D3859-2:302b-6']	pa 'dis gal te pha rol po dag 'di skad ces /	pa 'dis gal te pha rol po dag 'di skad ces /	302b	This also responds to the argument that the opponent might make, namely,
['BO_T04_D3859-2:302b-7']	lta ba po ni lta ba la sogs pa la ltos pa med par yang gzhan nyid yin te /	lta ba po ni lta ba la sogs pa la ltos pa med par yang gzhan nyid yin te /	302b	that the seer is different from seeing and so on even without relying on seeing and so on,
['BO_T04_D3859-2:302b-8', 'BO_T04_D3859-2:302b-9']	ming tha dad pa'i phyir ba lang dang rta bzhin no zhe'am /🔽rgyu tha dad pa'i phyir ba lang dang rta bzhin no zhe'am /	ming tha dad pa'i phyir ba lang dang rta bzhin no zhe'am / rgyu tha dad pa'i phyir ba lang dang rta bzhin no zhe'am /	302b	because they have different names, like a cow and a horse,🔽because they have different causes, like a cow and a horse,
['BO_T04_D3859-2:302b-10']	'bras bu tha dad pa'i phyir ba lang dang rta bzhin no zhe'am /	'bras bu tha dad pa'i phyir ba lang dang rta bzhin no zhe'am /	302b	because they have different effects, like a cow and a horse,
['BO_T04_D3859-2:302b-11']	sogs pa'i sgras ngo bo nyid tha dad pa'i phyir ba lang dang rta bzhin no zhes zer ba'i gtan tshigs dag gi lan kyang btab pa yin te /	sogs pa'i sgras ngo bo nyid tha dad pa'i phyir ba lang dang rta bzhin no zhes zer ba'i gtan tshigs dag gi lan kyang btab pa yin te /	302b	and because they have different natures, like a cow and a horse.
['BO_T04_D3859-2:302b-12']	gang gi phyir ming dang rgyu dang 'bras bu dang ngo bo nyid tha dad pa dag kyang phan tshun ltos pa las gzhan nyid ces tha snyad gdags par zad kyi /	gang gi phyir ming dang rgyu dang 'bras bu dang ngo bo nyid tha dad pa dag kyang phan tshun ltos pa las gzhan nyid ces tha snyad gdags par zad kyi /	302b	Because even though names, causes, effects, and entities are different, they are designated as different only in mutual dependence.
['BO_T04_D3859-2:302b-13']	phan tshun ltos pa med na gzhan nyid du mi 'thad pas de'i phyir pha rol po dag gi sgrub pa'i gtan tshigs dang dpe ma grub pa nyid yin no ;	phan tshun ltos pa med na gzhan nyid du mi 'thad pas de'i phyir pha rol po dag gi sgrub pa'i gtan tshigs dang dpe ma grub pa nyid yin no ;	302b	If they were not mutually dependent, difference would not be tenable. Therefore the reason and example that the opponent adduces are not established.
['BO_T04_D3859-2:302b-14']	/ gzegs zan pa dag gis smras pa /	/ gzegs zan pa dag gis smras pa /	302b	The followers of Kanada say:
['BO_T04_D3859-2:302b-15']	blta bar bya ba la gzhan nyid nges par gnas pa kho na yin pas de'i phyir gzhan nyid grub pas brjod pa khyad par can sten pa nyid la ltos pa dang bcas pa nyid yin pa'i phyir zhes bya ba'i gtan tshigs kyi don ma grub pa nyid do	blta bar bya ba la gzhan nyid nges par gnas pa kho na yin pas de'i phyir gzhan nyid grub pas brjod pa khyad par can sten pa nyid la ltos pa dang bcas pa nyid yin pa'i phyir zhes bya ba'i gtan tshigs kyi don ma grub pa nyid do	302b	The object seen definitely exists as different from the seer. Therefore difference is established. The meaning of the reason, “because it is dependent on the mere engagement of the object,” is not established.
['BO_T04_D3859-2:302b-16']	zhes bya ba ni mu stegs gzegs zan gyi slob ma bye brag pa dag na re /	zhes bya ba ni mu stegs gzegs zan gyi slob ma bye brag pa dag na re /	302b	This is the assertion of the Vaiśeṣika, a follower of the tīrthika Kanada.
['BO_T04_D3859-2:302b-17']	gang gi phyir tshig gi don drug po dag ni ngo bo nyid kyis yongs su grub pa yin pa de'i phyir blta bar bya ba dang / lta ba dang / lta ba po la sogs pa'i dngos po dag ni gzhan dang gzhan ma yin pa nyid du brjod par bya ba ma yin mod kyi /	gang gi phyir tshig gi don drug po dag ni ngo bo nyid kyis yongs su grub pa yin pa de'i phyir blta bar bya ba dang / lta ba dang / lta ba po la sogs pa'i dngos po dag ni gzhan dang gzhan ma yin pa nyid du brjod par bya ba ma yin mod kyi /	302b	Because the six topics are established by their own intrinsic reality, therefore such things as the seen, seeing, and the seer cannot be said to be identical or different.
['BO_T04_D3859-2:303a-0']	de dag la @303a * //	de dag la @303a * //	303a	However, from among the six topics,
['BO_T04_D3859-2:303a-1']	tshig gi don drug gi nang nas gzhan nyid ces bya ba de nges par gnas pa kho na yin pas de'i phyir gzhan nyid dang ldan na dngos po rnams kyang gzhan nyid du grub pas des na khyed dbu ma pas sngar 'di skad ces /	tshig gi don drug gi nang nas gzhan nyid ces bya ba de nges par gnas pa kho na yin pas de'i phyir gzhan nyid dang ldan na dngos po rnams kyang gzhan nyid du grub pas des na khyed dbu ma pas sngar 'di skad ces /	303a	difference definitely exists for them. Therefore, since things that possess difference are established as different, you Followers of the Middle Way should not say the following:
['BO_T04_D3859-2:303a-2']	don dam par lta ba ni blta bar bya ba las gzhan ma yin te /	don dam par lta ba ni blta bar bya ba las gzhan ma yin te /	303a	“Ultimately, seeing is not different from the seen.
['BO_T04_D3859-2:303a-3']	brjod pa khyad par can sten pa nyid la ltos pa dang bcas pa nyid yin pa'i phyir blta bar bya ba'i rang gi bdag nyid bzhin pas zhes gang smras pa'i gtan tshigs de'i don gang yang rung ba la ma grub pa nyid yin no zhes zer ba'i tshig	brjod pa khyad par can sten pa nyid la ltos pa dang bcas pa nyid yin pa'i phyir blta bar bya ba'i rang gi bdag nyid bzhin pas zhes gang smras pa'i gtan tshigs de'i don gang yang rung ba la ma grub pa nyid yin no zhes zer ba'i tshig	303a	Because it depends on the special expression itself, it is like the object itself that is seen. The meaning of the reason that you state is not established with respect to any of the three modes.
['BO_T04_D3859-2:303a-4']	yin no // de skad ces zer ba de'i lan du 'dir 'grel pa byed pa nyid kyis de lta na yang gzhan nyid ces bya bar brjod pa'i chos can gzhan nyid la ltos pa dang bcas pa'i phyir dang / phyogs kyi chos spyir brjod pa'i phyir gtan tshigs kyi don ma grub pa nyid ma yin no zhes bya ba smras te /	yin no // de skad ces zer ba de'i lan du 'dir 'grel pa byed pa nyid kyis de lta na yang gzhan nyid ces bya bar brjod pa'i chos can gzhan nyid la ltos pa dang bcas pa'i phyir dang / phyogs kyi chos spyir brjod pa'i phyir gtan tshigs kyi don ma grub pa nyid ma yin no zhes bya ba smras te /	303a	In response to that statement, the author of the commentary says, “Even so, the reason is not not established with respect to its meaning because otherness, the subject expressed by the term otherness, depends on another and because the property of the subject is stated in a general way.”
['BO_T04_D3859-2:303a-5']	bye brag pa dag gi gzhung ltar gzhan nyid ces bya ba'i tshig gi don dang ldan pas blta bar bya ba la sogs pa dag gzhan nyid ces bya bar brjod pa de lta na yang gzhan nyid ces bya bar brjod pa'i chos can blta bar bya ba la	bye brag pa dag gi gzhung ltar gzhan nyid ces bya ba'i tshig gi don dang ldan pas blta bar bya ba la sogs pa dag gzhan nyid ces bya bar brjod pa de lta na yang gzhan nyid ces bya bar brjod pa'i chos can blta bar bya ba la	303a	In particular, because the terms “object of seeing” and so on have the meaning of the term “otherness,” even though they are described as “other,” the subject, the object of seeing and so on,
['BO_T04_D3859-2:303a-6']	sogs pa dag gzhan nyid ces bya ba'i tshig gi don la ltos pa dang bcas pa'i phyir dang / kho bos brjod pa khyad par can sten pa nyid la ltos pa dang bcas pa nyid yin pa'i phyir zhes bya ba'i phyogs kyi chos kyang ba lang dang /	sogs pa dag gzhan nyid ces bya ba'i tshig gi don la ltos pa dang bcas pa'i phyir dang / kho bos brjod pa khyad par can sten pa nyid la ltos pa dang bcas pa nyid yin pa'i phyir zhes bya ba'i phyogs kyi chos kyang ba lang dang /	303a	that is described as “other” is still dependent on the meaning of the term “other,” and the property of the subject, “because it is dependent on the special reliance that I have described,” is also dependent.
['BO_T04_D3859-2:303a-7']	rta dang / lhas byin dang / mchod sbyin dang / blta bar bya ba dang / lta ba dang / bye brag ba'i gzhan nyid la sogs pa spyir brjod pa'i phyir des na ci tsam du ltos pa dang bcas pa dag la ni gzhan zhes tha snyad gdags kyi ltos pa med pa dag ni gzhan nyid du mi 'thad pas de dag la phrad pa yang med pa'i	rta dang / lhas byin dang / mchod sbyin dang / blta bar bya ba dang / lta ba dang / bye brag ba'i gzhan nyid la sogs pa spyir brjod pa'i phyir des na ci tsam du ltos pa dang bcas pa dag la ni gzhan zhes tha snyad gdags kyi ltos pa med pa dag ni gzhan nyid du mi 'thad pas de dag la phrad pa yang med pa'i	303a	Because horse, Devadatta, sacrifice, object of seeing, seeing, and difference are generally expressed, therefore, as long as they are dependent, they are designated as other. But it is untenable that those that are not dependent are other. Therefore, since they do not contact each other,
['BO_T04_D3859-2:303a-8']	phyir kho bo'i gtan tshigs kyi don ma grub pa nyid ma yin no //	phyir kho bo'i gtan tshigs kyi don ma grub pa nyid ma yin no //	303a	my reason is not unestablished.
['BO_T04_D3859-2:303a-9']	gzhan yang gzhan nyid dang ldan pas gzhan nyid du 'dod na zhes bya ba la sogs pas ni bye brag pa dag gi gzhung ltar gzhan nyid ces bya ba'i tshig gi don dang ldan pas blta bar bya ba la sogs pa'i dngos po gzhan nyid du 'dod na	gzhan yang gzhan nyid dang ldan pas gzhan nyid du 'dod na zhes bya ba la sogs pas ni bye brag pa dag gi gzhung ltar gzhan nyid ces bya ba'i tshig gi don dang ldan pas blta bar bya ba la sogs pa'i dngos po gzhan nyid du 'dod na	303a	Moreover, if you assert that things are other because they possess otherness, etc. is stated.
['BO_T04_D3859-2:303a-10']	/ de lta na blta bar bya ba'i dngos po yang lta ba la sogs pa'i dngos po gnyis pa med par yang gzhan nyid du thal ba'i skyon du 'gyur bas mi rung bar ston to //	/ de lta na blta bar bya ba'i dngos po yang lta ba la sogs pa'i dngos po gnyis pa med par yang gzhan nyid du thal ba'i skyon du 'gyur bas mi rung bar ston to //	303a	Thus, it is shown that it is not tenable that the object seen is different from the two things, the seer and so on, without a second.
['BO_T04_D3859-2:303b-0']	de nyid rjes @303b su dpag pa bstan pa'i phyir gnyis pa med par yang rang las gzhan nyid du 'gyur te /	de nyid rjes @303b su dpag pa bstan pa'i phyir gnyis pa med par yang rang las gzhan nyid du 'gyur te /	303b	In order to demonstrate that this is inferred, it is said that even without a second, it would be different from itself,
['BO_T04_D3859-2:303b-1']	de'i bdag nyid yin pa'i phyir dper na me grang ba la sogs pa la ma ltos par yang rang gi bdag nyid kyis tsha ba nyid du 'gyur ba bzhin no zhes bya ba smras te /	de'i bdag nyid yin pa'i phyir dper na me grang ba la sogs pa la ma ltos par yang rang gi bdag nyid kyis tsha ba nyid du 'gyur ba bzhin no zhes bya ba smras te /	303b	because it is of the nature of itself, just as, for example, fire, without depending on anything cold, would be hot by itself.
['BO_T04_D3859-2:303b-2']	de dag ni chos can dang / bsgrub par bya ba chos dang / sgrub pa'i chos dang / dpe yin par go rims bzhin du sbyar te /	de dag ni chos can dang / bsgrub par bya ba chos dang / sgrub pa'i chos dang / dpe yin par go rims bzhin du sbyar te /	303b	These are the subject, the predicate of the probandum, the reason, and the example, respectively.
['BO_T04_D3859-2:303b-3']	dper na me ni tsha ba'i bdag nyid yin pa'i phyir rang gis tsha ba nyid du 'gyur ba de bzhin du /	dper na me ni tsha ba'i bdag nyid yin pa'i phyir rang gis tsha ba nyid du 'gyur ba de bzhin du /	303b	For example, fire is hot by itself because it is of the nature of heat.
['BO_T04_D3859-2:303b-4']	dngos po gnyis pa med pa gzhan nyid ces bya ba'i tshig gi don dang ldan pas gzhan nyid du 'dod pa yang gzhan nyid kyi bdag nyid yin pa'i phyir rang las gzhan nyid du thal bar 'gyur bas mi 'dod do //	dngos po gnyis pa med pa gzhan nyid ces bya ba'i tshig gi don dang ldan pas gzhan nyid du 'dod pa yang gzhan nyid kyi bdag nyid yin pa'i phyir rang las gzhan nyid du thal bar 'gyur bas mi 'dod do //	303b	Since the word “otherness” has the meaning of a second thing, and since it is asserted that otherness is the nature of otherness, it follows that it would be other than itself.🔽But that is unacceptable.
['BO_T04_D3859-2:303b-5']	gnyis pa med pas dngos po gzhan la mi ltos pa'i chos can la gzhan nyid du rtog na yang rtog pa tsam du zad de /	gnyis pa med pas dngos po gzhan la mi ltos pa'i chos can la gzhan nyid du rtog na yang rtog pa tsam du zad de /	303b	Since a second thing does not exist, if you imagine that the phenomenon that does not rely on another thing is otherness, that is just imagination.🔽The reliance on another thing is not the cause of the cognition of otherness, but otherness is the cause of that cognition.
['BO_T04_D3859-2:303b-6']	dngos po gzhan la ltos pa nyid gzhan nyid kyi blo'i rgyu ma yin la gzhan nyid ni blo de'i rgyu yin pa'i phyir ro zhes bya bas ni ci ste bye brag pa dag 'dod pa ltar blta bar bya ba'i dngos po lta ba la sogs pa gnyis pa	dngos po gzhan la ltos pa nyid gzhan nyid kyi blo'i rgyu ma yin la gzhan nyid ni blo de'i rgyu yin pa'i phyir ro zhes bya bas ni ci ste bye brag pa dag 'dod pa ltar blta bar bya ba'i dngos po lta ba la sogs pa gnyis pa	303b	In this way, the Vaiśeṣika assertion that the object of seeing, such as blue, is other than the seer, such as the eye, is refuted.
['BO_T04_D3859-2:303b-7']	med pa / dngos po gzhan la mi ltos pa'i chos can la gzhan nyid ces bya ba'i tshig gi don dang ldan pas gzhan nyid du rtog na /	med pa / dngos po gzhan la mi ltos pa'i chos can la gzhan nyid ces bya ba'i tshig gi don dang ldan pas gzhan nyid du rtog na /	303b	If you imagine that the phenomenon that does not rely on another thing is otherness, since the word “otherness” has the meaning of a second thing, and since it is asserted that otherness is the nature of otherness, it follows that it would be other than itself.
['BO_T04_D3859-2:303b-8']	de lta na yang de ni gyi na rtog pa tsam du zad kyi dngos su gzhan nyid yin par mi 'grub ste /	de lta na yang de ni gyi na rtog pa tsam du zad kyi dngos su gzhan nyid yin par mi 'grub ste /	303b	However, this is mere idle speculation, for it is not established that they are actually different.
['BO_T04_D3859-2:303b-9']	'di ltar 'jig rten na gzhan nyid kyi blo skye ba'i rgyu ni dngos po gzhan la ltos pa nyid yin te /	'di ltar 'jig rten na gzhan nyid kyi blo skye ba'i rgyu ni dngos po gzhan la ltos pa nyid yin te /	303b	The cause for the conception of difference in the world is the dependence of one thing on another.🔽For example, it is well known that such things as a cloth that is different from a pot are not the cause for the conception of difference.
['BO_T04_D3859-2:303b-10']	dper na bum pa la ltos nas snam bu gzhan zhes bya ba la sogs pa dag ni gzhan nyid kyi blo skye ba'i rgyu ma yin par grags pa de dag bye brag pa dag gi gzhan nyid kyi blo skye ba'i rgyu ma yin par gsal la /	dper na bum pa la ltos nas snam bu gzhan zhes bya ba la sogs pa dag ni gzhan nyid kyi blo skye ba'i rgyu ma yin par grags pa de dag bye brag pa dag gi gzhan nyid kyi blo skye ba'i rgyu ma yin par gsal la /	303b	It is clear that they are not the cause for the conception of difference for Vaiseikas.
['BO_T04_D3859-2:303b-11']	gzhan nyid ces bya ba'i tshig gi don ni gzhan nyid kyi blo de'i rgyu yin par khas blangs pa'i phyir /	gzhan nyid ces bya ba'i tshig gi don ni gzhan nyid kyi blo de'i rgyu yin par khas blangs pa'i phyir /	303b	The meaning of the term difference is accepted as being the cause of the conception of difference.
['BO_T04_D3859-2:303b-12']	des na bye brag pa dag gis gnyis pa med pa dngos po gzhan la mi ltos pa'i chos can la gzhan nyid du brtags pa de ni 'jig rten la grags pa dang 'gal ba'i phyir gyi na la rtog pa tsam du zad do //	des na bye brag pa dag gis gnyis pa med pa dngos po gzhan la mi ltos pa'i chos can la gzhan nyid du brtags pa de ni 'jig rten la grags pa dang 'gal ba'i phyir gyi na la rtog pa tsam du zad do //	303b	Therefore, since the conception of difference imputed by the Vaiseikas to a nondependent phenomenon that is not a second thing contradicts what is renowned in the world, it is mere idle speculation.
['BO_T04_D3859-2:303b-13']	gzhan dang gzhan ma yin pa nyid gzhan nyid dang ldan par rtog na yang /	gzhan dang gzhan ma yin pa nyid gzhan nyid dang ldan par rtog na yang /	303b	If you imagine that something that is not different from another possesses difference,🔽then it would be pointless and the negation would be inconsistent.
['BO_T04_D3859-2:304a-0', 'BO_T04_D3859-2:304a-1', 'BO_T04_D3859-2:304a-2']	don med pa nyid dang dgag pa mi mthun pa nyid du 'gyur ro zhes bya ba ni bye brag pa dag 'dod pa'i gzhan nyid ces bya ba'i tshig gi don dang ldan @304a * //🔽pas gzhan nyid du 'gyur ro zhes bya ba de yang /🔽dngos po snga nas gzhan nyid yin pa zhig gzhan nyid ces bya ba'i tshig gi don dang ldan par rtog gam /	don med pa nyid dang dgag pa mi mthun pa nyid du 'gyur ro zhes bya ba ni bye brag pa dag 'dod pa'i gzhan nyid ces bya ba'i tshig gi don dang ldan @304a * // pas gzhan nyid du 'gyur ro zhes bya ba de yang / dngos po snga nas gzhan nyid yin pa zhig gzhan nyid ces bya ba'i tshig gi don dang ldan par rtog gam /	304a	This is the meaning of the term difference that the Vaiśeṣikas assert.🔽If you imagine that something that is not different from another possesses difference,
['BO_T04_D3859-2:304a-3']	gzhan ma yin pa nyid gcig gzhan nyid ces bya ba'i tshig gi don dang ldan par rtog grang na /	gzhan ma yin pa nyid gcig gzhan nyid ces bya ba'i tshig gi don dang ldan par rtog grang na /	304a	then either a thing that is already different possesses the meaning of the term difference,🔽or something that is not different possesses the meaning of the term difference.
['BO_T04_D3859-2:304a-4']	brtag pa snga ma ni don med pa nyid du 'gyur te dngos po snga nas gzhan nyid yin pa la yang gzhan nyid dang ldan par rtog pa don med pa nyid yin pa'i phyir ro //	brtag pa snga ma ni don med pa nyid du 'gyur te dngos po snga nas gzhan nyid yin pa la yang gzhan nyid dang ldan par rtog pa don med pa nyid yin pa'i phyir ro //	304a	The former conception is pointless because it is pointless to imagine that a thing that is already different possesses difference.
['BO_T04_D3859-2:304a-5']	brtag pa phyi ma ni dgag pa mi mthun pa nyid du 'gyur te /	brtag pa phyi ma ni dgag pa mi mthun pa nyid du 'gyur te /	304a	The latter conception is inconsistent with the negation.
['BO_T04_D3859-2:304a-6']	dngos po snga na gzhan nyid ma yin pa phyis gzhan nyid dang ldan par rtog pa mi mthun pa nyid yin pa'i phyir ro //	dngos po snga na gzhan nyid ma yin pa phyis gzhan nyid dang ldan par rtog pa mi mthun pa nyid yin pa'i phyir ro //	304a	If you think that a thing is not different prior to the difference, but later possesses difference, then that is inconsistent.
['BO_T04_D3859-2:304a-7']	dngos po brjod par bya ba ma yin pa dus phyis gzhan nyid dang ldan par rtog na yang zhes bya ba la sogs pas ni /	dngos po brjod par bya ba ma yin pa dus phyis gzhan nyid dang ldan par rtog na yang zhes bya ba la sogs pas ni /	304a	If you think that a thing is not to be expressed prior to the difference, but later possesses difference, then that is also inconsistent.
['BO_T04_D3859-2:304a-8']	bye brag pa dag 'dod pa ltar blta bar bya ba la sogs pa'i dngos po snga na gcig pa nyid dang gzhan nyid du brjod par bya ba ma yin pa dus phyis gzhan nyid ces bya ba'i tshig gi don dang ldan pas gzhan nyid yin par rtog na	bye brag pa dag 'dod pa ltar blta bar bya ba la sogs pa'i dngos po snga na gcig pa nyid dang gzhan nyid du brjod par bya ba ma yin pa dus phyis gzhan nyid ces bya ba'i tshig gi don dang ldan pas gzhan nyid yin par rtog na	304a	If you think that a thing, such as a visible form, is not to be expressed as either the same or different prior to the difference, but later possesses the meaning of the term “difference,” then
['BO_T04_D3859-2:304a-9']	yang dngos po ni gzhan nyid ces bya ba'i tshig gi don dang ldan par mi 'gyur bas de yang mi rung bar ston to //	yang dngos po ni gzhan nyid ces bya ba'i tshig gi don dang ldan par mi 'gyur bas de yang mi rung bar ston to //	304a	that also is not tenable, because a thing does not possess the meaning of the term “difference.”
['BO_T04_D3859-2:304a-10']	de nyid kyi rjes su dpag pa bstan pa'i phyir dngos po ni gzhan nyid dang ldan pa ma yin te /	de nyid kyi rjes su dpag pa bstan pa'i phyir dngos po ni gzhan nyid dang ldan pa ma yin te /	304a	In order to demonstrate that very point, he says, A thing does not possess difference because🔽it is not tenable that a thing is different from itself.
['BO_T04_D3859-2:304a-11']	dngos po yin pa'i phyir dper na brjod par bya ba ma yin pa de nyid kyi skad cig ma bzhin pas rang gi rjes su dpag pa la gnod do zhes bya ba smras te /	dngos po yin pa'i phyir dper na brjod par bya ba ma yin pa de nyid kyi skad cig ma bzhin pas rang gi rjes su dpag pa la gnod do zhes bya ba smras te /	304a	Because it is a thing, like the momentariness of that which is inexpressible, your own inference is undermined.
['BO_T04_D3859-2:304a-12', 'BO_T04_D3859-2:304a-13']	de dag ni chos can dang / bsgrub par bya ba chos dang / sgrub pa'i chos dang / dpe dang / mjug bsdu ba yin par go rims bzhin du sbyar te /🔽dper na dngos po gcig pa nyid dang / gzhan nyid du brjod par bya ba ma yin pa de nyid kyi skad cig ma ni dngos po yin pa'i phyir gzhan nyid ces bya ba'i tshig gi don dang ldan pa ma yin pa de bzhin du /	de dag ni chos can dang / bsgrub par bya ba chos dang / sgrub pa'i chos dang / dpe dang / mjug bsdu ba yin par go rims bzhin du sbyar te / dper na dngos po gcig pa nyid dang / gzhan nyid du brjod par bya ba ma yin pa de nyid kyi skad cig ma ni dngos po yin pa'i phyir gzhan nyid ces bya ba'i tshig gi don dang ldan pa ma yin pa de bzhin du /	304a	The subject, the probandum, the proving property, the example, and the conclusion are applied in order.🔽For example, the momentariness of that which is inexpressible as either the same or different is a thing, and it does not have the meaning of the term “different.”
['BO_T04_D3859-2:304a-14']	blta bar bya ba la sogs pa'i dngos po dang / yang dngos po yin pa'i phyir gzhan nyid ces bya ba'i tshig gi don dang ldan pa ma yin pas /	blta bar bya ba la sogs pa'i dngos po dang / yang dngos po yin pa'i phyir gzhan nyid ces bya ba'i tshig gi don dang ldan pa ma yin pas /	304a	In the same way, the thing that is the object of seeing and so on is a thing, and it does not have the meaning of the term “different.”
['BO_T04_D3859-2:304a-15']	des na bye brag pa dag rang gi dngos po nyid du rjes su dpag pas gzhan nyid dang ldan pa ma yin pas gzhan nyid dang ldan pa bsal ba'i phyir rang gi rjes su dpag pa la gnod do zhes bya ba'i tha tshig go //	des na bye brag pa dag rang gi dngos po nyid du rjes su dpag pas gzhan nyid dang ldan pa ma yin pas gzhan nyid dang ldan pa bsal ba'i phyir rang gi rjes su dpag pa la gnod do zhes bya ba'i tha tshig go //	304a	Therefore, the Particularists’ inference of their own thing does not invalidate their inference of the other, because it is not endowed with the other, since it is not endowed with the other.
['BO_T04_D3859-2:304a-16']	bye brag pa gzhan dag gis smras pa /	bye brag pa gzhan dag gis smras pa /	304a	Other Particularists say:
['BO_T04_D3859-2:304b-0']	don dam par lta ba ni blta bar bya ba las @304b gzhan ma yin te zhes dam bcas pa de'i don gang yin zhes bya ba la sogs pas ni /	don dam par lta ba ni blta bar bya ba las @304b gzhan ma yin te zhes dam bcas pa de'i don gang yin zhes bya ba la sogs pas ni /	304b	The meaning of the thesis “ultimately, seeing is not different from the seen” and so on is as follows.
['BO_T04_D3859-2:304b-1']	sngar dbu ma pas don dam par lta ba ni blta bar bya ba las gzhan ma yin te /	sngar dbu ma pas don dam par lta ba ni blta bar bya ba las gzhan ma yin te /	304b	Previously the Follower of the Middle Way said, “ultimately, seeing is not different from the seen.
['BO_T04_D3859-2:304b-2']	brjod pa khyad par can sten pa nyid la ltos pa dang bcas pa nyid yin pa'i phyir blta bar bya ba'i rang gi bdag nyid bzhin pas zhes dam bcas pa de la /	brjod pa khyad par can sten pa nyid la ltos pa dang bcas pa nyid yin pa'i phyir blta bar bya ba'i rang gi bdag nyid bzhin pas zhes dam bcas pa de la /	304b	It is like the seen’s own nature, because it is dependent on the mere reliance on the special expression.”
['BO_T04_D3859-2:304b-3']	'dir bye brag pa dag las gzhan kha cig na re dbu ma pas dam bcas pa de'i don gang yin zhes gal rnam pa gnyis su rtog bston to //	'dir bye brag pa dag las gzhan kha cig na re dbu ma pas dam bcas pa de'i don gang yin zhes gal rnam pa gnyis su rtog bston to //	304b	Here, someone other than the Vaiśeṣika says, “The meaning of the statement of the Mādhyamika is to be analyzed in two ways.
['BO_T04_D3859-2:304b-4']	de la gal dang po bstan pa'i phyir gal te gzhan nyid de la mi 'jug go zhe na ni gtan tshigs ma nges pa nyid de mi mthun pa'i phyogs la yang ltos pa dang bcas pa nyid du 'jug pa'i phyir ro zhes bya ba smras te /	de la gal dang po bstan pa'i phyir gal te gzhan nyid de la mi 'jug go zhe na ni gtan tshigs ma nges pa nyid de mi mthun pa'i phyogs la yang ltos pa dang bcas pa nyid du 'jug pa'i phyir ro zhes bya ba smras te /	304b	In order to demonstrate the first, he says, ‘If you say that difference does not apply to that, the reason is not established because it applies to that which is discordant, that is, to that which is dependent.’
['BO_T04_D3859-2:304b-5']	dbu ma pas don dam par lta ba ni blta bar bya ba las gzhan ma yin te zhes dam bcas pa de'i don gal te kho bo cag bye brag pa'i gzhan nyid ces bya ba'i tshig gi don de lta ba de la mi 'jug go zhes bya ba	dbu ma pas don dam par lta ba ni blta bar bya ba las gzhan ma yin te zhes dam bcas pa de'i don gal te kho bo cag bye brag pa'i gzhan nyid ces bya ba'i tshig gi don de lta ba de la mi 'jug go zhes bya ba	304b	The meaning of the statement of the Mādhyamika, ‘In the ultimate truth, seeing is not different from the seen,’ is this: If you say that the meaning of the word difference of the Vaiśeṣika is not applied to that seeing,
['BO_T04_D3859-2:304b-6']	yin na ni /	yin na ni /	304b	then
['BO_T04_D3859-2:304b-7']	des na dbu ma pa'i gtan tshigs brjod pa khyad par can sten pa nyid la ltos pa dang bcas pa nyid yin pa'i phyir zhes bya ba de ma nges pa nyid de /	des na dbu ma pa'i gtan tshigs brjod pa khyad par can sten pa nyid la ltos pa dang bcas pa nyid yin pa'i phyir zhes bya ba de ma nges pa nyid de /	304b	the reason stated by the Mādhyamika, ‘because it is dependent,’ is not established because it applies to that which is discordant, that is, to that which is dependent.
['BO_T04_D3859-2:304b-8']	ci'i phyir zhe na /	ci'i phyir zhe na /	304b	Why is this?
['BO_T04_D3859-2:304b-9']	khyed kyis gzhan ma yin par dam bcas pa'i mi mthun pa'i phyogs gzhan yin pa'i dngos po la yang ltos pa dang bcas pa nyid ces bya ba de 'jug ste /	khyed kyis gzhan ma yin par dam bcas pa'i mi mthun pa'i phyogs gzhan yin pa'i dngos po la yang ltos pa dang bcas pa nyid ces bya ba de 'jug ste /	304b	Because that which you have asserted to be not different, that is, the thing that is the opposite of the other, is said to be related to that other.
['BO_T04_D3859-2:304b-10']	'di ltar gzhan nyid ces bya ba'i tshig gi don la ltos nas dngos po de yang gzhan zhes brjod pa'i phyir /	'di ltar gzhan nyid ces bya ba'i tshig gi don la ltos nas dngos po de yang gzhan zhes brjod pa'i phyir /	304b	This is because in dependence on the meaning of the word other, that thing is also called other.
['BO_T04_D3859-2:304b-11']	des na ci re zhig brjod pa khyad par can sten pa nyid la ltos pa dang bcas pa nyid yin pa'i phyir blta bar bya ba'i rang gi bdag nyid bzhin du lta ba de la gzhan nyid ces bya ba'i tshig gi don de 'jug par mi 'gyur ba	des na ci re zhig brjod pa khyad par can sten pa nyid la ltos pa dang bcas pa nyid yin pa'i phyir blta bar bya ba'i rang gi bdag nyid bzhin du lta ba de la gzhan nyid ces bya ba'i tshig gi don de 'jug par mi 'gyur ba	304b	Therefore, just as the object of seeing does not engage the meaning of the word other in relation to itself, in the same way, the seer also does not engage the meaning of the word other in relation to itself.🔽Why is this?
['BO_T04_D3859-2:304b-12']	yin nam / 'on te brjod pa khyad par can sten pa nyid la ltos pa dang bcas pa nyid yin pa'i phyir mi mthun pa'i phyogs gzhan nyid du lta ba de la yang gzhan nyid ces bya ba'i tshig gi don de 'jug par 'gyur ba ma nges pa'i phyir ro ;	yin nam / 'on te brjod pa khyad par can sten pa nyid la ltos pa dang bcas pa nyid yin pa'i phyir mi mthun pa'i phyogs gzhan nyid du lta ba de la yang gzhan nyid ces bya ba'i tshig gi don de 'jug par 'gyur ba ma nges pa'i phyir ro ;	304b	Or is it that the meaning of the word “other” is not ascertained to apply to that view, since it is dependent on the special expression “otherness” itself?
['BO_T04_D3859-2:304b-13']	/ gal gnyis pa bstan pa'i phyir ci ste gzhan nyid rdzas kyi ngo bo nyid ma yin no zhe na ni grub pa la sgrub pa yin te /	/ gal gnyis pa bstan pa'i phyir ci ste gzhan nyid rdzas kyi ngo bo nyid ma yin no zhe na ni grub pa la sgrub pa yin te /	304b	If you say, “Otherness is not the nature of a substance,” then that is proving what is already established,
['BO_T04_D3859-2:304b-14']	gzhan nyid ni de'i ngo bo nyid yin pa'i phyir ro zhes bya ba smras te /	gzhan nyid ni de'i ngo bo nyid yin pa'i phyir ro zhes bya ba smras te /	304b	because otherness is its nature.
['BO_T04_D3859-2:305a-0']	dbu ma pas don dam par lta ba ni blta bar bya ba las gzhan ma yin te zhes dam bcas pa de'i don ci ste kho bo @305a * //	dbu ma pas don dam par lta ba ni blta bar bya ba las gzhan ma yin te zhes dam bcas pa de'i don ci ste kho bo @305a * //	305a	What is the meaning of the statement by the Mādhyamika, “The ultimate view is not other than the object of view”?
['BO_T04_D3859-2:305a-1']	cag bye brag pa'i gzhan nyid ces bya ba'i tshig gi don de lta ba la sogs pa rdzas kyi ngo bo nyid ma yin no zhes bya ba yin na ni des na dbu ma pa'i gtan tshigs brjod pa khyad par can sten pa nyid la ltos pa dang	cag bye brag pa'i gzhan nyid ces bya ba'i tshig gi don de lta ba la sogs pa rdzas kyi ngo bo nyid ma yin no zhes bya ba yin na ni des na dbu ma pa'i gtan tshigs brjod pa khyad par can sten pa nyid la ltos pa dang	305a	If you say that the meaning of the word “otherness” of the Vaiśeṣika is not the intrinsic reality of such things as seeing, then your argument that “because it is dependent on the specific expression of the Madhyamaka reason”
['BO_T04_D3859-2:305a-2']	bcas pa nyid yin pa'i phyir zhes bya ba de grub pa la sgrub pa yin te /	bcas pa nyid yin pa'i phyir zhes bya ba de grub pa la sgrub pa yin te /	305a	is a proof of what is already established.
['BO_T04_D3859-2:305a-3']	ci'i phyir zhe na /	ci'i phyir zhe na /	305a	Why is that?
['BO_T04_D3859-2:305a-4']	kho bo cag bye brag pa'i gzhan nyid ces bya ba'i tshig gi don de ni gzhan nyid ces bya ba'i tshig gi don de'i ngo bo nyid yin gyi /	kho bo cag bye brag pa'i gzhan nyid ces bya ba'i tshig gi don de ni gzhan nyid ces bya ba'i tshig gi don de'i ngo bo nyid yin gyi /	305a	Because for us the meaning of the word “otherness” is the intrinsic reality of the meaning of the word “otherness.”
['BO_T04_D3859-2:305a-5']	lta ba la sogs pa rdzas kyi ngo bo nyid ma yin par kho bo cag gi phyogs la yang grub pa'i phyir ro //	lta ba la sogs pa rdzas kyi ngo bo nyid ma yin par kho bo cag gi phyogs la yang grub pa'i phyir ro //	305a	And for our position, it is established that the meaning of the word “otherness” is not the intrinsic reality of such things as seeing.
['BO_T04_D3859-2:305a-6']	de skad ces zer ba de'i lan du 'dir 'grel pa byed pa nyid kyis /	de skad ces zer ba de'i lan du 'dir 'grel pa byed pa nyid kyis /	305a	In response to that, the author of the commentary says here:
['BO_T04_D3859-2:305a-7', 'BO_T04_D3859-2:305a-8']	de la 'dir zhes bya ba la sogs pas gtan tshigs ma nges pa nyid dang / grub pa la sgrub pa nyid bsal ba'i lan go rims bzhin du ston to //🔽de la re zhig gtan tshigs ma nges pa nyid bsal ba'i phyir brtag pa snga ma la yang ji skad bstan pa'i tshul gyis gzhan nyid bkag pa'i phyir mi mthun pa'i phyogs med pas ma nges pa nyid ma yin no zhes bya ba smras te gal te gzhan	de la 'dir zhes bya ba la sogs pas gtan tshigs ma nges pa nyid dang / grub pa la sgrub pa nyid bsal ba'i lan go rims bzhin du ston to // de la re zhig gtan tshigs ma nges pa nyid bsal ba'i phyir brtag pa snga ma la yang ji skad bstan pa'i tshul gyis gzhan nyid bkag pa'i phyir mi mthun pa'i phyogs med pas ma nges pa nyid ma yin no zhes bya ba smras te gal te gzhan	305a	Here, the response to the objection that the reason is indeterminate and the response to the objection that it is an establishment of what is already established are presented respectively by “Here, etc.”🔽To begin with, in order to dispel the objection that the reason is indeterminate, he says, “Since difference is refuted in the manner explained in the previous chapter, there is no discordant side, so it is not indeterminate.” If difference existed, then since it would operate in dependence on that difference, there would be a discordant side, so it would be indeterminate.
['BO_T04_D3859-2:305a-9']	nyid yod na ni nges gzhan de la ltos pa dang bcas pa nyid du 'jug pa'i phyir mi mthun pa'i phyogs yod pas ma nges pa nyid du yang 'gyur ba zhig na /	nyid yod na ni nges gzhan de la ltos pa dang bcas pa nyid du 'jug pa'i phyir mi mthun pa'i phyogs yod pas ma nges pa nyid du yang 'gyur ba zhig na /	305a	But since difference is not established,🔽there is no discordant side.
['BO_T04_D3859-2:305a-10']	gang la brten te gang yin pa //	gang la brten te gang yin pa //	305a	If something exists in dependence on something else,
['BO_T04_D3859-2:305a-11']	de ni de las gzhan mi 'thad //	de ni de las gzhan mi 'thad //	305a	it is not tenable that it is different from that.
['BO_T04_D3859-2:305a-12']	ces bya ba la sogs pa'i 'thad pa ci skad bstan pa'i tshul gyis gzhan nyid bkag pa'i phyir mi mthun pa'i phyogs med pas de'i phyir ma nges pa nyid ma yin no //	ces bya ba la sogs pa'i 'thad pa ci skad bstan pa'i tshul gyis gzhan nyid bkag pa'i phyir mi mthun pa'i phyogs med pas de'i phyir ma nges pa nyid ma yin no //	305a	In this way, since otherness is refuted by the method of teaching such as “the seer is not the hearer,” the discordant position does not exist. Therefore it is not the case that the reason is not established.
['BO_T04_D3859-2:305a-13']	grub pa la sgrub pa nyid bsal ba'i phyir /	grub pa la sgrub pa nyid bsal ba'i phyir /	305a	In order to dispel the fact that the reason is established,
['BO_T04_D3859-2:305a-14']	brtag pa gnyis pa la yang don dam par lta ba ni blta bar bya ba las gzhan ma yin no zhes bya ba la /	brtag pa gnyis pa la yang don dam par lta ba ni blta bar bya ba las gzhan ma yin no zhes bya ba la /	305a	in the second chapter, “Examination of Seeing,” it is said, “Ultimately, seeing is not different from the seen.”
['BO_T04_D3859-2:305a-15']	kho bo cag gi de la gzhan nyid kyi blo dang sgra'i spyod yul nyid kyi chos med do zhes bstan pa'i phyir pha rol po la sgrub pa de lta bu med pas grub pa la sgrub pa yang ma yin te zhes bya ba smras te /	kho bo cag gi de la gzhan nyid kyi blo dang sgra'i spyod yul nyid kyi chos med do zhes bstan pa'i phyir pha rol po la sgrub pa de lta bu med pas grub pa la sgrub pa yang ma yin te zhes bya ba smras te /	305a	In response to that, in order to teach that in our system the object of activity of the mind and term “difference” does not exist, it is said, “Since such an establishment does not exist for the opponent, it is not the case that the reason is established.”
['BO_T04_D3859-2:305a-16', 'BO_T04_D3859-2:305a-17', 'BO_T04_D3859-2:305b-0']	kho bo cag gi sngar don dam par lta ba ni blta bar bya ba las gzhan ma yin te zhes dam bcas pa de'i don ni khyed kyi gzhan nyid ces bya ba'i tshig gi don de lta ba la sogs pa rdzas kyi ngo bo nyid ma yin no🔽zhes bya bar dam bcas pa ma yin gyi /🔽lta ba de la khyed bye brag pa dag gis yongs su brtags pa gzhan nyid ces bya ba'i tshig gi don gzhan nyid kyi blo dang sgra'i spyod yul nyid kyi chos med do zhes dam bcas pa @305b bstan pa'i phyir khyed pha rol po dag la sgrub pa	kho bo cag gi sngar don dam par lta ba ni blta bar bya ba las gzhan ma yin te zhes dam bcas pa de'i don ni khyed kyi gzhan nyid ces bya ba'i tshig gi don de lta ba la sogs pa rdzas kyi ngo bo nyid ma yin no zhes bya bar dam bcas pa ma yin gyi / lta ba de la khyed bye brag pa dag gis yongs su brtags pa gzhan nyid ces bya ba'i tshig gi don gzhan nyid kyi blo dang sgra'i spyod yul nyid kyi chos med do zhes dam bcas pa @305b bstan pa'i phyir khyed pha rol po dag la sgrub pa	305a	The meaning of our previous thesis, “The ultimate view is not different from that which is viewed,” is not the thesis, “The meaning of the word ‘difference’ is not the viewing of such things as seeing that are the substantial nature of things.”🔽But in order to teach that the meaning of the word “difference” that you Vaiseikas impute to that view does not exist as a phenomenon that is the domain of the mind and words, we posit the proof to you, the opponent.
['BO_T04_D3859-2:305b-1']	de lta bu med pas khyed kyis lta ba la sogs pa dngos po gang la yang gzhan nyid ces bya ba'i tshig gi don gzhan nyid kyi blo dang sgra'i spyod yul nyid kyi chos med do zhes ston par mi nus pa'i phyir kho bo cag gi gtan tshigs	de lta bu med pas khyed kyis lta ba la sogs pa dngos po gang la yang gzhan nyid ces bya ba'i tshig gi don gzhan nyid kyi blo dang sgra'i spyod yul nyid kyi chos med do zhes ston par mi nus pa'i phyir kho bo cag gi gtan tshigs	305b	Since such a thing does not exist, you cannot demonstrate that the word “difference” does not exist as a phenomenon that is the domain of the mind and words with respect to any thing, such as seeing.
['BO_T04_D3859-2:305b-2', 'BO_T04_D3859-2:305b-3']	de grub pa la sgrub pa yang ma yin no //🔽de nyid kyi rjes su dpag pa bstan pa'i phyir don dam par gzhan nyid la gzhan nyid kyi ngo bo nyid med de /	de grub pa la sgrub pa yang ma yin no // de nyid kyi rjes su dpag pa bstan pa'i phyir don dam par gzhan nyid la gzhan nyid kyi ngo bo nyid med de /	305b	And it is not established by that proof.
['BO_T04_D3859-2:305b-4']	spyi dang khyad par dang ldan pa'i phyir dper na gzugs nyid bzhin no zhes bya ba smras te /	spyi dang khyad par dang ldan pa'i phyir dper na gzugs nyid bzhin no zhes bya ba smras te /	305b	In order to demonstrate that very proof, he says: Ultimately, otherness does not exist because of possessing generality and particularity, just like form itself.
['BO_T04_D3859-2:305b-5']	de dag ni chos can dang / bsgrub par bya ba chos dang / sgrub pa'i chos dang / dpe yin par go rims bzhin du sbyar te /	de dag ni chos can dang / bsgrub par bya ba chos dang / sgrub pa'i chos dang / dpe yin par go rims bzhin du sbyar te /	305b	The subject, the predicate of the proposition, the proposition, and the example should be applied in order.
['BO_T04_D3859-2:305b-6']	dper na gzugs nyid ni gzugs zhes bya ba nyi tshe'i spyi dang spyi chen po dang bum pa'i gzugs dang snam bu'i gzugs zhes bya ba'i khyad par dang ldan pa'i phyir /	dper na gzugs nyid ni gzugs zhes bya ba nyi tshe'i spyi dang spyi chen po dang bum pa'i gzugs dang snam bu'i gzugs zhes bya ba'i khyad par dang ldan pa'i phyir /	305b	For example, form itself possesses the limited generality called “form” and the great generality called “particularity,” and it possesses the particularities called “the form of a vase” and “the form of a cloth.”
['BO_T04_D3859-2:305b-7']	de la gzhan nyid ces bya ba'i tshig gi don gyi ngo bo nyid med pa de bzhin du /	de la gzhan nyid ces bya ba'i tshig gi don gyi ngo bo nyid med pa de bzhin du /	305b	In that, the entity of the word-meaning called “otherness” does not exist.
['BO_T04_D3859-2:305b-8']	bye brag pas brtags pa'i gzhan nyid ces bya ba'i tshig gi don de yang gzhan ma yin pa las log cing gzhan zhes bya ba'i spyi dang bum pa dang ldan pa'i gzhan dang / snam bu dang ldan pa'i gzhan zhes bya ba'i khyad par dang ldan pa'i phyir de la yang gzhan nyid kyi ngo bo nyid med de /	bye brag pas brtags pa'i gzhan nyid ces bya ba'i tshig gi don de yang gzhan ma yin pa las log cing gzhan zhes bya ba'i spyi dang bum pa dang ldan pa'i gzhan dang / snam bu dang ldan pa'i gzhan zhes bya ba'i khyad par dang ldan pa'i phyir de la yang gzhan nyid kyi ngo bo nyid med de /	305b	The meaning of the word “otherness” imagined by the Vaise~ika is also not other than non-otherness, because it is endowed with the generality called “other” and it is endowed with the particulars called “otherness in the relation of the pot” and “otherness in the relation of the cloth.”🔽Therefore, it also does not have the nature of otherness.
['BO_T04_D3859-2:305b-9']	des ni gzhan nyid ces bya ba'i tshig gi don gyi ngo bo nyid kyi dgag pa bstan to //	des ni gzhan nyid ces bya ba'i tshig gi don gyi ngo bo nyid kyi dgag pa bstan to //	305b	Thus, he demonstrates the negation of the nature of the meaning of the word “otherness.”
['BO_T04_D3859-2:305b-10']	yang na don dam par gzhan nyid ni gzhan nyid kyi blo dang sgra skye ba'i rgyu nyid ma yin te /	yang na don dam par gzhan nyid ni gzhan nyid kyi blo dang sgra skye ba'i rgyu nyid ma yin te /	305b	Or, ultimately, otherness is not the cause of the arising of the cognition and word “otherness,”
['BO_T04_D3859-2:305b-11']	blo dang sgra khyad par can gyi rgyu yin pa'i phyir dper na gzugs nyid bzhin no zhes bya ba dag kyang chos can dang / bsgrub par bya ba chos dang / sgrub pa'i chos dang / dpe yin par go rims bzhin du sbyar te /	blo dang sgra khyad par can gyi rgyu yin pa'i phyir dper na gzugs nyid bzhin no zhes bya ba dag kyang chos can dang / bsgrub par bya ba chos dang / sgrub pa'i chos dang / dpe yin par go rims bzhin du sbyar te /	305b	because it is the cause of the cognition and word that is qualified, like form itself. The subject, the predicate of the probandum, the property of the reason, and the example are to be applied in order.
['BO_T04_D3859-2:305b-12']	dper na gzugs nyid ni gzugs mthong na gzugs kyi blo dang sgra khyad par can skye ba'i rgyu yin pa'i phyir bye brag pa dag gis yongs su brtags pa'i gzhan nyid kyi blo dang sgra skye ba'i rgyu nyid ma yin pa de bzhin du bye brag pa dag	dper na gzugs nyid ni gzugs mthong na gzugs kyi blo dang sgra khyad par can skye ba'i rgyu yin pa'i phyir bye brag pa dag gis yongs su brtags pa'i gzhan nyid kyi blo dang sgra skye ba'i rgyu nyid ma yin pa de bzhin du bye brag pa dag	305b	For example, form itself is not the cause of the cognition and term other, which are imagined by the Vaiśeṣikas, because it is the cause of the cognition and term form when form is seen.
['BO_T04_D3859-2:305b-13']	gis yongs su brtags pa gzhan nyid ces bya ba'i tshig gi don kyang gzhan nyid kyi blo dang sgra khyad par can skye ba'i rgyu yin pa'i phyir gzhan nyid kyi blo dang sgra skye ba'i rgyu nyid ma yin te /	gis yongs su brtags pa gzhan nyid ces bya ba'i tshig gi don kyang gzhan nyid kyi blo dang sgra khyad par can skye ba'i rgyu yin pa'i phyir gzhan nyid kyi blo dang sgra skye ba'i rgyu nyid ma yin te /	305b	In the same way, the meaning of the term other, which is imagined by the Vaiśeṣikas, is not the cause of the cognition and term other because it is the cause of the cognition and term other.
['BO_T04_D3859-2:305b-14']	des ni bye brag pa dag gis yongs su brtags pa gzhan nyid ces bya ba'i tshig gi don de gzhan nyid kyi blo dang sgra skye ba'i rgyu nyid ma yin par bstan to //	des ni bye brag pa dag gis yongs su brtags pa gzhan nyid ces bya ba'i tshig gi don de gzhan nyid kyi blo dang sgra skye ba'i rgyu nyid ma yin par bstan to //	305b	This teaches that the meaning of the term other, which is imagined by the Vaiśeṣikas, is not the cause of the cognition and term other.
['BO_T04_D3859-2:306a-0']	yang na @306a * //	yang na @306a * //	306a	Or else,🔽🔽
['BO_T04_D3859-2:306a-1']	don dam par gzhan nyid kyi blo ni gzhan nyid dang ldan pa'i blta bar bya ba la sogs pa'i yul dngos dang ldan pa ma yin te /	don dam par gzhan nyid kyi blo ni gzhan nyid dang ldan pa'i blta bar bya ba la sogs pa'i yul dngos dang ldan pa ma yin te /	306a	Ultimately, the mind of difference does not possess an object that is a real entity that possesses difference,🔽because it is a mind of difference, just as the mind of difference does not possess difference as its object.
['BO_T04_D3859-2:306a-2']	gzhan nyid kyi blo yin pa'i phyir dper na gzhan nyid blo gzhan nyid kyi yul can ma yin pa bzhin no zhes bya ba dag kyang chos can dang / bsgrub par bya ba chos dang / sgrub pa'i chos dang / dpe yin par go rims bzhin du sbyar te /	gzhan nyid kyi blo yin pa'i phyir dper na gzhan nyid blo gzhan nyid kyi yul can ma yin pa bzhin no zhes bya ba dag kyang chos can dang / bsgrub par bya ba chos dang / sgrub pa'i chos dang / dpe yin par go rims bzhin du sbyar te /	306a	The subject, the predicate of the proposition, the reason, and the example are applied in order.
['BO_T04_D3859-2:306a-3']	dper na bye brag pa dag gis yongs su brtags pa gzhan nyid ces bya ba'i tshig gi don gyi blo ni gzhan nyid kyi blo yin pa'i phyir gzhan nyid ces bya ba'i tshig gi don de nyid kyi yul can ma yin te /	dper na bye brag pa dag gis yongs su brtags pa gzhan nyid ces bya ba'i tshig gi don gyi blo ni gzhan nyid kyi blo yin pa'i phyir gzhan nyid ces bya ba'i tshig gi don de nyid kyi yul can ma yin te /	306a	For example, the mind that is the meaning of the word difference imputed by the Vaiśeṣikas is not the mind that possesses difference because it is a mind of difference.
['BO_T04_D3859-2:306a-4']	yon tan ni yon tan dang ldan pa ma yin la /	yon tan ni yon tan dang ldan pa ma yin la /	306a	The reason is established because a quality does not possess a quality,
['BO_T04_D3859-2:306a-5']	spyi yang spyi dang ldan pa ma yin no zhes brjod pa de bzhin du /	spyi yang spyi dang ldan pa ma yin no zhes brjod pa de bzhin du /	306a	and a universal does not possess a universal.
['BO_T04_D3859-2:306a-6']	lta ba blta bar bya ba las gzhan yin no snyam pa'i blo yang gzhan nyid kyi blo yin pa'i phyir bye brag pa dag gis yongs su brtags pa'i gzhan nyid ces bya ba dang ldan pas blta bar bya ba la sogs pa'i yul dngos dang ldan pa ma	lta ba blta bar bya ba las gzhan yin no snyam pa'i blo yang gzhan nyid kyi blo yin pa'i phyir bye brag pa dag gis yongs su brtags pa'i gzhan nyid ces bya ba dang ldan pas blta bar bya ba la sogs pa'i yul dngos dang ldan pa ma	306a	The cognition that thinks “the view is different from the object viewed” is a cognition of difference, and therefore the object viewed does not possess the difference imagined by the Vaiśeṣikas.
['BO_T04_D3859-2:306a-7']	yin te / des ni gzhan no snyam pa'i blo ni bye brag pa dag gis yongs su brtags pa gzhan nyid ces bya ba'i tshig gi don dang ldan pa'i yul can ma yin par bstan to //	yin te / des ni gzhan no snyam pa'i blo ni bye brag pa dag gis yongs su brtags pa gzhan nyid ces bya ba'i tshig gi don dang ldan pa'i yul can ma yin par bstan to //	306a	This demonstrates that the cognition that thinks “it is different” is not a subject that possesses the referent object called “difference” imagined by the Vaiśeṣikas.
['BO_T04_D3859-2:306a-8']	rgyas par ni snga ma bzhin no zhes bya ba ni sngar gzhan yang gzhan nyid dang ldan pas gzhan nyid du 'dod na /	rgyas par ni snga ma bzhin no zhes bya ba ni sngar gzhan yang gzhan nyid dang ldan pas gzhan nyid du 'dod na /	306a	The rest is as before means that if difference is asserted to be different from the different,
['BO_T04_D3859-2:306a-9']	gnyis pa med par yang rang las gzhan nyid du 'gyur te /	gnyis pa med par yang rang las gzhan nyid du 'gyur te /	306a	then difference would exist without a second,
['BO_T04_D3859-2:306a-10']	de'i bdag nyid yin pa'i phyir dper na me grang ba la sogs pa la ma ltos par rang gi bdag nyid kyis tsha ba nyid du 'gyur ba bzhin no //	de'i bdag nyid yin pa'i phyir dper na me grang ba la sogs pa la ma ltos par rang gi bdag nyid kyis tsha ba nyid du 'gyur ba bzhin no //	306a	because it would be its own nature. For example, like heat, which would be heat by its own nature without relying on fire and so on.
['BO_T04_D3859-2:306a-11']	gnyis pa med par dngos po gzhan la mi ltos pa'i chos can la gzhan nyid du rtog na yang rtog pa tsam du zad de /	gnyis pa med par dngos po gzhan la mi ltos pa'i chos can la gzhan nyid du rtog na yang rtog pa tsam du zad de /	306a	If you imagine that a thing that does not depend on another thing is different, that is just imagination.
['BO_T04_D3859-2:306a-12']	dngos po gzhan la ltos pa nyid gzhan nyid kyi blo'i rgyu ma yin la /	dngos po gzhan la ltos pa nyid gzhan nyid kyi blo'i rgyu ma yin la /	306a	Because the dependence on another thing is not the cause of the cognition of difference,
['BO_T04_D3859-2:306a-13']	gzhan nyid kyi blo de'i rgyu yin pa'i phyir ro //	gzhan nyid kyi blo de'i rgyu yin pa'i phyir ro //	306a	and because the cognition of difference is the cause of that.
['BO_T04_D3859-2:306a-14']	gzhan dang gzhan ma yin pa nyid gzhan nyid dang ldan par rtog na yang don med pa nyid dang dgag pa mi mthun pa nyid du 'gyur ro //	gzhan dang gzhan ma yin pa nyid gzhan nyid dang ldan par rtog na yang don med pa nyid dang dgag pa mi mthun pa nyid du 'gyur ro //	306a	If you imagine that difference and non-difference are possessed by difference, then it would be pointless and contradictory.
['BO_T04_D3859-2:306a-15']	dngos po brjod par bya ba ma yin pa dus phyis gzhan nyid dang ldan par rtog na yang /	dngos po brjod par bya ba ma yin pa dus phyis gzhan nyid dang ldan par rtog na yang /	306a	If you imagine that a thing that is inexpressible later becomes possessed of difference,🔽then a thing does not become possessed of difference because it is a thing, like the inexpressible itself in the prior moment.
['BO_T04_D3859-2:306a-16']	dngos po ni gzhan nyid dang ldan pa yang ma yin te dngos po yin pa'i phyir dper na brjod par bya ba ma yin pa de nyid kyi skad cig ma bzhin pas rang gi rjes su dpag pa la gnod do zhes bstan pa de dag thams cad rgyas	dngos po ni gzhan nyid dang ldan pa yang ma yin te dngos po yin pa'i phyir dper na brjod par bya ba ma yin pa de nyid kyi skad cig ma bzhin pas rang gi rjes su dpag pa la gnod do zhes bstan pa de dag thams cad rgyas	306a	All of these arguments are extensive in Candrakīrti’s Clear Words.
['BO_T04_D3859-2:306a-17', 'BO_T04_D3859-2:306b-0']	par 'dir yang sbyar bar bya ba yin no //🔽yang gzhan yang 'di la gzhan nyid @306b ces bya ba de gzhan la yod dam //	par 'dir yang sbyar bar bya ba yin no // yang gzhan yang 'di la gzhan nyid @306b ces bya ba de gzhan la yod dam //	306a	This is also to be applied here.🔽Moreover, here, that which is called “difference” exists in another,🔽or it exists in what is not another?
['BO_T04_D3859-2:306b-1']	gzhan ma yin pa la yod grang na zhes bya ba la sogs pas ni /	gzhan ma yin pa la yod grang na zhes bya ba la sogs pas ni /	306b	Thus,
['BO_T04_D3859-2:306b-2']	bye brag pa dag gis yongs su brtags pa gzhan nyid ces bya ba'i tshig gi don de gzhan nyid kyi dngos po la yod dam /	bye brag pa dag gis yongs su brtags pa gzhan nyid ces bya ba'i tshig gi don de gzhan nyid kyi dngos po la yod dam /	306b	the meaning of the word “difference” imagined by the Vaiśeṣikas exists in the entity of difference,
['BO_T04_D3859-2:306b-3']	gzhan ma yin pa la yod grang na /	gzhan ma yin pa la yod grang na /	306b	or it exists in what is not different.
['BO_T04_D3859-2:306b-4']	brtag pa de gnyi ga yang mi 'thad par ston to //	brtag pa de gnyi ga yang mi 'thad par ston to //	306b	Both of these two investigations are untenable.🔽What is the point of that?
['BO_T04_D3859-2:306b-5']	des cir 'gyur zhes bya ba ni de gnyis la skyon ci yod ces pha rol po 'dri ba'i tshig yin no //	des cir 'gyur zhes bya ba ni de gnyis la skyon ci yod ces pha rol po 'dri ba'i tshig yin no //	306b	This is a question of the opponent asking, “What is the error in those two?”
['BO_T04_D3859-2:306b-6']	de la re zhig brtag pa snga ma mi 'thad par bstan pa'i phyir /	de la re zhig brtag pa snga ma mi 'thad par bstan pa'i phyir /	306b	In response to that, in order to demonstrate that the former investigation is untenable,
['BO_T04_D3859-2:306b-7']	gal te gzhan la yod do zhe na /	gal te gzhan la yod do zhe na /	306b	if you say, “It exists in another,”
['BO_T04_D3859-2:306b-8']	gzhan nyid gzhan la yod ma yin //	gzhan nyid gzhan la yod ma yin //	306b	difference does not exist in another.
['BO_T04_D3859-2:306b-9']	de 'jug pa don med pa nyid du 'gyur ba'i phyir dang / gzhan ni gzhan nyid dang bral bar pha rol po'i phyogs la yang grub pa'i phyir ro zhes bya ba smras te /	de 'jug pa don med pa nyid du 'gyur ba'i phyir dang / gzhan ni gzhan nyid dang bral bar pha rol po'i phyogs la yang grub pa'i phyir ro zhes bya ba smras te /	306b	Because it would be meaningless for it to engage that, and because the other is devoid of difference in the system of the opponent.
['BO_T04_D3859-2:306b-10']	bye brag pa dag gis yongs su brtags pa gzhan nyid ces bya ba'i tshig gi don de ni gzhan nyid kyi dngos po la yod pa ma yin te /	bye brag pa dag gis yongs su brtags pa gzhan nyid ces bya ba'i tshig gi don de ni gzhan nyid kyi dngos po la yod pa ma yin te /	306b	The meaning of the term difference that is imputed by the Vaiśeṣika does not exist in the entity of difference.
['BO_T04_D3859-2:306b-11']	ci'i phyir zhe na /	ci'i phyir zhe na /	306b	Why is that?
['BO_T04_D3859-2:306b-12']	gzhan nyid kyi dngos po la gzhan nyid ces bya ba de 'jug pa don med pa nyid du 'gyur ba'i phyir dang / bye brag pa nyid kyi phyogs la yang yon tan ni rdzas la 'jug gi yon tan nyid la mi 'jug pas /	gzhan nyid kyi dngos po la gzhan nyid ces bya ba de 'jug pa don med pa nyid du 'gyur ba'i phyir dang / bye brag pa nyid kyi phyogs la yang yon tan ni rdzas la 'jug gi yon tan nyid la mi 'jug pas /	306b	Because it would be meaningless for the term difference to engage the entity of difference, and because in the system of the Vaiśeṣika itself, qualities engage substances but do not engage qualities.
['BO_T04_D3859-2:306b-13']	gzhan zhes bya ba'i yon tan ni gzhan nyid dang bral bar grags pa'i phyir ro //	gzhan zhes bya ba'i yon tan ni gzhan nyid dang bral bar grags pa'i phyir ro //	306b	The quality called difference is renowned as being devoid of difference.
['BO_T04_D3859-2:306b-14']	brtag pa gnyis pa mi 'thad par bstan pa'i phyir ci ste gzhan ma yin pa la yod do zhe na /	brtag pa gnyis pa mi 'thad par bstan pa'i phyir ci ste gzhan ma yin pa la yod do zhe na /	306b	To demonstrate that the second conception is untenable, the text says, “If it exists in what is not different, then what is the point of saying ‘it is different’?”
['BO_T04_D3859-2:306b-15']	de lta na yang /	de lta na yang /	306b	Even if that were the case,
['BO_T04_D3859-2:306b-16']	gzhan ma yin la'ang yod ma yin //	gzhan ma yin la'ang yod ma yin //	306b	Nor does it exist in what is not different.
['BO_T04_D3859-2:306b-17']	rang las kyang gzhan nyid yin par gyur na mi rung ba'i phyir ro zhes bya ba smras te /	rang las kyang gzhan nyid yin par gyur na mi rung ba'i phyir ro zhes bya ba smras te /	306b	If it were different from itself, that would not be tenable.
['BO_T04_D3859-2:306b-18']	bye brag pa dag gis yongs su brtags pa gzhan nyid ces bya ba'i tshig gi don de ni gzhan ma yin pa'i dngos po la yang yod pa ma yin te /	bye brag pa dag gis yongs su brtags pa gzhan nyid ces bya ba'i tshig gi don de ni gzhan ma yin pa'i dngos po la yang yod pa ma yin te /	306b	The meaning of the term “difference” imagined by the Vaiśeṣikas does not exist in things that are not different.
['BO_T04_D3859-2:306b-19']	ci'i phyir zhe na /	ci'i phyir zhe na /	306b	Why?
['BO_T04_D3859-2:306b-20']	gzhan ma yin pa'i dngos po gnyis pa med pa de gzhan nyid ces bya ba'i tshig gi don dang ldan pas gzhan nyid du brtag na gnyis pa med pa gcig pu de rang las gzhan nyid yin par gyur na mi rung ba'i phyir ro //	gzhan ma yin pa'i dngos po gnyis pa med pa de gzhan nyid ces bya ba'i tshig gi don dang ldan pas gzhan nyid du brtag na gnyis pa med pa gcig pu de rang las gzhan nyid yin par gyur na mi rung ba'i phyir ro //	306b	If that which is not different from itself were to possess the meaning of the term “difference,” then that which is not different from itself would be different from itself, but that is not tenable.
['BO_T04_D3859-2:306b-21', 'BO_T04_D3859-2:306b-22', 'BO_T04_D3859-2:307a-0', 'BO_T04_D3859-2:307a-1']	yang gzhan yang gzhan nyid dang ldan pa ni de dang ldan du zin kyang de'i ngo bo nyid du 'gyur bar mi 'thad de ba lang dang ldan pa ba lang dang ldan du zin kyang ba lang nyid du 'gyur bar mi 'thad pa bzhin no zhes bya bas🔽ni / bye brag pa dag 'dod pa ltar dngos po ni gzhan nyid kyi ngo bo nyid ma yin mod kyi /🔽gzhan nyid ces bya ba'i tshig gi don dang ldan na dngos @307a * //🔽po yang gzhan nyid du 'gyur ro zhes zer ba de mi 'thad par ston te /	yang gzhan yang gzhan nyid dang ldan pa ni de dang ldan du zin kyang de'i ngo bo nyid du 'gyur bar mi 'thad de ba lang dang ldan pa ba lang dang ldan du zin kyang ba lang nyid du 'gyur bar mi 'thad pa bzhin no zhes bya bas ni / bye brag pa dag 'dod pa ltar dngos po ni gzhan nyid kyi ngo bo nyid ma yin mod kyi / gzhan nyid ces bya ba'i tshig gi don dang ldan na dngos @307a * // po yang gzhan nyid du 'gyur ro zhes zer ba de mi 'thad par ston te /	306b	Moreover, it is untenable that that which possesses difference has the nature of that, even though it possesses that, just as it is untenable that that which possesses a cow has the nature of a cow, even though it possesses a cow.🔽This is the second chapter, called “Examination of Difference.”
['BO_T04_D3859-2:307a-2']	'dir dngos po gzhan nyid dang ldan du zin kyang gzhan nyid du mi 'gyur te /	'dir dngos po gzhan nyid dang ldan du zin kyang gzhan nyid du mi 'gyur te /	307a	 Translation: Moreover, it is untenable that that which possesses difference has the nature of that, even though it possesses that, just as it is untenable that that which possesses a cow has the nature of a cow, even though it possesses a cow.
['BO_T04_D3859-2:307a-3']	de'i ngo bo nyid ma yin pa'i phyir ro zhes bya ba ni phyogs yin no //	de'i ngo bo nyid ma yin pa'i phyir ro zhes bya ba ni phyogs yin no //	307a	This is the second chapter, called “Examination of Difference.”
['BO_T04_D3859-2:307a-4']	dper na lhas byin pa lang gi ngo bo nyid ma yin pa ba lang dang ldan pa ni ba lang dang ldan du zin kyang ba lang nyid du 'gyur bar mi 'thad de /	dper na lhas byin pa lang gi ngo bo nyid ma yin pa ba lang dang ldan pa ni ba lang dang ldan du zin kyang ba lang nyid du 'gyur bar mi 'thad de /	307a	For example, Devadatta, who is not by nature an ox, is not tenable as an ox even though he is endowed with an ox,
['BO_T04_D3859-2:307a-5']	lhas byin ba lang gi ngo bo nyid ma yin pa'i phyir ro //	lhas byin ba lang gi ngo bo nyid ma yin pa'i phyir ro //	307a	because Devadatta is not by nature an ox.
['BO_T04_D3859-2:307a-6']	de bzhin du dngos po gzhan nyid kyi ngo bo nyid ma yin pa gzhan nyid dang ldan pa yang gzhan nyid dang ldan du zin kyang gzhan nyid du mi 'gyur te /	de bzhin du dngos po gzhan nyid kyi ngo bo nyid ma yin pa gzhan nyid dang ldan pa yang gzhan nyid dang ldan du zin kyang gzhan nyid du mi 'gyur te /	307a	In the same way, that which is not by nature another is not another even though it is endowed with another,
['BO_T04_D3859-2:307a-7']	dngos po gzhan nyid kyi ngo bo nyid ma yin pa'i phyir ro zhes bstan to //	dngos po gzhan nyid kyi ngo bo nyid ma yin pa'i phyir ro zhes bstan to //	307a	because that thing is not by nature another.
['BO_T04_D3859-2:307a-8']	gzhan dag gis smras pa /	gzhan dag gis smras pa /	307a	Others say:
['BO_T04_D3859-2:307a-9']	de dang ldan pas de'i bdag nyid du 'gyur ba ma yin mod kyi 'on kyang de'i blo dang sgra'i rgyu nyid yin no zhes bya ba ni bye brag pa dag na re dbu ma pas gzhan nyid dang ldan pa ni de dang ldan du zin kyang de'i ngo	de dang ldan pas de'i bdag nyid du 'gyur ba ma yin mod kyi 'on kyang de'i blo dang sgra'i rgyu nyid yin no zhes bya ba ni bye brag pa dag na re dbu ma pas gzhan nyid dang ldan pa ni de dang ldan du zin kyang de'i ngo	307a	Although it is not the case that it becomes that by possessing that, still it is the cause of the cognition and term of that.🔽The Vaiśeṣikas say: Although the Madhyamaka say that that which is endowed with another is not that by possessing another, still it is that by nature.
['BO_T04_D3859-2:307a-10']	bo nyid du 'gyur bar mi 'thad de zhes bshad pa de grub pa nyid sgrub pa yin te /	bo nyid du 'gyur bar mi 'thad de zhes bshad pa de grub pa nyid sgrub pa yin te /	307a	This is because it is not tenable that a thing becomes another through possessing another.
['BO_T04_D3859-2:307a-11', 'BO_T04_D3859-2:307a-12']	ci'i phyir zhe na /🔽kho bo cag kyang dngos po gzhan de dang ldan pas gzhan de'i bdag nyid du 'gyur bar mi 'dod de /	ci'i phyir zhe na / kho bo cag kyang dngos po gzhan de dang ldan pas gzhan de'i bdag nyid du 'gyur bar mi 'dod de /	307a	Why is that?
['BO_T04_D3859-2:307a-13']	de'i ngo bo nyid ma yin pa'i phyir ro //	de'i ngo bo nyid ma yin pa'i phyir ro //	307a	We also do not assert that a thing becomes another through possessing another, because it is not the essence of that.
['BO_T04_D3859-2:307a-14']	'on kyang dngos po gzhan nyid de dang ldan na gzhan de'i blo dang sgra'i rgyu nyid yin par 'dod do zhes zer ba'i tshig yin no //	'on kyang dngos po gzhan nyid de dang ldan na gzhan de'i blo dang sgra'i rgyu nyid yin par 'dod do zhes zer ba'i tshig yin no //	307a	However, we do say that if a thing possesses another, it is the cause of the cognition and term of that other.
['BO_T04_D3859-2:307a-15']	'di skad bstan te /	'di skad bstan te /	307a	This is what is being said.🔽If a thing does not have the essence of another, it does not become the essence of that other through possessing that other, because it is not the essence of that.
['BO_T04_D3859-2:307a-16']	dngos po gzhan nyid kyi ngo bo nyid ma yin pa de gzhan nyid ces bya ba de dang ldan pas gzhan nyid ces bya ba de'i bdag nyid du 'gyur ba ma yin gyi dngos po gzhan nyid kyi ngo bo nyid ma yin pa de gzhan nyid ces bya	dngos po gzhan nyid kyi ngo bo nyid ma yin pa de gzhan nyid ces bya ba de dang ldan pas gzhan nyid ces bya ba de'i bdag nyid du 'gyur ba ma yin gyi dngos po gzhan nyid kyi ngo bo nyid ma yin pa de gzhan nyid ces bya	307a	However, if a thing possesses another, it is the cause of the cognition and term of that other.
['BO_T04_D3859-2:307a-17']	ba de dang ldan na gzhan nyid ces bya ba de'i blo dang sgra'i rgyu nyid du 'gyur ro zhes bya ba'i tha tshig go zhes zer ro //	ba de dang ldan na gzhan nyid ces bya ba de'i blo dang sgra'i rgyu nyid du 'gyur ro zhes bya ba'i tha tshig go zhes zer ro //	307a	If it did, then the so-called other would be the cause of the cognition and term of the other.
['BO_T04_D3859-2:307a-18']	de skad ces zer ba de'i lan du 'dir 'grel pa byed pa nyid kyis /	de skad ces zer ba de'i lan du 'dir 'grel pa byed pa nyid kyis /	307a	In response to this, the author of the commentary says:
['BO_T04_D3859-2:307a-19', 'BO_T04_D3859-2:307a-20']	de ni dgag pa smras zin pa'i phyir lan du mi rung ngo zhes bya ba smras te /🔽de ni sngar yang don dam par gzhan nyid ni gzhan nyid kyi blo dang sgra skye ba'i rgyu nyid ma yin te /	de ni dgag pa smras zin pa'i phyir lan du mi rung ngo zhes bya ba smras te / de ni sngar yang don dam par gzhan nyid ni gzhan nyid kyi blo dang sgra skye ba'i rgyu nyid ma yin te /	307a	This is not a proper response because the refutation has already been stated.
['BO_T04_D3859-2:307a-21']	blo dang sgra khyad par can gyi rgyu yin pa'i phyir dper na gzugs nyid bzhin no zhes ba shad pas dgag pa smras zin pa'i phyir lan du mi rung ngo //	blo dang sgra khyad par can gyi rgyu yin pa'i phyir dper na gzugs nyid bzhin no zhes ba shad pas dgag pa smras zin pa'i phyir lan du mi rung ngo //	307a	This is because the refutation has already been stated previously: ultimately, otherness is not the cause of the cognition and term of otherness because it is the cause of the cognition and term of the specific, just as, for example, form itself is.🔽This is not a proper response because the refutation has already been stated.
['BO_T04_D3859-2:307a-22']	gal te gzhan nyid kyis gzhan 'di ni gzhan no zhes gsal bar byed pa'i phyir /	gal te gzhan nyid kyis gzhan 'di ni gzhan no zhes gsal bar byed pa'i phyir /	307a	If otherness makes this other clear,
['BO_T04_D3859-2:307b-0']	de'i ngo bo nyid kyang ma yin la de dang ldan pa don med pa nyid du yang mi 'gyur ro zhe na zhes bya ba ni bye brag pa dag gzhan nyid ces bya @307b ba'i tshig gi don dang ldan pas dngos po gzhan nyid kyi ngo bo nyid	de'i ngo bo nyid kyang ma yin la de dang ldan pa don med pa nyid du yang mi 'gyur ro zhe na zhes bya ba ni bye brag pa dag gzhan nyid ces bya @307b ba'i tshig gi don dang ldan pas dngos po gzhan nyid kyi ngo bo nyid	307b	But if it is not the entity of that, it would be meaningless to possess it.
['BO_T04_D3859-2:307b-1']	ma yin pa yang gzhan zhes bya ba'i blo dang sgra'i rgyu nyid du 'gyur bar 'dod pa dbu ma pas sun phyung ba de'i lan 'debs pa'i tshig yin te /	ma yin pa yang gzhan zhes bya ba'i blo dang sgra'i rgyu nyid du 'gyur bar 'dod pa dbu ma pas sun phyung ba de'i lan 'debs pa'i tshig yin te /	307b	This is a response to the objection by the Vaiśeṣikas that the word other has a meaning that is a property of another thing,🔽and that although it is not the entity of another thing, it is the cause of the cognition and word other.
['BO_T04_D3859-2:307b-2']	de dag na re dngos po gzhan yin yang 'di ni gzhan yin no zhes bya bar mi gsal ba gang yin pa de gzhan nyid ces bya ba'i tshig gi don dang ldan pa na /	de dag na re dngos po gzhan yin yang 'di ni gzhan yin no zhes bya bar mi gsal ba gang yin pa de gzhan nyid ces bya ba'i tshig gi don dang ldan pa na /	307b	They say that although it is another thing, that which is not clear as this is another is the meaning of the word other.
['BO_T04_D3859-2:307b-3', 'BO_T04_D3859-2:307b-4']	gzhan nyid ces bya ba'i tshig gi don des dngos po gzhan 'di ni gzhan yin no zhes gsal bar byed pa'i phyir dngos po ni gzhan nyid ces bya ba de'i ngo bo nyid kyang ma yin la gzhan nyid ces bya ba de dang ldan pa don med pa🔽nyid du yang mi 'gyur bas /	gzhan nyid ces bya ba'i tshig gi don des dngos po gzhan 'di ni gzhan yin no zhes gsal bar byed pa'i phyir dngos po ni gzhan nyid ces bya ba de'i ngo bo nyid kyang ma yin la gzhan nyid ces bya ba de dang ldan pa don med pa nyid du yang mi 'gyur bas /	307b	The meaning of the term “otherness” clarifies that this other thing is other. Therefore, it is not that a thing is the entity of otherness, nor is it that it is meaningless to possess otherness.
['BO_T04_D3859-2:307b-5']	khyed dbu ma pa dag gis dngos po gzhan yin pa gzhan nyid ces bya ba'i tshig gi don dang ldan par rtog na don med pa nyid du 'gyur ro zhes gang smras pa de mi rung ngo zhes zer ro //	khyed dbu ma pa dag gis dngos po gzhan yin pa gzhan nyid ces bya ba'i tshig gi don dang ldan par rtog na don med pa nyid du 'gyur ro zhes gang smras pa de mi rung ngo zhes zer ro //	307b	Therefore, it is meaningless to say that you Mādhyamikas conceive things to possess the meaning of the term “otherness” that is, to be other.
['BO_T04_D3859-2:307b-6']	de skad ces zer ba de'i lan du 'dir 'grel pa byed pa nyid kyis /	de skad ces zer ba de'i lan du 'dir 'grel pa byed pa nyid kyis /	307b	In response to such statements, the author of the commentary here says:
['BO_T04_D3859-2:307b-7']	de ni rigs pa ma yin te /	de ni rigs pa ma yin te /	307b	That is illogical.
['BO_T04_D3859-2:307b-8']	gsal bar byed mas gsal bar bya ba'i don gsal ba'i ngo bo nyid du gsal bar byed pa'i phyir gzhan nyid kyis gzhan nyid 'di ni gzhan yin no zhes gsal bar byed pas gzhan nyid kyis de gsal bar byed pa don med pa nyid du 'gyur ba'i phyir	gsal bar byed mas gsal bar bya ba'i don gsal ba'i ngo bo nyid du gsal bar byed pa'i phyir gzhan nyid kyis gzhan nyid 'di ni gzhan yin no zhes gsal bar byed pas gzhan nyid kyis de gsal bar byed pa don med pa nyid du 'gyur ba'i phyir	307b	Because the illuminator illuminates the object of illumination as having the essence of illumination, it is other.
['BO_T04_D3859-2:307b-9']	dang / gzhan nyid ma yin pas ni 'di gzhan yin no zhes gsal bar byar mi rung ba'i phyir ro zhes bya ba smras te /	dang / gzhan nyid ma yin pas ni 'di gzhan yin no zhes gsal bar byar mi rung ba'i phyir ro zhes bya ba smras te /	307b	But it is meaningless for the illuminator to illuminate that object by means of otherness, because it is not tenable to say that the illuminator illuminates that object by means of otherness.
['BO_T04_D3859-2:307b-10', 'BO_T04_D3859-2:307b-11']	dper na gsal bar byed pas mar me lta bus gsal bar bya ba bum pa lta bu yod pa'i don dbang po'i mngon sum la sogs par gsal ba'i ngo bo nyid du gsal bar byed pa'i phyir 'dir yang gsal bar byed pa mar me lta bu ni gzhan🔽nyid zhes bya ba'i tshig gi don yin la /	dper na gsal bar byed pas mar me lta bus gsal bar bya ba bum pa lta bu yod pa'i don dbang po'i mngon sum la sogs par gsal ba'i ngo bo nyid du gsal bar byed pa'i phyir 'dir yang gsal bar byed pa mar me lta bu ni gzhan🔽nyid zhes bya ba'i tshig gi don yin la /	307b	For example, the illuminator, such as a lamp, illuminates the object of illumination, such as a pot, as having the essence of illumination that is directly perceived by the sense faculties.🔽Here the illuminator, such as a lamp, is other.
['BO_T04_D3859-2:307b-12']	gsal par byed pa bum pa lta bu ni dngos po gzhan zhes bya ba yin pas gsal bar byed pa gzhan nyid kyis gsal bar bya ba dngos po gzhan 'di ni gzhan yin no zhes blo dang sgra'i sbyong yul nyid du gsal bar byed pas /	gsal par byed pa bum pa lta bu ni dngos po gzhan zhes bya ba yin pas gsal bar byed pa gzhan nyid kyis gsal bar bya ba dngos po gzhan 'di ni gzhan yin no zhes blo dang sgra'i sbyong yul nyid du gsal bar byed pas /	307b	A vase, for example, is a thing that is made manifest. Since it is called “another thing,” it is made manifest by another thing that is different from it.🔽Thus, since it is made manifest as the object of the activity of the mind and words, the statement “This other thing is different because of being different from that” is meaningless.
['BO_T04_D3859-2:307b-13']	de lta na gzhan nyid ces bya ba'i tshig gi don des dngos po gzhan ni gzhan yin no zhes gsal bar byed pa ni don med pa nyid du 'gyur ba'i phyir dang / gzhan nyid ma yin pas ni dngos po 'di gzhan yin no zhes gsal bar bya bar mi rung ba'i phyir bye brag pa'i tshig de ni rigs pa ma yin no /	de lta na gzhan nyid ces bya ba'i tshig gi don des dngos po gzhan ni gzhan yin no zhes gsal bar byed pa ni don med pa nyid du 'gyur ba'i phyir dang / gzhan nyid ma yin pas ni dngos po 'di gzhan yin no zhes gsal bar bya bar mi rung ba'i phyir bye brag pa'i tshig de ni rigs pa ma yin no /	307b	And since it is not different, it is not suitable to state, “This thing is different because of being different.” Therefore the statement of the Vaiśeṣika is illogical.
['BO_T04_D3859-2:307b-14', 'BO_T04_D3859-2:308a-0']	'di skad bstan te /🔽gzhan nyid kyis gsal bar bya ba'i dngos po gzhan de @308a * //	'di skad bstan te / gzhan nyid kyis gsal bar bya ba'i dngos po gzhan de @308a * //	307b	This is taught by the following:🔽That other thing that is made manifest by difference
['BO_T04_D3859-2:308a-1']	gzhan nyid du gsal ba zhig gzhan nyid kyis gsal bar byed dam /	gzhan nyid du gsal ba zhig gzhan nyid kyis gsal bar byed dam /	308a	is it made manifest by difference as different?
['BO_T04_D3859-2:308a-2']	'on te gzhan nyid du mi gsal ba zhig gzhan nyid kyis gsal bar byed grang na /	'on te gzhan nyid du mi gsal ba zhig gzhan nyid kyis gsal bar byed grang na /	308a	But if it is not manifest as different, then it is manifested as different by another difference.
['BO_T04_D3859-2:308a-3']	brtag pa snga ma ni don med pa nyid du 'gyur la brtag pa phyi ni dgag pa mi mthun pa nyid du 'gyur ro //	brtag pa snga ma ni don med pa nyid du 'gyur la brtag pa phyi ni dgag pa mi mthun pa nyid du 'gyur ro //	308a	In the former case, the difference would be pointless, and in the latter case, the refutation would be inconsistent.🔽In the same way, the meaning of the term “difference” that manifests another thing is either manifested as different or it is manifested as not different.
['BO_T04_D3859-2:308a-4']	de bzhin du dngos po gzhan gsal bar byed pa'i tshig gi don gzhan nyid ces bya ba de yang gzhan nyid du gsal ba zhig gis dngos po gzhan gsal bar byed dam /	de bzhin du dngos po gzhan gsal bar byed pa'i tshig gi don gzhan nyid ces bya ba de yang gzhan nyid du gsal ba zhig gis dngos po gzhan gsal bar byed dam /	308a	If it is manifested as different, then it manifests another thing as different by another difference.🔽But in the former case, the manifestation would be pointless, and in the latter case, the refutation would be inconsistent.
['BO_T04_D3859-2:308a-5']	'on te gzhan nyid du mi gsal ba zhig gis dngos po gzhan gsal bar byed grang na /	'on te gzhan nyid du mi gsal ba zhig gis dngos po gzhan gsal bar byed grang na /	308a	But if it is manifested as not different, then it manifests another thing as not different by another difference.
['BO_T04_D3859-2:308a-6']	de la yang brtag pa snga ma la ni gsal bar byed pa bdag nyid dang gang dag la de yod pa na mi gsal ba med pas gsal bar bya mi dgos pa'i phyir dang / brtag pa phyi ma la ni bdag nyid mi gsal bas gzhan gsal bar byed mi nus pa'i phyir bye brag pa dag gi tshig de rigs pa ma yin no //	de la yang brtag pa snga ma la ni gsal bar byed pa bdag nyid dang gang dag la de yod pa na mi gsal ba med pas gsal bar bya mi dgos pa'i phyir dang / brtag pa phyi ma la ni bdag nyid mi gsal bas gzhan gsal bar byed mi nus pa'i phyir bye brag pa dag gi tshig de rigs pa ma yin no //	308a	But in the former case, the manifestation would be pointless, and in the latter case, it would be impossible for that which is not manifest by itself to manifest another thing, because it would not be manifest. Therefore the Vaiśeṣika statement is illogical.
['BO_T04_D3859-2:308a-7', 'BO_T04_D3859-2:308a-8']	'di ni phyogs tsam zhig bstan pa yin te zhes bya ba ni bye brag pa dag gis brtags pa'i gzhan nyid mi 'thad pas /🔽phrad pa med par bsgrubs pa ci skad smos pa 'di ni phyogs tsam zhig bstan pa yin te /	'di ni phyogs tsam zhig bstan pa yin te zhes bya ba ni bye brag pa dag gis brtags pa'i gzhan nyid mi 'thad pas / phrad pa med par bsgrubs pa ci skad smos pa 'di ni phyogs tsam zhig bstan pa yin te /	308a	This is just a brief indication is a response to the assertion that because the otherness imputed by the Vaiśeṣikas is untenable,🔽the refutation of contact is established.🔽This is just a brief indication of the refutation of the remaining topics asserted by the Vaiśeṣikas.
['BO_T04_D3859-2:308a-9']	phyogs 'dis bye brag pa dag 'dod pa'i tshig gi don lhag ma rnams kyang de bzhin du dgag pa ston to //	phyogs 'dis bye brag pa dag 'dod pa'i tshig gi don lhag ma rnams kyang de bzhin du dgag pa ston to //	308a	By this approach, the remaining refutations are taught.
['BO_T04_D3859-2:308a-10']	phyogs 'dis dgag pa lhag ma dag gang zhe na /	phyogs 'dis dgag pa lhag ma dag gang zhe na /	308a	What are the remaining refutations by this approach?
['BO_T04_D3859-2:308a-11']	de'i phyir 'dis spyi dang khyad par dang yod pa nyid dang tshad ma la sogs pa dag kyang dgag par bya'o zhes bya ba smras te /	de'i phyir 'dis spyi dang khyad par dang yod pa nyid dang tshad ma la sogs pa dag kyang dgag par bya'o zhes bya ba smras te /	308a	Therefore it is said that by this approach, universals, instances, existence, valid knowledge, and so on should be refuted.
['BO_T04_D3859-2:308a-12']	bye brag pa'i gzhung las dngos po gang la spyi dang khyad par yod pa de ni spyi dang khyad par dang ldan pa yin par 'dod de /	bye brag pa'i gzhung las dngos po gang la spyi dang khyad par yod pa de ni spyi dang khyad par dang ldan pa yin par 'dod de /	308a	In the Vaiśeṣika texts, any thing that has a universal and an instance is asserted to possess a universal and an instance.
['BO_T04_D3859-2:308a-13']	dper na ba lang zhes bya ba ni spyi yin la ba lang la gzhan las khyad par du gyur pa ni khyad par yin te /	dper na ba lang zhes bya ba ni spyi yin la ba lang la gzhan las khyad par du gyur pa ni khyad par yin te /	308a	For example, “ox” is a universal, and that which is distinguished from others is a particular.
['BO_T04_D3859-2:308a-14']	de la yang ba lang gi dngos po nyid ni spyi yang ma yin khyad par yang ma yin mod kyi /	de la yang ba lang gi dngos po nyid ni spyi yang ma yin khyad par yang ma yin mod kyi /	308a	Moreover, the state of being an ox is neither a universal nor a particular.
['BO_T04_D3859-2:308a-15']	spyi dang khyad par zhes bya ba'i tshig gi don dang ldan pas ba lang gi dngos po nyid la yang spyi dang khyad par yod par brjod do zhes zer te /	spyi dang khyad par zhes bya ba'i tshig gi don dang ldan pas ba lang gi dngos po nyid la yang spyi dang khyad par yod par brjod do zhes zer te /	308a	However, since it possesses the meaning of the words “universal” and “particular,” the state of being an ox is said to possess a universal and a particular.
['BO_T04_D3859-2:308a-16']	de dgag pa yang spyi dang / khyad par dang ldan pas spyi dang khyad par nyid du 'dod na spyi dang khyad par med pa yang rang las spyi dang khyad par nyid du 'gyur te /	de dgag pa yang spyi dang / khyad par dang ldan pas spyi dang khyad par nyid du 'dod na spyi dang khyad par med pa yang rang las spyi dang khyad par nyid du 'gyur te /	308a	If you assert that a universal and a particular exist because they possess a universal and a particular, then even that which is not a universal and a particular would be a universal and a particular because of itself,
['BO_T04_D3859-2:308a-17']	de'i bdag nyid yin pa'i phyir dper na me grang ba la sogs pa la ma ltos par yang rang gi bdag nyid kyis tsha ba nyid du 'gyur ba bzhin no //	de'i bdag nyid yin pa'i phyir dper na me grang ba la sogs pa la ma ltos par yang rang gi bdag nyid kyis tsha ba nyid du 'gyur ba bzhin no //	308a	because it would be its own nature, just as, for example, fire would be hot by its own nature even without depending on cold things and so on.
['BO_T04_D3859-2:308b-0']	spyi dang khyad par med pa @308b dngos po gzhan la mi ltos pa'i chos can la spyi dang khyad par nyid du rtog na yang rtog pa tsam du zad de /	spyi dang khyad par med pa @308b dngos po gzhan la mi ltos pa'i chos can la spyi dang khyad par nyid du rtog na yang rtog pa tsam du zad de /	308b	If you imagine that a thing which is neither a universal nor a particular has the nature of a universal or particular, that is just imagination,
['BO_T04_D3859-2:308b-1']	dngos po gzhan la ltos pa nyid spyi dang khyad par nyid kyi blo'i rgyu ma yin la spyi dang khyad par nyid ni blo de'i rgyu yin pa'i phyir ro //	dngos po gzhan la ltos pa nyid spyi dang khyad par nyid kyi blo'i rgyu ma yin la spyi dang khyad par nyid ni blo de'i rgyu yin pa'i phyir ro //	308b	because dependence on another thing is not the cause of the cognition of universal and particular, but the universal and particular are the cause of that cognition.
['BO_T04_D3859-2:308b-2']	spyi dang khyad par ram spyi dang khyad pa ma yin pa nyid spyi dang khyad par nyid dang ldan par rtog na yang don med pa nyid dang dgag pa mi mthun pa nyid du 'gyur ro //	spyi dang khyad par ram spyi dang khyad pa ma yin pa nyid spyi dang khyad par nyid dang ldan par rtog na yang don med pa nyid dang dgag pa mi mthun pa nyid du 'gyur ro //	308b	If you imagine that a universal or particular or that which is neither a universal nor a particular has the nature of a universal or particular, then it would be meaningless and contradictory.
['BO_T04_D3859-2:308b-3']	dngos po brjod par bya ba ma yin pa dus phyis spyi dang khyad par nyid dang ldan par rtog na yang /	dngos po brjod par bya ba ma yin pa dus phyis spyi dang khyad par nyid dang ldan par rtog na yang /	308b	If you imagine that a thing which is inexpressible at an earlier time later has the nature of a universal or particular,
['BO_T04_D3859-2:308b-4']	dngos po ni spyi dang khyad par nyid dang ldan pa ma yin te /	dngos po ni spyi dang khyad par nyid dang ldan pa ma yin te /	308b	then a thing does not have the nature of a universal or particular.
['BO_T04_D3859-2:308b-5']	dngos po yin pa'i phyir dper na brjod par bya ba ma yin pa de nyid kyi skad cig ma bzhin pas /	dngos po yin pa'i phyir dper na brjod par bya ba ma yin pa de nyid kyi skad cig ma bzhin pas /	308b	Because it is a thing, like the inexpressible itself, which is a moment.
['BO_T04_D3859-2:308b-6', 'BO_T04_D3859-2:308b-7', 'BO_T04_D3859-2:308b-8']	rang gi rjes su dpag pa la gnod do zhes bya ba la sogs pa sngar ji skad bstan pa'i lugs bzhin du ci rigs par dgag par bya'o //🔽de bzhin du yod pa nyid ces bya ba yang rdzas dang yon tan la sogs pa dngos po rnams ni yod pa zhes mi bya mod kyi /🔽yod pa nyid ces bya ba'i tshig gi don dang ldan pas rdzas dang yon tan dang las la sogs pa'i dngos po dag la yod pa nyid kyi blo skye bas de'i phyir yod pa nyid dang ldan pas /	rang gi rjes su dpag pa la gnod do zhes bya ba la sogs pa sngar ji skad bstan pa'i lugs bzhin du ci rigs par dgag par bya'o // de bzhin du yod pa nyid ces bya ba yang rdzas dang yon tan la sogs pa dngos po rnams ni yod pa zhes mi bya mod kyi / yod pa nyid ces bya ba'i tshig gi don dang ldan pas rdzas dang yon tan dang las la sogs pa'i dngos po dag la yod pa nyid kyi blo skye bas de'i phyir yod pa nyid dang ldan pas /	308b	Thus, as previously explained, one should refute the opponent’s position in accordance with the system of reasoning that is appropriate.🔽Likewise, the term existence does not refer to things such as substance and quality.
['BO_T04_D3859-2:308b-9']	rdzas dang yon tan dang las la sogs pa'i dngos po rnams kyang yod pa nyid ces bya bar 'dod la /	rdzas dang yon tan dang las la sogs pa'i dngos po rnams kyang yod pa nyid ces bya bar 'dod la /	308b	However, because the term existence is meaningful, the cognition of existence arises in relation to things such as substance, quality, and action. Therefore, because they possess existence, things such as substance, quality, and action are asserted to be existent.
['BO_T04_D3859-2:308b-10']	tshad ces bya ba yang dngos po'i ngo bo nyid la ni ring thung la sogs pa'i tshad yod pa ma yin mod kyi /	tshad ces bya ba yang dngos po'i ngo bo nyid la ni ring thung la sogs pa'i tshad yod pa ma yin mod kyi /	308b	Also, with respect to the entity itself, there is no length or shortness, etc.
['BO_T04_D3859-2:308b-11']	tshad ces bya ba'i tshig gi don dang ldan pas dngos po rnams la ni ring thung la sogs pa'i blo skye bas de'i phyir tshad dang ldan pas dngos po rnams la ring thung la sogs pa'i blo skye bar 'dod ces grag go //	tshad ces bya ba'i tshig gi don dang ldan pas dngos po rnams la ni ring thung la sogs pa'i blo skye bas de'i phyir tshad dang ldan pas dngos po rnams la ring thung la sogs pa'i blo skye bar 'dod ces grag go //	308b	However, since it possesses the meaning of the term “length,” etc., the cognition of length, shortness, etc., arises with respect to things. Therefore, it is well known that the cognition of length, shortness, etc., arises with respect to things because they possess length, etc.
['BO_T04_D3859-2:308b-12']	de dgag pa yang yod pa nyid dang tshad dang ldan pas yod pa nyid dang tshad nyid du 'dod na /	de dgag pa yang yod pa nyid dang tshad dang ldan pas yod pa nyid dang tshad nyid du 'dod na /	308b	If you assert that they exist because they possess existence and they possess length, etc.,
['BO_T04_D3859-2:308b-13']	yod pa nyid dang tshad med pa yang rang las yod pa nyid dang tshad nyid du 'gyur te /	yod pa nyid dang tshad med pa yang rang las yod pa nyid dang tshad nyid du 'gyur te /	308b	then existence and length, etc., would exist without a basis, because they would exist by way of their own nature.
['BO_T04_D3859-2:308b-14']	de'i bdag nyid yin pa'i phyir dper na me grang ba la sogs pa la ma ltos par yang rang gi bdag nyid kyis tsha ba nyid du 'gyur ba bzhin no //	de'i bdag nyid yin pa'i phyir dper na me grang ba la sogs pa la ma ltos par yang rang gi bdag nyid kyis tsha ba nyid du 'gyur ba bzhin no //	308b	For example, like heat, without depending on cold, etc., would exist as heat by way of its own nature.
['BO_T04_D3859-2:308b-15']	yod pa nyid dang tshad med pa dngos po gzhan la mi ltos pa'i chos can la yod pa nyid dang tshad nyid du rtog na yang rtog pa tsam du zad de /	yod pa nyid dang tshad med pa dngos po gzhan la mi ltos pa'i chos can la yod pa nyid dang tshad nyid du rtog na yang rtog pa tsam du zad de /	308b	If you imagine that existence and measure exist in a phenomenon that does not depend on other things, that is just imagination.
['BO_T04_D3859-2:308b-16']	dngos po gzhan la ltos pa nyid dang tshad nyid kyi blo'i rgyu ma yin la yod pa nyid dang tshad nyid ni blo de'i rgyu yin pa'i phyir ro //	dngos po gzhan la ltos pa nyid dang tshad nyid kyi blo'i rgyu ma yin la yod pa nyid dang tshad nyid ni blo de'i rgyu yin pa'i phyir ro //	308b	Because dependence on other things and measure are not the cause of the cognition of existence and measure, but existence and measure are the cause of that cognition.
['BO_T04_D3859-2:309a-0', 'BO_T04_D3859-2:309a-1']	yod pa nyid dang tshad dam yod pa nyid dang tshad med pa nyid yod pa @309a * //🔽nyid tshad nyid dang ldan par rtog na yang don med pa nyid dang / dgag pa mi mthun pa nyid du 'gyur ro /	yod pa nyid dang tshad dam yod pa nyid dang tshad med pa nyid yod pa @309a * // nyid tshad nyid dang ldan par rtog na yang don med pa nyid dang / dgag pa mi mthun pa nyid du 'gyur ro /	309a	If you imagine that existence and measure exist in existence and measure,🔽that is meaningless and contradictory.
['BO_T04_D3859-2:309a-2']	dngos po brjod par bya ba ma yin pa dus phyis yod pa nyid dang tshad nyid dang ldan par rtog na yang dngos po ni yod pa nyid dang tshad dang ldan pa ma yin te /	dngos po brjod par bya ba ma yin pa dus phyis yod pa nyid dang tshad nyid dang ldan par rtog na yang dngos po ni yod pa nyid dang tshad dang ldan pa ma yin te /	309a	If you imagine that an inexpressible thing later has existence and measure, that thing does not have existence and measure.
['BO_T04_D3859-2:309a-3']	dngos po yin pa'i phyir dper na brjod par bya ba ma yin pa de nyid kyi skad cig ma bzhin pas rang gi rjes su dpag pa la gnod do zhes bya ba la sogs pa sngar ji skad bstan pa'i lugs bzhin du ci rigs par dgag par bya'o	dngos po yin pa'i phyir dper na brjod par bya ba ma yin pa de nyid kyi skad cig ma bzhin pas rang gi rjes su dpag pa la gnod do zhes bya ba la sogs pa sngar ji skad bstan pa'i lugs bzhin du ci rigs par dgag par bya'o	309a	Thus, as previously explained, one should refute the opponent’s position in accordance with the system of the Madhyamaka.
['BO_T04_D3859-2:309a-4']	/ sogs pa'i sgras bsdus pa bye brag pa'i tshig gi don drug po dag gi yan lag gzhan dag dgag pa'i rim pa yang de bzhin du ci rigs par sbyar te brjod par bya'o /	/ sogs pa'i sgras bsdus pa bye brag pa'i tshig gi don drug po dag gi yan lag gzhan dag dgag pa'i rim pa yang de bzhin du ci rigs par sbyar te brjod par bya'o /	309a	The words “and so on” in the root verse include the other parts of the six categories of the Vaiśeṣikas.
['BO_T04_D3859-2:309a-5']	de'i phyir de ltar gzhan nyid mi 'thad pas gtan tshigs ji skad smos pa ma grub pa med do zhes bya ba ni skabs kyi mjug bsdu ba yin te /	de'i phyir de ltar gzhan nyid mi 'thad pas gtan tshigs ji skad smos pa ma grub pa med do zhes bya ba ni skabs kyi mjug bsdu ba yin te /	309a	The phrase “Therefore, since difference is not tenable” concludes the section.
['BO_T04_D3859-2:309a-6']	de ltar bye brag pa dag gi gzhan nyid ces bya ba la sogs pa'i tshig gi don mi 'thad pas dbu ma pa'i gtan tshigs brjod pa khyad par can sten pa nyid la ltos pa dang bcas pa nyid yin pa'i phyir zhes bya ba'i gtan tshigs kyi don	de ltar bye brag pa dag gi gzhan nyid ces bya ba la sogs pa'i tshig gi don mi 'thad pas dbu ma pa'i gtan tshigs brjod pa khyad par can sten pa nyid la ltos pa dang bcas pa nyid yin pa'i phyir zhes bya ba'i gtan tshigs kyi don	309a	Thus, since the meaning of the words “otherness” and so on of the Vaiśeṣika is untenable, the meaning of the reason “because it is dependent on the Madhyamaka’s special statement of a reason” is established.
['BO_T04_D3859-2:309a-7']	grub po // gzhan dag gis smras pa /	grub po // gzhan dag gis smras pa /	309a	Others say:
['BO_T04_D3859-2:309a-8']	gzhan nyid kyi mtha' dang gzhan ma yin pa nyid kyi mtha' gnyis te /	gzhan nyid kyi mtha' dang gzhan ma yin pa nyid kyi mtha' gnyis te /	309a	There are two extremes: the extreme of otherness and the extreme of nonotherness.🔽If you refute the extreme of otherness, saying, “The extreme of otherness does not exist,” then by accepting the extreme of nonotherness, you would be harmed by the extreme of nihilism.
['BO_T04_D3859-2:309a-9']	de la gal te khyed kyis gzhan nyid kyi mtha' med do zhes de dgag pa yin pas gzhan ma yin pa nyid kyi mtha' yongs su gzung ba byas pa des na mdzad pa'i mtha' la gnod par 'gyur ro zhes bya ba ni pha rol po dag rigs pa	de la gal te khyed kyis gzhan nyid kyi mtha' med do zhes de dgag pa yin pas gzhan ma yin pa nyid kyi mtha' yongs su gzung ba byas pa des na mdzad pa'i mtha' la gnod par 'gyur ro zhes bya ba ni pha rol po dag rigs pa	309a	This is the opponent’s🔽reasoning.
['BO_T04_D3859-2:309a-10']	can gyi sgyu thabs kyis dbu ma pas gzhan nyid kyi mtha' bkag pas gzhan ma yin pa nyid kyi mtha' bzung bas mtha' gnyis spang ba'i tshul la gnod par 'gyur ro zhes zer ba yin no //	can gyi sgyu thabs kyis dbu ma pas gzhan nyid kyi mtha' bkag pas gzhan ma yin pa nyid kyi mtha' bzung bas mtha' gnyis spang ba'i tshul la gnod par 'gyur ro zhes zer ba yin no //	309a	The opponent says that the Centrist’s refutation of the extreme of difference through the method of “not being different” implies the extreme of non-difference. Thus, the Centrist’s method of avoiding the two extremes is undermined.
['BO_T04_D3859-2:309a-11']	de skad ces zer ba de'i lan du 'grel pa byed pa nyid kyis 'dir bshad pa /	de skad ces zer ba de'i lan du 'grel pa byed pa nyid kyis 'dir bshad pa /	309a	In response to this, the commentator explains:
['BO_T04_D3859-2:309a-12']	ci skad bstan pa'i tshul gyis re zhig gzhan nyid med do zhes bya ba de bstan zin pas /	ci skad bstan pa'i tshul gyis re zhig gzhan nyid med do zhes bya ba de bstan zin pas /	309a	“As taught, the statement ‘difference does not exist’ has already been made.
['BO_T04_D3859-2:309a-13']	gzhan nyid yod pa ma yin na /	gzhan nyid yod pa ma yin na /	309a	If difference does not exist,
['BO_T04_D3859-2:309a-14']	gzhan nam de nyid yod ma yin //	gzhan nam de nyid yod ma yin //	309a	neither difference nor identity exist.”
['BO_T04_D3859-2:309a-15']	gzhan la ltos pas sam de bkag pas gzhan ma yin pa nyid grub pas tha snyad pa yin pa'i phyir dang / gzhan nyid ma grub pas gzhan ma yin pa nyid kyang med pa'i phyir ro zhes bya bar dgongs so zhes bya ba smras te /	gzhan la ltos pas sam de bkag pas gzhan ma yin pa nyid grub pas tha snyad pa yin pa'i phyir dang / gzhan nyid ma grub pas gzhan ma yin pa nyid kyang med pa'i phyir ro zhes bya bar dgongs so zhes bya ba smras te /	309a	Since difference is dependent on another and since non-difference is established by the negation of difference, it is a convention. And since difference is not established, non-difference does not exist either. This is the intended meaning.
['BO_T04_D3859-2:309b-0']	kho bos med par dgag pa'i tshul gyis gzhan @309b nyid bkag pas ma yin par bkag pa'i tshul du gzhan ma yin pa nyid yongs su ma bzung ba'i phyir gzhan nyid yod pa ma yin na gzhan nam gzhan ma yin pa de nyid kyang yod pa ma yin	kho bos med par dgag pa'i tshul gyis gzhan @309b nyid bkag pas ma yin par bkag pa'i tshul du gzhan ma yin pa nyid yongs su ma bzung ba'i phyir gzhan nyid yod pa ma yin na gzhan nam gzhan ma yin pa de nyid kyang yod pa ma yin	309b	Since we refute otherness by the mode of nonaffirming negation, we do not accept nonotherness by the mode of affirming negation. Since otherness does not exist, neither otherness nor nonotherness exist.
['BO_T04_D3859-2:309b-1']	no // ci ltar zhe na /	no // ci ltar zhe na /	309b	How so?
['BO_T04_D3859-2:309b-2']	gzhan la ltos pas sam gzhan de bkag pas gzhan ma yin pa nyid tha snyad du grub pas /	gzhan la ltos pas sam gzhan de bkag pas gzhan ma yin pa nyid tha snyad du grub pas /	309b	Since nonotherness is established in dependence on otherness, and since nonotherness is established by refuting otherness,
['BO_T04_D3859-2:309b-3']	de ni dper na ring po la ltos nas thung ngur gdags pa tha snyad pa yin pa bzhin du tha snyad pa yin pa'i phyir don dam par yod pa ma yin pa dang / gzhan nyid ma grub pas gzhan ma yin pa nyid kyang med pa'i phyir dper na bram ze ma grub pas bram ze las gzhan pa nyid kyang ma grub pa bzhin no zhes bya bar dgongs so //	de ni dper na ring po la ltos nas thung ngur gdags pa tha snyad pa yin pa bzhin du tha snyad pa yin pa'i phyir don dam par yod pa ma yin pa dang / gzhan nyid ma grub pas gzhan ma yin pa nyid kyang med pa'i phyir dper na bram ze ma grub pas bram ze las gzhan pa nyid kyang ma grub pa bzhin no zhes bya bar dgongs so //	309b	it is like the conventional imputation of short in dependence on long. Since it is conventional, it does not exist ultimately, and since otherness is not established, nonotherness also does not exist. For example, since a brahmin is not established, that which is other than a brahmin is not established.
['BO_T04_D3859-2:309b-4']	ci ltar de dgag ce na zhes bya ba ni pha rol po dag gzhan ma yin pa nyid ci ltar dgag ces dri ba'i tshig yin no //	ci ltar de dgag ce na zhes bya ba ni pha rol po dag gzhan ma yin pa nyid ci ltar dgag ces dri ba'i tshig yin no //	309b	“How could that be refuted?” is a question asking, “How could you refute that the seer is not different from the seen?”
['BO_T04_D3859-2:309b-5']	de'i lan du don dam par lta ba po ni blta bar bya ba dang gzhan ma yin pa nyid ma yin te /	de'i lan du don dam par lta ba po ni blta bar bya ba dang gzhan ma yin pa nyid ma yin te /	309b	In response to that, it is said: Ultimately, the seer is not not different from the seen,
['BO_T04_D3859-2:309b-6']	brjod pa khyad par can sten pa nyid la ltos pa dang bcas pa nyid yin pa'i phyir dper na blta bar bya ba'i rang gi bdag nyid bzhin no zhes bya ba smras te /	brjod pa khyad par can sten pa nyid la ltos pa dang bcas pa nyid yin pa'i phyir dper na blta bar bya ba'i rang gi bdag nyid bzhin no zhes bya ba smras te /	309b	because it is dependent on the special use of the term, like the seen itself.
['BO_T04_D3859-2:309b-7']	de dag ni chos can dang / bsgrub par bya ba chos dang / sgrub pa'i chos dang / dpe yin par go rims bzhin du sbyar te /	de dag ni chos can dang / bsgrub par bya ba chos dang / sgrub pa'i chos dang / dpe yin par go rims bzhin du sbyar te /	309b	The subject, the predicate of the probandum, the reason, and the example should be applied in order.
['BO_T04_D3859-2:309b-8']	dper na blta bar bya ba ni brjod pa khyad par can sten pa nyid la ltos pa dang bcas pa nyid yin pa'i phyir rang gi bdag nyid dang gzhan ma yin pa nyid ma yin pa de bzhin du lta ba po yang brjod pa khyad par can sten	dper na blta bar bya ba ni brjod pa khyad par can sten pa nyid la ltos pa dang bcas pa nyid yin pa'i phyir rang gi bdag nyid dang gzhan ma yin pa nyid ma yin pa de bzhin du lta ba po yang brjod pa khyad par can sten	309b	For example, just as the seen is not not different from itself because it is dependent on the special use of the term, in the same way, the seer is not not different from the seen because it is dependent on the special use of the term.
['BO_T04_D3859-2:309b-9', 'BO_T04_D3859-2:309b-10']	pa nyid la ltos pa dang bcas pa nyid yin pa'i phyir blta bar bya ba dang gzhan ma yin pa nyid ma yin no //🔽de bzhin du yod pa nyid dang / rgyu nyid dang / 'bras bu nyid dang / lan 'ga' shes pa log pa'am /	pa nyid la ltos pa dang bcas pa nyid yin pa'i phyir blta bar bya ba dang gzhan ma yin pa nyid ma yin no // de bzhin du yod pa nyid dang / rgyu nyid dang / 'bras bu nyid dang / lan 'ga' shes pa log pa'am /	309b	because it is dependent on the very nature of the object, it is not non-different from the object.🔽In the same way, one should state the inference in detail by means of the reasons: “because of the difference of existence, cause, effect, and the object of the cognition that is sometimes erroneous or doubtful,🔽and because of the difference of conditions.”
['BO_T04_D3859-2:309b-11']	the tshom can gyi yul nyid dang / rkyen gyi dbye bas tha dad pa nyid kyi phyir ro zhes bya ba la sogs pa'i gtan tshigs dag gis kyang rjes su dpag pa rgyas par bstan par bya'o zhes bya bas ni dam bcas pa dang / dpe snga ma'i gtan tshigs ni 'di dag kyang yin par sbyar ro //	the tshom can gyi yul nyid dang / rkyen gyi dbye bas tha dad pa nyid kyi phyir ro zhes bya ba la sogs pa'i gtan tshigs dag gis kyang rjes su dpag pa rgyas par bstan par bya'o zhes bya bas ni dam bcas pa dang / dpe snga ma'i gtan tshigs ni 'di dag kyang yin par sbyar ro //	309b	The former example and the reason are also to be applied to this.
['BO_T04_D3859-2:309b-12']	de'i phyi de ltar gzhan ma yin pa nyid kyang bkag pa'i phyir mdzad pa'i mtha' la gnod par mi 'gyur ro zhes bya ba ni rjes su dpag pa de nyid kyi mjug bsdu ba yin no //	de'i phyi de ltar gzhan ma yin pa nyid kyang bkag pa'i phyir mdzad pa'i mtha' la gnod par mi 'gyur ro zhes bya ba ni rjes su dpag pa de nyid kyi mjug bsdu ba yin no //	309b	Thus, because non-difference is also refuted, the conclusion is not contradicted. This is the conclusion of that very inference.
['BO_T04_D3859-2:309b-13']	gang gi phyir de ltar gcig pa nyid la sogs pa dag ma grub pa de'i phyir /	gang gi phyir de ltar gcig pa nyid la sogs pa dag ma grub pa de'i phyir /	309b	Because singularity and so on are not established in that way,
['BO_T04_D3859-2:309b-14']	de ni de dang phrad pa med //	de ni de dang phrad pa med //	309b	Therefore it does not contact itself.
['BO_T04_D3859-2:309b-15']	gzhan yang gzhan dang phrad mi 'gyur /	gzhan yang gzhan dang phrad mi 'gyur /	309b	Nor does it contact another.
['BO_T04_D3859-2:310a-0', 'BO_T04_D3859-2:310a-1']	@310a * // zhes rab tu byed pa bstan pa'i nang nas 'byung ba'i dbang gis mjug bsdu'o zhes bya ba ni spyi'i mjug bsdu ba dang tshad ma'i 'bras bu yin no //🔽da ni rtog ge ba kha cig da ltar phrad bzhin pa dang / sngar phrad zin pa dang / phrad pa po yod pa'i sgo nas phrad pa yod par bsgrub pa dgag par bya ste /	@310a * // zhes rab tu byed pa bstan pa'i nang nas 'byung ba'i dbang gis mjug bsdu'o zhes bya ba ni spyi'i mjug bsdu ba dang tshad ma'i 'bras bu yin no // da ni rtog ge ba kha cig da ltar phrad bzhin pa dang / sngar phrad zin pa dang / phrad pa po yod pa'i sgo nas phrad pa yod par bsgrub pa dgag par bya ste /	310a	This is the general conclusion and the result of valid knowledge.🔽Now, in order to refute the assertion that contact exists because that which is in the process of contact, that which has already contacted, and the contactor exist,
['BO_T04_D3859-2:310a-2']	de la re zhig de dag gi phyogs snga ma bstan pa'i phyir gang la la 'di skad ces 'dod chags dang chags pa dag phrad pa yod pa nyid de phrad bzhin pa yod pa'i phyir dper na 'o ma dang chu dag bzhin no zhes bya ba smras te	de la re zhig de dag gi phyogs snga ma bstan pa'i phyir gang la la 'di skad ces 'dod chags dang chags pa dag phrad pa yod pa nyid de phrad bzhin pa yod pa'i phyir dper na 'o ma dang chu dag bzhin no zhes bya ba smras te	310a	First, in order to demonstrate their position, some say: Attachment and one who is attached exist in contact because that which is in the process of contact exists, for example, like milk and water.
['BO_T04_D3859-2:310a-3']	/ de dag ni chos can dang / bsgrub par bya ba chos dang / sgrub pa'i chos dang / dpe yin par go rims bzhin du sbyar te /	/ de dag ni chos can dang / bsgrub par bya ba chos dang / sgrub pa'i chos dang / dpe yin par go rims bzhin du sbyar te /	310a	They are, respectively, the subject, the predicate of the probandum, the reason, and the example.
['BO_T04_D3859-2:310a-4']	dper na 'o ma dang chu dag la ni da ltar phrad bzhin pa yod pa'i phyir /	dper na 'o ma dang chu dag la ni da ltar phrad bzhin pa yod pa'i phyir /	310a	For example, since milk and water are now in contact,
['BO_T04_D3859-2:310a-5']	phrad pa yod pa nyid yin pa de bzhin du 'dod chags dang chags pa dag la yang da ltar phrad bzhin pa yod pa'i phyir phrad pa nyid de des ni de ltar phrad bzhin pa yod pa'i sgo nas phrad pa yod par sgrub po //	phrad pa yod pa nyid yin pa de bzhin du 'dod chags dang chags pa dag la yang da ltar phrad bzhin pa yod pa'i phyir phrad pa nyid de des ni de ltar phrad bzhin pa yod pa'i sgo nas phrad pa yod par sgrub po //	310a	contact exists. In the same way, since attachment and one who is attached are now in contact, contact exists. Thus, he proves that contact exists in terms of the existence of that which is now in contact.
['BO_T04_D3859-2:310a-6']	yang na phrad pa de dang ldan pa'i phrad pa yod pa nyid de mthar thug pa'i sgrar brjod pa'i phyir dper na lcags sgrog la sogs pas bcings pa bzhin pas phrad pa phrad pa dang ldan pa'i phrad pa mthar thug pa'i sgrar brjod pa de yang yod do	yang na phrad pa de dang ldan pa'i phrad pa yod pa nyid de mthar thug pa'i sgrar brjod pa'i phyir dper na lcags sgrog la sogs pas bcings pa bzhin pas phrad pa phrad pa dang ldan pa'i phrad pa mthar thug pa'i sgrar brjod pa de yang yod do	310a	Alternatively, contact exists in terms of the existence of contact that possesses contact, because the term “ultimately” is expressed. For example, it is like a chain, etc., that binds. Thus, contact exists in terms of the existence of contact that possesses contact and is expressed by the term “ultimately.”
['BO_T04_D3859-2:310a-7', 'BO_T04_D3859-2:310a-8']	zhes bya ba dag kyang chos can dang / bsgrub par bya ba chos dang / sgrub pa'i chos dang / dpe dang mjug bsdu ba yin par go rims bzhin du sbyar te /🔽dper na lcags sgrog la sogs pas bcings pa ni bcings zin to zhes mthar thug pa'i sgrar brjod pa'i phyir de la phrad pa yod pa nyid yin pa de bzhin du phrad zin pa phrad pa de dang ldan pa la yang phrad zin no zhes mthar thug pa'i	zhes bya ba dag kyang chos can dang / bsgrub par bya ba chos dang / sgrub pa'i chos dang / dpe dang mjug bsdu ba yin par go rims bzhin du sbyar te / dper na lcags sgrog la sogs pas bcings pa ni bcings zin to zhes mthar thug pa'i sgrar brjod pa'i phyir de la phrad pa yod pa nyid yin pa de bzhin du phrad zin pa phrad pa de dang ldan pa la yang phrad zin no zhes mthar thug pa'i	310a	The subject, the object to be established, the means of establishing, the example and the conclusion are applied in order.🔽For example, since the expression “bound by iron fetters and so on” is a final expression, it is said that they exist in contact.🔽Similarly, since the expression “having contact with contact” is a final expression, it is said that contact exists in that which has contact with contact.
['BO_T04_D3859-2:310a-9']	sgrar brjod pa'i phyir phrad pa yod pa nyid yin pas phrad zin pa phrad pa dang ldan pa'i phrad pa mthar thug pa'i sgrar brjod pa de yang yod de /	sgrar brjod pa'i phyir phrad pa yod pa nyid yin pas phrad zin pa phrad pa dang ldan pa'i phrad pa mthar thug pa'i sgrar brjod pa de yang yod de /	310a	Therefore, contact is said to be a final expression that has contact with contact that has contact.
['BO_T04_D3859-2:310a-10']	des ni phrad zin pa yod pa'i sgo nas phrad pa yod par sgrub po //	des ni phrad zin pa yod pa'i sgo nas phrad pa yod par sgrub po //	310a	This proves that contact exists because that which has contact exists.
['BO_T04_D3859-2:310a-11']	de bzhin du don dam par phrad pa po de dang ldan pa'i phrad pa yod pa nyid de brjod pa khyad par can gyis brjod par bya ba yin pa'i phyir dper na zas dang 'brel pas brjod pa khyad par can gyi cha la brten pa'i za ba po	de bzhin du don dam par phrad pa po de dang ldan pa'i phrad pa yod pa nyid de brjod pa khyad par can gyis brjod par bya ba yin pa'i phyir dper na zas dang 'brel pas brjod pa khyad par can gyi cha la brten pa'i za ba po	310a	For example, the one who eats is the one who is expressed by the expression “the one who eats” in dependence on the special aspect that is related to food.
['BO_T04_D3859-2:310b-0']	bzhin pas phrad pa po brjod pa khyad par can gyis brjod par bya ba'i phrad pa po de yang yod pas zhes bya ba dag kyang chos can dang / bsgrub par bya ba chos dang / @310b sgrub pa'i chos dang / dpe dang mjug bsdu ba yin par go rims bzhin du sbyar te /	bzhin pas phrad pa po brjod pa khyad par can gyis brjod par bya ba'i phrad pa po de yang yod pas zhes bya ba dag kyang chos can dang / bsgrub par bya ba chos dang / @310b sgrub pa'i chos dang / dpe dang mjug bsdu ba yin par go rims bzhin du sbyar te /	310b	The one who meets is the one who is expressed by the special expression “the one who meets.” Therefore, the one who meets exists. The subject, the predicate of the probandum, the property of the probandum, the example, and the conclusion are applied in order.
['BO_T04_D3859-2:310b-1']	dper na zas za ba'i za ba po ni zas za bas za ba po yin no zhes brjod pa khyad par can gyis brjod par bya ba yin pa'i phyir de la zas dang phrad pa yod pa nyid yin pa de bzhin du phrad pa de dang ldan pa'i	dper na zas za ba'i za ba po ni zas za bas za ba po yin no zhes brjod pa khyad par can gyis brjod par bya ba yin pa'i phyir de la zas dang phrad pa yod pa nyid yin pa de bzhin du phrad pa de dang ldan pa'i	310b	For example, the one who eats is the one who is expressed by the special expression “the one who eats” because he is the one who eats food. Therefore, he exists in meeting with food. In the same way, the one who meets exists in meeting with the other.
['BO_T04_D3859-2:310b-2']	phrad pa de dang ldan pa'i phrad pa po yang phrad pa po yin no zhes brjod pa khyad par can gyis brjod par bya ba yin pa'i phyir de la yang phrad pa yod pa nyid yin pas phrad pa po brjod pa khyad par can gyis brjod par bya	phrad pa de dang ldan pa'i phrad pa po yang phrad pa po yin no zhes brjod pa khyad par can gyis brjod par bya ba yin pa'i phyir de la yang phrad pa yod pa nyid yin pas phrad pa po brjod pa khyad par can gyis brjod par bya	310b	And the one who is the agent of that contact, who is qualified by contact, is also the agent of contact.🔽Since contact exists for that one, the agent of contact, who is qualified by the statement “the agent of contact,” exists.
['BO_T04_D3859-2:310b-3']	ba'i phrad pa po de yang yod de des ni phrad pa po yod pa'i sgo nas phrad pa yod par sgrub po //	ba'i phrad pa po de yang yod de des ni phrad pa po yod pa'i sgo nas phrad pa yod par sgrub po //	310b	Since the agent of contact exists, contact exists.
['BO_T04_D3859-2:310b-4']	de'i phyir phrad pa yod pa nyid do zhes zer ro zhes bya ba ni rjes su dpag pa gsum char gyi mjug bsdu ba dang tshad ma'i 'bras bu yin no //	de'i phyir phrad pa yod pa nyid do zhes zer ro zhes bya ba ni rjes su dpag pa gsum char gyi mjug bsdu ba dang tshad ma'i 'bras bu yin no //	310b	This is the conclusion of the three inferences and the result of the valid knowledge.
['BO_T04_D3859-2:310b-5']	de skad ces zer ba de'i lan du 'dir 'grel pa byed pa nyid kyis /	de skad ces zer ba de'i lan du 'dir 'grel pa byed pa nyid kyis /	310b	In response to that, the author of the commentary himself says:
['BO_T04_D3859-2:310b-6']	de'i phyir bshad pa /	de'i phyir bshad pa /	310b	Therefore it is said:🔽That now being contacted, contact,
['BO_T04_D3859-2:310b-7']	phrad bzhin pa dang phrad pa dang // phrad pa po yang yod ma yin //	phrad bzhin pa dang phrad pa dang // phrad pa po yang yod ma yin //	310b	And the one who contacts do not exist.
['BO_T04_D3859-2:310b-8']	sgrub pa ci skad bstan pas gzhan nyid mi srid pa'i phyir ro zhes bya bar dgongs so zhes bya ba smras te /	sgrub pa ci skad bstan pas gzhan nyid mi srid pa'i phyir ro zhes bya bar dgongs so zhes bya ba smras te /	310b	The intended meaning is that since the proof is stated, otherness is impossible.
['BO_T04_D3859-2:310b-9']	'dir yang snga ma bzhin du gzhan nyid mi 'thad pas phrad pa bzhin pa dang phrad zin pa dang phrad pa po yod pa ma yin no zhes bya bar dgongs so //	'dir yang snga ma bzhin du gzhan nyid mi 'thad pas phrad pa bzhin pa dang phrad zin pa dang phrad pa po yod pa ma yin no zhes bya bar dgongs so //	310b	Here, as before, since otherness is untenable, the one who has met, the one who has already met, and the one who is meeting do not exist.
['BO_T04_D3859-2:310b-10']	de la 'dir rab tu byed pa'i don ni pha rol pos rab tu byed pa'i dang por sgrub pa smras pa'i skyon brjod pas phrad pa ngo bo nyid med pa nyid du bstan pa yin no zhes bya ba ni mjug bsdu ba dang tshad ma'i 'bras bu yin	de la 'dir rab tu byed pa'i don ni pha rol pos rab tu byed pa'i dang por sgrub pa smras pa'i skyon brjod pas phrad pa ngo bo nyid med pa nyid du bstan pa yin no zhes bya ba ni mjug bsdu ba dang tshad ma'i 'bras bu yin	310b	Here, the meaning of the chapter is that the opponent’s error in stating the proof in the first chapter is stated, and thus it is shown that meeting lacks intrinsic existence. This is the conclusion and the result of the valid cognition.
['BO_T04_D3859-2:310b-11', 'BO_T04_D3859-2:310b-12']	te / phrad pa brtag pa'i rab tu byed pa bcu bzhi pa'i skabs 'dir rab tu byed pa'i don tshad ma'i 'bras bur lta ba ni pha rol pos sngar rab tu byed pa 'di'i dang por dngos po rnams don dam par yod par sgrub pa'i phyogs snga ma don dam🔽par dngos po rnams ngo bo nyid yod par shes par bya ste /	te / phrad pa brtag pa'i rab tu byed pa bcu bzhi pa'i skabs 'dir rab tu byed pa'i don tshad ma'i 'bras bur lta ba ni pha rol pos sngar rab tu byed pa 'di'i dang por dngos po rnams don dam par yod par sgrub pa'i phyogs snga ma don dam par dngos po rnams ngo bo nyid yod par shes par bya ste /	310b	The opponent previously argued in the first chapter that things ultimately exist, and that things ultimately exist by way of their own intrinsic nature.🔽In response to this, Candrakīrti says, “Things should be understood to exist by way of their own intrinsic reality, and contact is taught in dependence on them.”
['BO_T04_D3859-2:310b-13']	de dag la brten nas phrad pa bstan pa'i phyir ro zhes bya ba la sogs pa'i sgrub pa smras pa'i skyon brjod pas phrad pa ngo bo nyid med pa nyid du bstan pa yin no //	de dag la brten nas phrad pa bstan pa'i phyir ro zhes bya ba la sogs pa'i sgrub pa smras pa'i skyon brjod pas phrad pa ngo bo nyid med pa nyid du bstan pa yin no //	310b	By pointing out the faults in this argument, Candrakīrti demonstrates how contact is devoid of intrinsic existence.
['BO_T04_D3859-2:310b-14', 'BO_T04_D3859-2:311a-0']	phrad pa ngo bo nyid med pa nyid du bstan pa la yon tan ci yod pa dang / de bstan pa 'di la gzhan dag na re rtog ge skam po'i bstan bcos tsam nyi tshes bsgrubs so zhes zer ba bsal ba'i phyir 'dir yid ches pa'i lung gi khungs kyis kyang bsgrub par bya ste /🔽de'i phyir bcom ldan 'das ma shes rab kyi pha rol tu phyin pa rab @311a * //	phrad pa ngo bo nyid med pa nyid du bstan pa la yon tan ci yod pa dang / de bstan pa 'di la gzhan dag na re rtog ge skam po'i bstan bcos tsam nyi tshes bsgrubs so zhes zer ba bsal ba'i phyir 'dir yid ches pa'i lung gi khungs kyis kyang bsgrub par bya ste / de'i phyir bcom ldan 'das ma shes rab kyi pha rol tu phyin pa rab @311a * //	310b	To dispel the claim by others that this teaching is merely a dry treatise of sophistry, it is established here by means of a source of trustworthy scripture.
['BO_T04_D3859-2:311a-1']	kyi rtsal gyis rnam par gnon pas zhus pa'i mdo las /	kyi rtsal gyis rnam par gnon pas zhus pa'i mdo las /	311a	Thus the Questions of Subāhu Prajñāpāramitā Sūtra says:
['BO_T04_D3859-2:311a-2']	rab kyi rtsal gyis rnam par gnon pa gzugs la phrad pa'am 'bral ba med do //	rab kyi rtsal gyis rnam par gnon pa gzugs la phrad pa'am 'bral ba med do //	311a	Subāhu, form is neither contacted nor separated.
['BO_T04_D3859-2:311a-3']	de bzhin du tshor ba dang / 'du shes dang / 'du byed rnams dang / rnam par shes pa la yang phrad pa'am 'bral ba med do //	de bzhin du tshor ba dang / 'du shes dang / 'du byed rnams dang / rnam par shes pa la yang phrad pa'am 'bral ba med do //	311a	Similarly, feeling, discrimination, compositional factors, and consciousness are neither contacted nor separated.
['BO_T04_D3859-2:311a-4']	gzugs dang / tshor ba dang / 'du shes dang / 'du byed rnams dang / rnam par shes pa la yang phrad pa'am 'bral ba med pa gang yin pa de ni shes rab kyi pha rol tu phyin pa'o zhes bya ba la sogs pa gsungs pa de dag grub pa yin no zhes bya ba smras te /	gzugs dang / tshor ba dang / 'du shes dang / 'du byed rnams dang / rnam par shes pa la yang phrad pa'am 'bral ba med pa gang yin pa de ni shes rab kyi pha rol tu phyin pa'o zhes bya ba la sogs pa gsungs pa de dag grub pa yin no zhes bya ba smras te /	311a	The perfection of wisdom is the non-contact and non-separation of form, feeling, perception, mental formations, and consciousness.
['BO_T04_D3859-2:311a-5']	'di ltar yid ches pa'i lung de dag la sogs pa grub pa ni phrad pa ngo bo nyid med pa nyid du bstan pa'i yon tan dang khungs yin te /	'di ltar yid ches pa'i lung de dag la sogs pa grub pa ni phrad pa ngo bo nyid med pa nyid du bstan pa'i yon tan dang khungs yin te /	311a	The establishment of those statements and so on is the quality and source of the teaching of the intrinsic realitylessness of contact.
['BO_T04_D3859-2:311a-6']	de'i phyir kho bos rang gi bsam pas rtog ge skam po tsam gyis bsgrubs pa ma yin te /	de'i phyir kho bos rang gi bsam pas rtog ge skam po tsam gyis bsgrubs pa ma yin te /	311a	Therefore, I do not establish this merely by dry logic with my own imagination.
['BO_T04_D3859-2:311a-7']	lung de dag kyang yod do //	lung de dag kyang yod do //	311a	Those scriptures exist.
['BO_T04_D3859-2:311a-8']	gang gi phyir de ltar theg pa chen po'i mdo sde mtha' yas pa dag las phrad pa ngo bo nyid med pa nyid du bstan pa de dag bstan bcos 'dis rnam par bshad par bya ba'i yul nyid du bstan pa yang slob dpon gyi zhal snga nas kyi	gang gi phyir de ltar theg pa chen po'i mdo sde mtha' yas pa dag las phrad pa ngo bo nyid med pa nyid du bstan pa de dag bstan bcos 'dis rnam par bshad par bya ba'i yul nyid du bstan pa yang slob dpon gyi zhal snga nas kyi	311a	words teach that they are the very objects to be explained by this treatise.
['BO_T04_D3859-2:311a-9', 'BO_T04_D3859-2:311a-10', 'BO_T04_D3859-2:311a-11']	mkhyen rlabs dang / 'grel pa byed pa'i mkhas pa nyid yin no //🔽slob dpon legs ldan byed kyis nye bar sbyar ba /🔽dbu ma'i rtsa ba'i 'grel pa shes rab sgron ma las phrad pa brtag pa zhes bya ba ste rab tu byed pa bcu bzhi pa rgya cher 'grel pa /	mkhyen rlabs dang / 'grel pa byed pa'i mkhas pa nyid yin no // slob dpon legs ldan byed kyis nye bar sbyar ba / dbu ma'i rtsa ba'i 'grel pa shes rab sgron ma las phrad pa brtag pa zhes bya ba ste rab tu byed pa bcu bzhi pa rgya cher 'grel pa /	311a	This is the skill of the author of the commentary.
['BO_T04_D3859-2:311a-12', 'BO_T04_D3859-2:311a-13']	slob dpon spyan ras gzigs brtul zhugs kyis nye bar sbyar ba rdzogs so /🔽// / bam po lnga bcu gsum pa /	slob dpon spyan ras gzigs brtul zhugs kyis nye bar sbyar ba rdzogs so /🔽// / bam po lnga bcu gsum pa /	311a	The fourteenth chapter, the “Examination of Contact,” in the Root Commentary on the Middle Way, Wisdom Lamp, composed by the master Bhāviveka, is completed.🔽The commentary is finished.
['BO_T04_D3859-2:311a-14']	da ni de bzhin du stong pa nyid kyi mi mthun pa'i phyogs kyi khyad par dgag pas rten cing 'brel par 'byung ba chad pa med pa dang rtag pa med pa bstan pa'i don gyi dbang gis rab tu byed pa bco lnga pa brtsam mo zhes bya ba	da ni de bzhin du stong pa nyid kyi mi mthun pa'i phyogs kyi khyad par dgag pas rten cing 'brel par 'byung ba chad pa med pa dang rtag pa med pa bstan pa'i don gyi dbang gis rab tu byed pa bco lnga pa brtsam mo zhes bya ba	311a	Now, in the same way, chapter fifteen is composed in order to teach dependent arising as free from annihilation and permanence by refuting the specific counterparts of emptiness.
['BO_T04_D3859-2:311a-15']	la dbang gis zhes bya ba'i sgra skabs 'dir yang dam bcas pa la 'jug pa'i rgyu'i don dang / gzhung 'og nas 'byung ba dang sbyar ba'i don du blta ste tshig gi don ni snga ma bzhin no //	la dbang gis zhes bya ba'i sgra skabs 'dir yang dam bcas pa la 'jug pa'i rgyu'i don dang / gzhung 'og nas 'byung ba dang sbyar ba'i don du blta ste tshig gi don ni snga ma bzhin no //	311a	The term “in order to” in this context should be viewed as having the meaning of cause that engages the promise and the meaning of the object that is connected to the passages that follow. The meaning of the words is the same as before.
['BO_T04_D3859-2:311a-16']	de la dam bcas pa la 'jug pa'i rgyu'i don gyi dbang du byas nas /	de la dam bcas pa la 'jug pa'i rgyu'i don gyi dbang du byas nas /	311a	In this regard, in terms of the meaning of cause that engages the promise,
['BO_T04_D3859-2:311a-17']	da ni de bzhin du stong pa nyid kyi mi mthun pa'i phyogs kyi khyad par dgag pas zhes bya ba smras te /	da ni de bzhin du stong pa nyid kyi mi mthun pa'i phyogs kyi khyad par dgag pas zhes bya ba smras te /	311a	now, in the same way, chapter fifteen is composed in order to teach dependent arising as free from annihilation and permanence by refuting the specific counterparts of emptiness.
['BO_T04_D3859-2:311a-18']	bstan bcos mdzad pas rkyen brtag pa'i rab tu byed pa dang po brtsam pa'i skabs su /	bstan bcos mdzad pas rkyen brtag pa'i rab tu byed pa dang po brtsam pa'i skabs su /	311a	In the context of composing the treatise, in the first chapter, the chapter on conditions,
['BO_T04_D3859-2:311b-0', 'BO_T04_D3859-2:311b-1']	dngos po thams cad skye ba med @311b par dam bcas pa mdzad pas /🔽'dir yang sngar bstan bcos mdzad pas ci ltar dam bcas pa de la 'jug pa'i rgyu'i don gyi dbang du byas nas de skad smras te /	dngos po thams cad skye ba med @311b par dam bcas pa mdzad pas / 'dir yang sngar bstan bcos mdzad pas ci ltar dam bcas pa de la 'jug pa'i rgyu'i don gyi dbang du byas nas de skad smras te /	311b	Since he has made the assertion that all things are not produced,🔽here too he speaks from the perspective of the meaning of the cause for engaging in that assertion, just as he made it when he composed the treatise earlier.
['BO_T04_D3859-2:311b-2']	de bzhin du zhes bya ba ni rab tu byed pa snga ma'i skabs su bstan pa'i lugs bzhin du'o //	de bzhin du zhes bya ba ni rab tu byed pa snga ma'i skabs su bstan pa'i lugs bzhin du'o //	311b	Just as means in accordance with the system presented in the earlier chapter.
['BO_T04_D3859-2:311b-3']	stong pa nyid ni rang gi phyogs yin no //	stong pa nyid ni rang gi phyogs yin no //	311b	Emptiness is his own position.
['BO_T04_D3859-2:311b-4']	de'i mi mthun pa'i phyogs ni phyir rgol bar byed pa'i phyogs yin te /	de'i mi mthun pa'i phyogs ni phyir rgol bar byed pa'i phyogs yin te /	311b	The position of the opponent is the position that is contrary to that.
['BO_T04_D3859-2:311b-5']	'di lta ste dngos po rnams ngo bo nyid yod pa nyid du smra ba yin no //	'di lta ste dngos po rnams ngo bo nyid yod pa nyid du smra ba yin no //	311b	That is to say, he is an advocate of the existence of the essence of things.
['BO_T04_D3859-2:311b-6']	de'i khyad par zhes bya ba ni pha rol pos dngos po rnams ngo bo nyid yod pa nyid du sgrub pa'i phyogs snga ma nye bar gzhag pa 'og nas /	de'i khyad par zhes bya ba ni pha rol pos dngos po rnams ngo bo nyid yod pa nyid du sgrub pa'i phyogs snga ma nye bar gzhag pa 'og nas /	311b	The distinction of that is the prior position of the opponent that establishes the existence of the essence of things.
['BO_T04_D3859-2:311b-7']	khyed dngos po rnams ngo bo nyid med do zhes smra ba'i dam bcas pa la rang gi tshig dang 'gal ba'i skyon yod do zhes bya ba la sogs pa dngos po rnams ngo bo nyid yod pa nyid du sgrub pa'i gtan tshigs bdag gi dngos po dang /	khyed dngos po rnams ngo bo nyid med do zhes smra ba'i dam bcas pa la rang gi tshig dang 'gal ba'i skyon yod do zhes bya ba la sogs pa dngos po rnams ngo bo nyid yod pa nyid du sgrub pa'i gtan tshigs bdag gi dngos po dang /	311b	You say that things are essenceless, but your thesis is flawed by the contradiction of your own words.
['BO_T04_D3859-2:311b-8']	gzhan gyi dngos po dang / dngos po yod pa dang / dngos po med pa dag yod par gzhung 'dzugs pa yin no //	gzhan gyi dngos po dang / dngos po yod pa dang / dngos po med pa dag yod par gzhung 'dzugs pa yin no //	311b	We establish that things do have essence by means of the arguments of the existence of things, the existence of other things, the existence of existent things, and the existence of nonexistent things.
['BO_T04_D3859-2:311b-9']	de dgag pas zhes bya ba ni stong pa nyid kyi mi mthun pa'i phyogs kyi khyad par de dgag pa'i dbang du byas nas rab tu byed pa bco lnga pa brtsam mo zhes bya bar sbyar ro //	de dgag pas zhes bya ba ni stong pa nyid kyi mi mthun pa'i phyogs kyi khyad par de dgag pa'i dbang du byas nas rab tu byed pa bco lnga pa brtsam mo zhes bya bar sbyar ro //	311b	The refutation of those is the refutation of the specific counter positions to emptiness. The fifteenth chapter is composed from the perspective of that refutation.
['BO_T04_D3859-2:311b-10', 'BO_T04_D3859-2:311b-11']	gzhung 'og nas 'byung ba dang sbyar ba'i don gyi dbang du byas nas rten cing 'brel bar 'byung ba chad pa med pa dang rtag pa med pa bstan pa'i don gyi dbang gis rab tu byed pa bco lnga pa brtsam mo zhes bya ba smras te /🔽dngos po dang dngos po med pa brtag pa'i rab tu byed pa bco lnga pa'i gzhung 'og nas 'byung ba 'di'i don ni shes rab kyi pha rol tu phyin pa las /	gzhung 'og nas 'byung ba dang sbyar ba'i don gyi dbang du byas nas rten cing 'brel bar 'byung ba chad pa med pa dang rtag pa med pa bstan pa'i don gyi dbang gis rab tu byed pa bco lnga pa brtsam mo zhes bya ba smras te / dngos po dang dngos po med pa brtag pa'i rab tu byed pa bco lnga pa'i gzhung 'og nas 'byung ba 'di'i don ni shes rab kyi pha rol tu phyin pa las /	311b	The fifteenth chapter is composed in terms of the meaning of the dependent origination that is devoid of annihilation and devoid of permanence, in terms of the meaning of the passages that will be cited below.🔽The meaning of the passages that will be cited below in the fifteenth chapter, the analysis of things and nonthings, is explained by commenting on the meaning of the following passage from the perfection of wisdom:
['BO_T04_D3859-2:311b-12']	bdag gi dngos po stong pa nyid dang / dngos po stong pa nyid dang dngos po stong pa nyid dang / dngos po stong pa nyid dang / dngos po med pa stong pa nyid ces gsungs pa'i don rnam par bshad pas rten cing 'brel par 'byung ba chad pa med pa dang /	bdag gi dngos po stong pa nyid dang / dngos po stong pa nyid dang dngos po stong pa nyid dang / dngos po stong pa nyid dang / dngos po med pa stong pa nyid ces gsungs pa'i don rnam par bshad pas rten cing 'brel par 'byung ba chad pa med pa dang /	311b	The emptiness of internal phenomena, the emptiness of external phenomena, the emptiness of both external and internal phenomena, the emptiness of emptiness, the emptiness of great extent, the emptiness of ultimate reality, the emptiness of conditioned phenomena, the emptiness of unconditioned phenomena, the emptiness of the unlimited, the emptiness of that which has neither beginning nor end, the emptiness of nonrepudiation, the emptiness of inherent existence, the emptiness of all phenomena, the emptiness of intrinsic defining characteristics, the emptiness of nonobservation, the emptiness of essential nature, the emptiness of other phenomena, and the emptiness of the nature of nonexistence.
['BO_T04_D3859-2:311b-13']	rtag pa med pa'i khyad par dang ldan pa bstan pa yin pas de'i dbang du byas nas de skad smras so //	rtag pa med pa'i khyad par dang ldan pa bstan pa yin pas de'i dbang du byas nas de skad smras so //	311b	Since this chapter teaches the special feature of dependent origination as devoid of permanence and annihilation, it is said from this point of view.
['BO_T04_D3859-2:311b-14']	rab tu byed pa 'di'i 'bras bu ni gang yin /	rab tu byed pa 'di'i 'bras bu ni gang yin /	311b	What is the result of this chapter?
['BO_T04_D3859-2:311b-15']	rnam pa gang gis ni 'bras bu de 'thob ce na /	rnam pa gang gis ni 'bras bu de 'thob ce na /	311b	By what aspects is that result obtained?
['BO_T04_D3859-2:311b-16', 'BO_T04_D3859-2:312a-0']	rten cing 'brel par 'byung ba chad pa med pa dang / rtag pa med pa'i khyad par dang ldan pa bstan pa ni 'di'i 'bras bu yin la /🔽stong pa nyid kyi mi mthun pa'i phyogs kyi khyad par dgag pa'i rnam pas ni 'bras bu de 'thob pas de'i phyir 'grel pa byed pas rab tu byed pa'i @312a * //	rten cing 'brel par 'byung ba chad pa med pa dang / rtag pa med pa'i khyad par dang ldan pa bstan pa ni 'di'i 'bras bu yin la / stong pa nyid kyi mi mthun pa'i phyogs kyi khyad par dgag pa'i rnam pas ni 'bras bu de 'thob pas de'i phyir 'grel pa byed pas rab tu byed pa'i @312a * //	311b	The result of this chapter is the teaching of the special feature of dependent origination as devoid of permanence and annihilation.
['BO_T04_D3859-2:312a-1']	mtshams sbyar ba'i skabs 'dir yang thabs dang thabs las byung ba'i 'bras bu dang po kho nar bstan to //	mtshams sbyar ba'i skabs 'dir yang thabs dang thabs las byung ba'i 'bras bu dang po kho nar bstan to //	312a	Since the result is obtained by the aspect of the negation of the special feature that is the antithesis of emptiness, the author of the commentary first teaches the result as the means and that which arises from the means at the juncture of this chapter.
['BO_T04_D3859-2:312a-2']	gal te pha rol po dag 'di skad ci ltar bdag gi dngos po dang / gzhan gyi dngos po dang / dngos po yod pa dang / dngos po med pa dgag pas rten cing 'brel par 'byung ba chad pa med pa dang / rtag pa med pa'i khyad par dang ldan pa nyid bstan par bya zhe na /	gal te pha rol po dag 'di skad ci ltar bdag gi dngos po dang / gzhan gyi dngos po dang / dngos po yod pa dang / dngos po med pa dgag pas rten cing 'brel par 'byung ba chad pa med pa dang / rtag pa med pa'i khyad par dang ldan pa nyid bstan par bya zhe na /	312a	If the opponent says, “How can you teach that dependent origination is devoid of annihilation and devoid of permanence by refuting the entity of self, the entity of other, existence, and nonexistence?”
['BO_T04_D3859-2:312a-3']	gang gi phyir bdag gi dngos po dang gzhan gyi dngos po dag la yod pa nyid kyi mtshan nyid pas dngos po de dag ma skyes pa'i phyir rtag pa med la /	gang gi phyir bdag gi dngos po dang gzhan gyi dngos po dag la yod pa nyid kyi mtshan nyid pas dngos po de dag ma skyes pa'i phyir rtag pa med la /	312a	Because the entity of self and the entity of other are not real, those entities are not produced, and therefore they are not permanent.
['BO_T04_D3859-2:312a-4', 'BO_T04_D3859-2:312a-5']	ma skyes pa la 'jig pa med pa'i phyir chad pa med pas de'i phyir de ltar bdag gi dngos po dang / gzhan gyi dngos po dang / dngos po yod pa dang / dngos po med pa dgag pas rten cing 'brel par 'byung ba chad pa med pa dang /🔽rtag pa med pa'i khyad par dang ldan pa nyid grub po //	ma skyes pa la 'jig pa med pa'i phyir chad pa med pas de'i phyir de ltar bdag gi dngos po dang / gzhan gyi dngos po dang / dngos po yod pa dang / dngos po med pa dgag pas rten cing 'brel par 'byung ba chad pa med pa dang /🔽rtag pa med pa'i khyad par dang ldan pa nyid grub po //	312a	Because that which is not produced does not perish, they are not annihilated. Therefore, in this way, the special quality of dependent origination being devoid of annihilation and devoid of permanence is established by refuting the entity of self, the entity of other, existence, and nonexistence.
['BO_T04_D3859-2:312a-6']	stong pa nyid kyi mi mthun pa'i phyogs kyi khyad par zhes smos pa de nyid bstan pa'i phyir 'dir smras pa zhes bya ba la sogs pa smras te /	stong pa nyid kyi mi mthun pa'i phyogs kyi khyad par zhes smos pa de nyid bstan pa'i phyir 'dir smras pa zhes bya ba la sogs pa smras te /	312a	In order to demonstrate the specific counter-correlate of emptiness, the root text says, “Here, they say…”
['BO_T04_D3859-2:312a-7']	rang gi sde pa la sogs pa dag de ltar don dam par dngos po rnams ngo bo nyid yod par shes par bya ste /	rang gi sde pa la sogs pa dag de ltar don dam par dngos po rnams ngo bo nyid yod par shes par bya ste /	312a	Our own schools and so on say, “Things should be understood to ultimately exist by way of their own entity because contact is taught in dependence on them.”
['BO_T04_D3859-2:312a-8', 'BO_T04_D3859-2:312a-9']	de dag la brten nas phrad pa bstan pa'i phyir ro zhes zer ba'i gtan tshigs sun phyung ba dngos po rnams ngo bo nyid med pa nyid du bstan kyang de dag la mngon par zhen pa kha cig gis de mi bzod pas yang de dag 'di skad ces🔽zer ro zhes bya bar sbyar ro //	de dag la brten nas phrad pa bstan pa'i phyir ro zhes zer ba'i gtan tshigs sun phyung ba dngos po rnams ngo bo nyid med pa nyid du bstan kyang de dag la mngon par zhen pa kha cig gis de mi bzod pas yang de dag 'di skad ces zer ro zhes bya bar sbyar ro //	312a	Although the argument that things do not exist by way of their own entity has been refuted, some who are attached to those things cannot bear that and say this:
['BO_T04_D3859-2:312a-10']	de'i phyir khyed dngos po rnams ngo bo nyid med do zhes smra ba'i dam bcas pa la rang gi tshig dang 'gal ba'i skyon yod de /	de'i phyir khyed dngos po rnams ngo bo nyid med do zhes smra ba'i dam bcas pa la rang gi tshig dang 'gal ba'i skyon yod de /	312a	“Therefore, you who say that things do not exist by way of their own entity have the fault of contradiction in your own words.”
['BO_T04_D3859-2:312a-11']	de nyid kyis don de la skur pa btab pa'i phyir dper na smras pa thams cad brdzun no zhes bya ba bzhin no zhes bya ba smras te /	de nyid kyis don de la skur pa btab pa'i phyir dper na smras pa thams cad brdzun no zhes bya ba bzhin no zhes bya ba smras te /	312a	Because it itself refutes the meaning of that, it is like saying, for example, all speech is false.
['BO_T04_D3859-2:312a-12']	de dag ni chos can dang / bsgrub par bya ba chos dang / sgrub pa'i chos dang / dpe yin par go rims bzhin du sbyar te /	de dag ni chos can dang / bsgrub par bya ba chos dang / sgrub pa'i chos dang / dpe yin par go rims bzhin du sbyar te /	312a	These are the subject, the predicate to be proven, the proof, and the example, respectively.
['BO_T04_D3859-2:312a-13']	dper na drang srong bha ra ta sa rang gi tshig 'ba' zhig bden gyi gzhan gyis smras pa thams cad brdzun par sgrub pa'i phyir smras pa thams cad brdzun no zhes smras pa de nyid kyi sa rang gi tshig bden par sgrub pa'i don de la skur pa	dper na drang srong bha ra ta sa rang gi tshig 'ba' zhig bden gyi gzhan gyis smras pa thams cad brdzun par sgrub pa'i phyir smras pa thams cad brdzun no zhes smras pa de nyid kyi sa rang gi tshig bden par sgrub pa'i don de la skur pa	312a	For example, when the rishi Bharadvaja said, “All speech is false,” in order to prove that his own words alone are true and that all speech by others is false, he himself refuted the meaning of that,
['BO_T04_D3859-2:312a-14']	btab pa'i phyir rang gi tshig dang 'gal ba'i skyon yod do //	btab pa'i phyir rang gi tshig dang 'gal ba'i skyon yod do //	312a	because he contradicted his own words.
['BO_T04_D3859-2:312b-0']	smras pa thams cad ces bya ba'i nang du rang gis smras pa yang 'dus pas des na rang gi tshig kyang brdzun par 'gyur pa de bzhin du khyed dbu @312b ma pas dngos po rnams ngo bo nyid med do zhes smras pa'i tshig gis kyang /	smras pa thams cad ces bya ba'i nang du rang gis smras pa yang 'dus pas des na rang gi tshig kyang brdzun par 'gyur pa de bzhin du khyed dbu @312b ma pas dngos po rnams ngo bo nyid med do zhes smras pa'i tshig gis kyang /	312b	Objection: Since “everything” includes what you yourself have said, your words are also false.🔽In the same way, because of the words of you Mādhyamikas, “Things are essenceless,”
['BO_T04_D3859-2:312b-1']	dngos po rnams zhes bya ba de nyid kyis ngo bo nyid med do zhes bya ba'i don de la skur pa btab pa'i phyir rang gi tshig dang 'gal ba'i skyon yod do //	dngos po rnams zhes bya ba de nyid kyis ngo bo nyid med do zhes bya ba'i don de la skur pa btab pa'i phyir rang gi tshig dang 'gal ba'i skyon yod do //	312b	since that very phrase “things” repudiates the meaning of “essenceless,” you have the fault of contradicting your own words.
['BO_T04_D3859-2:312b-2']	'dir yang gal te ngo bo nyid med pa yin na ni ci ltar dngos po yin /	'dir yang gal te ngo bo nyid med pa yin na ni ci ltar dngos po yin /	312b	Here, if things are essenceless, how could they be things?
['BO_T04_D3859-2:312b-3']	ci ste dngos po yin na ni ngo bo nyid med pa ma yin pas zhes bya ba ni nye bar sbyar ba'i sbyor ba yin te /	ci ste dngos po yin na ni ngo bo nyid med pa ma yin pas zhes bya ba ni nye bar sbyar ba'i sbyor ba yin te /	312b	But if they are things, they are not essenceless. This is the application of the reductio.
['BO_T04_D3859-2:312b-4']	dngos po zhes bya ba dang ngo bo nyid med pa zhes bya ba ni dgag pa mi mthun pa yin pas khyed kyis dngos po zhes smras pa de nyid kyis ngo bo nyid med pa zhes bya ba'i don de la skur ba btab pa yin no //	dngos po zhes bya ba dang ngo bo nyid med pa zhes bya ba ni dgag pa mi mthun pa yin pas khyed kyis dngos po zhes smras pa de nyid kyis ngo bo nyid med pa zhes bya ba'i don de la skur ba btab pa yin no //	312b	The term “entity” and the term “essenceless” are mutually exclusive, and so by your saying “entity,” you have denied the meaning of “essenceless.”
['BO_T04_D3859-2:312b-5']	dam bcas pa la de nyid kyis don de la skur pa btab pa'i skyon yod do zhes bya ba ni mjug bsdu ba yin te /	dam bcas pa la de nyid kyis don de la skur pa btab pa'i skyon yod do zhes bya ba ni mjug bsdu ba yin te /	312b	The phrase “in that case, your thesis would be undermined by your own words” is the conclusion.
['BO_T04_D3859-2:312b-6']	dngos po zhes smras pa de nyid kyis ngo bo nyid med pa zhes bya ba'i don de la skur pa btab pa'i phyir khyed kyis dam bcas pa la rang gi tshig dang 'gal ba'i skyon yod do zhes zer ro //	dngos po zhes smras pa de nyid kyis ngo bo nyid med pa zhes bya ba'i don de la skur pa btab pa'i phyir khyed kyis dam bcas pa la rang gi tshig dang 'gal ba'i skyon yod do zhes zer ro //	312b	The meaning of the phrase “in that case, your thesis would be undermined by your own words” is this: because by saying “entity” you have denied the meaning of “essenceless,” you have undermined your own thesis.
['BO_T04_D3859-2:312b-7']	de skad ces zer ba de'i lan du 'grel pa byed pa nyid kyis 'dir bshad pa zhes bya ba la sogs pa smras te /	de skad ces zer ba de'i lan du 'grel pa byed pa nyid kyis 'dir bshad pa zhes bya ba la sogs pa smras te /	312b	In response to this, the author of the commentary says, “Here, we say . . .”
['BO_T04_D3859-2:312b-8']	pha rol po la dngos po rnams ngo bo nyid yod pa nyid du sgrub pa'i dpe med pa'i phyir dang / dbu ma pas dam bcas pa la skur ba ma btab pa'i phyir dang / tha snyad kyi dngos po ma bkag pa'i phyir dang / dngos po ngo bo nyid med pa'i lan btab zin pa'i phyir kho bo'i sgrub pa 'di la skyon med do zhes ston to //	pha rol po la dngos po rnams ngo bo nyid yod pa nyid du sgrub pa'i dpe med pa'i phyir dang / dbu ma pas dam bcas pa la skur ba ma btab pa'i phyir dang / tha snyad kyi dngos po ma bkag pa'i phyir dang / dngos po ngo bo nyid med pa'i lan btab zin pa'i phyir kho bo'i sgrub pa 'di la skyon med do zhes ston to //	312b	Because the opponent has no example to prove that things exist inherently, because the Madhyamika does not deny the thesis, because he does not refute conventional things, and because he has already responded to the argument that things are essenceless, our argument is not faulty.
['BO_T04_D3859-2:312b-9']	de la pha rol po la dngos po rnams ngo bo nyid yod pa nyid du sgrub pa'i dpe med par bstan pa'i phyir don dam par dngos po rnams ngo bo nyid yod pa yin te /	de la pha rol po la dngos po rnams ngo bo nyid yod pa nyid du sgrub pa'i dpe med par bstan pa'i phyir don dam par dngos po rnams ngo bo nyid yod pa yin te /	312b	To show that the opponent has no example to prove that things exist inherently, it is said that ultimately things do exist inherently,
['BO_T04_D3859-2:312b-10']	dper na che ge mo zhig bzhin no zhes bya ba'i rjes su 'gro ba med pa'i phyir 'di la skyon med do zhes bya ba smras so //	dper na che ge mo zhig bzhin no zhes bya ba'i rjes su 'gro ba med pa'i phyir 'di la skyon med do zhes bya ba smras so //	312b	because there is no such thing as a non-homologous example, as in the case of “x,” and so there is no fault in our argument.
['BO_T04_D3859-2:312b-11']	dbu ma pas dam bcas pa la skur pa ma btab par bstan pa'i phyir /	dbu ma pas dam bcas pa la skur pa ma btab par bstan pa'i phyir /	312b	To show that the Madhyamika does not deny the thesis, it is said that
['BO_T04_D3859-2:312b-12']	don dam par dngos po rnams ngo bo nyid yod pa nyid du khas blangs nas ngo bo nyid med pa nyid du dam bcas pa'i phyir des na dam bcas pa'i don la skur pa ma btab pas gtan tshigs kyi don ma grub pa nyid ma yin pas 'di	don dam par dngos po rnams ngo bo nyid yod pa nyid du khas blangs nas ngo bo nyid med pa nyid du dam bcas pa'i phyir des na dam bcas pa'i don la skur pa ma btab pas gtan tshigs kyi don ma grub pa nyid ma yin pas 'di	312b	Because ultimately, having accepted that things exist by their own intrinsic reality, we have a thesis of their lack of intrinsic reality, therefore, since we do not deprecate the meaning of our thesis, the meaning of our reason is not unestablished.
['BO_T04_D3859-2:312b-13']	la skyon med do zhes bya ba smras so //	la skyon med do zhes bya ba smras so //	312b	Therefore, we say that there is no fault in our argument.
['BO_T04_D3859-2:312b-14']	dbu ma pas tha snyad kyi dngos po ma bkag par bstan pa'i phyir /	dbu ma pas tha snyad kyi dngos po ma bkag par bstan pa'i phyir /	312b	In order to demonstrate that the Madhyamikas do not refute conventional things,
['BO_T04_D3859-2:313a-0', 'BO_T04_D3859-2:313a-1']	tha snyad du yang dngos po rnams kyi ngo bo nyid sgyu ma'i ngo bo nyid bzhin du dam bcas pa la de bzhin du skur pa ma btab pa'i phyir 'di la skyon med @313a * //🔽do zhes bya ba smras so //	tha snyad du yang dngos po rnams kyi ngo bo nyid sgyu ma'i ngo bo nyid bzhin du dam bcas pa la de bzhin du skur pa ma btab pa'i phyir 'di la skyon med @313a * // do zhes bya ba smras so //	313a	we say that conventionally, the essence of things is like the essence of an illusion, and since we do not deprecate the meaning of our thesis in that way, there is no fault in our position.
['BO_T04_D3859-2:313a-2']	dbu ma pas dngos po ngo bo nyid med pa'i lan btab zin par bstan pa'i phyir /	dbu ma pas dngos po ngo bo nyid med pa'i lan btab zin par bstan pa'i phyir /	313a	In order to demonstrate that the Madhyamikas have already responded to the argument that things lack intrinsic reality,
['BO_T04_D3859-2:313a-3']	rten cing 'brel par 'byung ba ni skye ba med do zhes bya bas lan btab zin pa'i phyir 'di la skyon med do zhes bya ba smras so //	rten cing 'brel par 'byung ba ni skye ba med do zhes bya bas lan btab zin pa'i phyir 'di la skyon med do zhes bya ba smras so //	313a	Since it has already been answered that dependent origination is non-arisen, he says, “There is no fault here.”
['BO_T04_D3859-2:313a-4']	mkhas par rlom pa gzhan dag gzhan du phyir zlog par byed de //	mkhas par rlom pa gzhan dag gzhan du phyir zlog par byed de //	313a	Other conceited scholars refute in a different way:
['BO_T04_D3859-2:313a-5']	de dag ngo bo nyid gang gis ngo bo nyid med pa nyid du 'dod de /	de dag ngo bo nyid gang gis ngo bo nyid med pa nyid du 'dod de /	313a	By what nature do you assert that they are natureless?
['BO_T04_D3859-2:313a-6']	gal te rang gi rnam par rtog pa'i bzos sbyar ba'i ngo bo nyid sgro btags nas ma grub po zhe na ni grub pa la sgrub pa yin no //	gal te rang gi rnam par rtog pa'i bzos sbyar ba'i ngo bo nyid sgro btags nas ma grub po zhe na ni grub pa la sgrub pa yin no //	313a	If you impute a nature fabricated by your own conception, then it is an establishment of what is already established.
['BO_T04_D3859-2:313a-7']	ci ste de dag rgyu dang rkyen las byung ba'i ngo bo nyid gang yin pa des ngo bo nyid med pa nyid do zhe na ni de ni rigs pa ma yin te /	ci ste de dag rgyu dang rkyen las byung ba'i ngo bo nyid gang yin pa des ngo bo nyid med pa nyid do zhe na ni de ni rigs pa ma yin te /	313a	But if you say that they are natureless by the nature that arises from causes and conditions, that is not logical.
['BO_T04_D3859-2:313a-8']	mngon sum dang grags pa'i gnod pas gnod par 'gyur ba'i phyir ro zhes bya ba ni 'dir rang gi sde pa gang zag bdag med pa'i tshul tsam la mkhas su re ba dag 'di skad ces khyed dbu ma pas dngos po rnams ngo bo nyid med pa nyid	mngon sum dang grags pa'i gnod pas gnod par 'gyur ba'i phyir ro zhes bya ba ni 'dir rang gi sde pa gang zag bdag med pa'i tshul tsam la mkhas su re ba dag 'di skad ces khyed dbu ma pas dngos po rnams ngo bo nyid med pa nyid	313a	Here, those who are skilled in the mere mode of the selflessness of persons in our own schools say, “You Followers of the Middle Way assert that things are essenceless.
['BO_T04_D3859-2:313a-9', 'BO_T04_D3859-2:313a-10']	du 'dod pa de gal te gzhan mu stegs can dag gi rang gi rnam par rtog pa'i bzos sbyar ba'i gang zag ngo bo nyid sgro btags nas ma grub po zhes bya bar sgrub na ni kho bo cag gi phyogs la yang grub pas grub pa la sgrub🔽pa yin no //	du 'dod pa de gal te gzhan mu stegs can dag gi rang gi rnam par rtog pa'i bzos sbyar ba'i gang zag ngo bo nyid sgro btags nas ma grub po zhes bya bar sgrub na ni kho bo cag gi phyogs la yang grub pas grub pa la sgrub pa yin no //	313a	If you are proving to non-Buddhists, who are fabricating the self of persons through their own conceptual thoughts, that the self of persons is not established, then you are proving what is already established for us.
['BO_T04_D3859-2:313a-11']	ci ste chos kyi ngo bo nyid rgyu dang rkyen las byung ba ngo bo nyid med do zhes bya ba bsgrub na ni mngon sum dang grags pa'i gnod pas gnod par 'gyur ba'i phyir de ni rigs pa ma yin no zhes zer ba yin no //	ci ste chos kyi ngo bo nyid rgyu dang rkyen las byung ba ngo bo nyid med do zhes bya ba bsgrub na ni mngon sum dang grags pa'i gnod pas gnod par 'gyur ba'i phyir de ni rigs pa ma yin no zhes zer ba yin no //	313a	If you are proving to us that the essence of phenomena, which arises from causes and conditions, is essenceless, then your proof is illogical because it is undermined by direct perception and what is commonly acknowledged.”
['BO_T04_D3859-2:313a-12']	de skad ces zer ba de'i lan du 'grel pa byed pa nyid kyis 'dir bshad pa /	de skad ces zer ba de'i lan du 'grel pa byed pa nyid kyis 'dir bshad pa /	313a	In response to that statement, the author of the commentary explains here:
['BO_T04_D3859-2:313a-13']	don med par rnam par shes pa rnam par brtags pa'i dngos po'i gzugs la dmigs pa'i skye ba khas ma blangs pa'i phyir dang / dngos po yod pa nyid bkag pa'i phyir dang / 'jig rten gyi tha snyad ma spangs pa'i phyir mngon sum dang grags pa'i gnod pa med pas kho bo cag gi phyogs la /	don med par rnam par shes pa rnam par brtags pa'i dngos po'i gzugs la dmigs pa'i skye ba khas ma blangs pa'i phyir dang / dngos po yod pa nyid bkag pa'i phyir dang / 'jig rten gyi tha snyad ma spangs pa'i phyir mngon sum dang grags pa'i gnod pa med pas kho bo cag gi phyogs la /	313a	Since we do not accept the arising of consciousness that observes the form of an imputed thing as meaningless, since we refute the existence of things, and since we do not abandon worldly conventions, we are not harmed by direct perception and what is renowned.
['BO_T04_D3859-2:313a-14']	gang gis gang la gnod pa yang med do zhes bya ba smras te /	gang gis gang la gnod pa yang med do zhes bya ba smras te /	313a	Therefore, we say that there is no harm to our position.
['BO_T04_D3859-2:313a-15']	gzhan mu stegs can dag gi rnam par rtog pa'i bzos sbyar ba'i gang zag ngo bo nyid sgro btags pa ma grub po zhes bya bar mi sgrub pas grub pa la sgrub pa'i skyon gyi lan ni gdab mi dgos so //	gzhan mu stegs can dag gi rnam par rtog pa'i bzos sbyar ba'i gang zag ngo bo nyid sgro btags pa ma grub po zhes bya bar mi sgrub pas grub pa la sgrub pa'i skyon gyi lan ni gdab mi dgos so //	313a	Since we do not prove that the imputed person, which is fabricated by the imagination of other tīrthikas, is not established as an entity, we do not need to respond to the error of proving what is already established.
['BO_T04_D3859-2:313b-0']	chos kyi ngo bo nyid rgyu dang rkyen las byung ba ngo bo nyid med do zhes bya bar sgrub na mngon sum dang grags pa'i gnod pas gnod par 'gyur ro zhes zer ba de'i lan du dbu ma pas don dam par rnam par @313b shes pa rnam par	chos kyi ngo bo nyid rgyu dang rkyen las byung ba ngo bo nyid med do zhes bya bar sgrub na mngon sum dang grags pa'i gnod pas gnod par 'gyur ro zhes zer ba de'i lan du dbu ma pas don dam par rnam par @313b shes pa rnam par	313b	In response to that, the Madhyamaka asserts that ultimately consciousness does not arise from itself, nor from another, nor from both, nor without cause.
['BO_T04_D3859-2:313b-1']	brtags po'i dngos po la dmigs pa'i skye ba yang khas ma blangs la /	brtags po'i dngos po la dmigs pa'i skye ba yang khas ma blangs la /	313b	And since we do not accept that consciousness arises in dependence on an object that is a conceptually imputed entity,
['BO_T04_D3859-2:313b-2']	dngos po thams cad kyi yod pa nyid kyang bkag pa'i phyir dang / kun rdzob kyi tha snyad du dngos po brjod pa yang ma spangs pa'i phyir gang gis gang la gnod pa yang med do zhes bstan to //	dngos po thams cad kyi yod pa nyid kyang bkag pa'i phyir dang / kun rdzob kyi tha snyad du dngos po brjod pa yang ma spangs pa'i phyir gang gis gang la gnod pa yang med do zhes bstan to //	313b	and since we refute the existence of all things, and since we do not abandon the expression of things in conventional terms, there is nothing that undermines anything.
['BO_T04_D3859-2:313b-3']	mngon sum gyi gnod pa yod par rtog par 'dod na de yang rigs pa ma yin te /	mngon sum gyi gnod pa yod par rtog par 'dod na de yang rigs pa ma yin te /	313b	If you think that there is the fault of contradicting direct perception, that also is not a correct objection.
['BO_T04_D3859-2:313b-4']	mngon sum du dmigs pa'i dngos po mngon sum du yod pa nyid du bstan par bya dgos na de yang ma grub pa'i phyir ro zhes bya ba ni gal te pha rol po dag 'di skad ces dbu ma pa chos kyi ngo bo nyid rgyu dang rkyen las	mngon sum du dmigs pa'i dngos po mngon sum du yod pa nyid du bstan par bya dgos na de yang ma grub pa'i phyir ro zhes bya ba ni gal te pha rol po dag 'di skad ces dbu ma pa chos kyi ngo bo nyid rgyu dang rkyen las	313b	If you say that you must demonstrate that the object that is directly perceived exists in direct perception, but that is not established,
['BO_T04_D3859-2:313b-5']	byung ba ngo bo nyid med do zhes bya bar bsgrubs pas 'jig rten gyi tha snyad ma spangs pa'i phyir grags pa'i gnod pa med kyang mngon sum gyi gnod par 'gyur ro zhe na /	byung ba ngo bo nyid med do zhes bya bar bsgrubs pas 'jig rten gyi tha snyad ma spangs pa'i phyir grags pa'i gnod pa med kyang mngon sum gyi gnod par 'gyur ro zhe na /	313b	if the opponent says, “The Mādhyamika proves that the entity of phenomena arises from causes and conditions and is essenceless, and because of that he does not abandon worldly conventions, therefore there is no invalidation by what is renowned, but there is invalidation by direct perception,”
['BO_T04_D3859-2:313b-6']	de yang rigs pa ma yin te don dam par dngos po mngon sum du dmigs pa zhig yod na ni de skad byar yang rung grang na /	de yang rigs pa ma yin te don dam par dngos po mngon sum du dmigs pa zhig yod na ni de skad byar yang rung grang na /	313b	that also is not correct. If in the ultimate sense there were direct perception of an entity, then it would be suitable to say that.
['BO_T04_D3859-2:313b-7']	de yang ma grub pa'i phyir mngon sum gyi gnod pa yang med do //	de yang ma grub pa'i phyir mngon sum gyi gnod pa yang med do //	313b	But because that is not established, there is also no invalidation by direct perception.
['BO_T04_D3859-2:313b-8']	'dir gal te pha rol po dag 'di skad ces da ltar dngos po ngo bo nyid yod pa rgyu dang rkyen las skye ba mngon sum du snang bas ngo bo nyid med pa nyid ma yin no zhes zer ba'i phyogs snga ma khong nas dbyung ba de'i lan	'dir gal te pha rol po dag 'di skad ces da ltar dngos po ngo bo nyid yod pa rgyu dang rkyen las skye ba mngon sum du snang bas ngo bo nyid med pa nyid ma yin no zhes zer ba'i phyogs snga ma khong nas dbyung ba de'i lan	313b	Here, the earlier position that the opponent might say, “Since things that exist by way of their own entities are manifestly seen to arise from causes and conditions, they are not devoid of their own entities,” is drawn out from within the root text.
['BO_T04_D3859-2:313b-9', 'BO_T04_D3859-2:313b-10']	du 'dir 'grel pa byed pa nyid kyis gal te don dam par dngos po 'ga' zhig rnam pa 'ga' zhig gis yod par gyur na rang gi bdag nyid kyis yod pa de'i skye ba don med par 'gyur te /🔽ngo bo nyid ni rgyu rkyen las //	du 'dir 'grel pa byed pa nyid kyis gal te don dam par dngos po 'ga' zhig rnam pa 'ga' zhig gis yod par gyur na rang gi bdag nyid kyis yod pa de'i skye ba don med par 'gyur te / ngo bo nyid ni rgyu rkyen las //	313b	In response to that, the author of the commentary says, “If ultimately things existed in some way, then the arising of that which exists by way of its own entity would be pointless.”🔽It is not tenable that an entity
['BO_T04_D3859-2:313b-11']	'byung bar rigs pa ma yin no //	'byung bar rigs pa ma yin no //	313b	arises from causes and conditions.
['BO_T04_D3859-2:313b-12']	ngo bo nyid med par smra ba'i phyogs la zhes bya ba'i tshig gi lhag ma'o zhes bya ba smras te /	ngo bo nyid med par smra ba'i phyogs la zhes bya ba'i tshig gi lhag ma'o zhes bya ba smras te /	313b	The phrase “in the system of the proponents of nonentityness” is left out.
['BO_T04_D3859-2:313b-13']	ngo bo nyid yod par smra ba'i phyogs la ngo bo nyid ni mi 'gyur ba bcos ma ma yin pas rgyu dang rkyen las 'byung bar mi rigs so zhes glags yod pa'i tshig tu bstan to //	ngo bo nyid yod par smra ba'i phyogs la ngo bo nyid ni mi 'gyur ba bcos ma ma yin pas rgyu dang rkyen las 'byung bar mi rigs so zhes glags yod pa'i tshig tu bstan to //	313b	In the position that maintains that entities exist by their own intrinsic reality, intrinsic reality is unchanging and not fabricated, so it is not reasonable that it arise from causes and conditions.
['BO_T04_D3859-2:313b-14']	ngo bo nyid dang 'byung ba'i tshig gi don bstan pa'i phyir ngo bo nyid ni rang gi ngo bo ste /	ngo bo nyid dang 'byung ba'i tshig gi don bstan pa'i phyir ngo bo nyid ni rang gi ngo bo ste /	313b	In order to teach the meaning of the words intrinsic reality and arising, he said, “Intrinsic reality is one’s own nature.”
['BO_T04_D3859-2:313b-15']	rang gi bdag nyid ces bya ba'i tha tshig go //	rang gi bdag nyid ces bya ba'i tha tshig go //	313b	The term “one’s own nature” means one’s own essence.
['BO_T04_D3859-2:313b-16']	'byung ba ni skye'o zhes bya ba smras so //	'byung ba ni skye'o zhes bya ba smras so //	313b	Arising is origination.
['BO_T04_D3859-2:313b-17', 'BO_T04_D3859-2:313b-18']	ci ste 'byung bar mthong bas bsnyon par mi nus so zhe na zhes bya ba ni /🔽ci ste pha rol po dag na re da ltar phyi nang gi dngos po thams cad rgyu dang rkyen las 'byung bar mthong bas /	ci ste 'byung bar mthong bas bsnyon par mi nus so zhe na zhes bya ba ni / ci ste pha rol po dag na re da ltar phyi nang gi dngos po thams cad rgyu dang rkyen las 'byung bar mthong bas /	313b	If you say, “We cannot deny arising because it is seen,”
['BO_T04_D3859-2:313b-19', 'BO_T04_D3859-2:314a-0']	ngo bo nyid med do zhes bsnyon par mi nus so zhes zer na'o //🔽de'i @314a * //	ngo bo nyid med do zhes bsnyon par mi nus so zhes zer na'o // de'i @314a * //	313b	if you say, “We cannot deny that entities lack intrinsic reality because we see that all outer and inner entities arise from causes and conditions.”
['BO_T04_D3859-2:314a-1']	lan du de yang rgyu dang rkyen gzhan la rag las pa yin pas zhes bya ba smras te /	lan du de yang rgyu dang rkyen gzhan la rag las pa yin pas zhes bya ba smras te /	314a	In response to that, he said, “That also depends on other causes and conditions.”
['BO_T04_D3859-2:314a-2']	rgyu dang rkyen las byung ba'i ngo bo nyid gang yin pa de ni bcos ma yin pas ngo bo nyid ma yin no zhes skabs kyi don bstan to //	rgyu dang rkyen las byung ba'i ngo bo nyid gang yin pa de ni bcos ma yin pas ngo bo nyid ma yin no zhes skabs kyi don bstan to //	314a	The meaning of the passage is this: That which arises from causes and conditions is a product, and what is a product is not an intrinsic reality.
['BO_T04_D3859-2:314a-3']	rgyu zhes bya ba'i mtshan nyid bstan pa'i phyir /	rgyu zhes bya ba'i mtshan nyid bstan pa'i phyir /	314a	In order to demonstrate the characteristics of a cause, he says:
['BO_T04_D3859-2:314a-4']	rgyu dang rkyen las byung ba yi //	rgyu dang rkyen las byung ba yi //	314a	That which arises from causes and conditions
['BO_T04_D3859-2:314a-5']	ngo bo nyid ni byas par 'gyur //	ngo bo nyid ni byas par 'gyur //	314a	has an intrinsic reality that is a product.
['BO_T04_D3859-2:314a-6']	de la rgyu ni thun mong ma yin pa dang / rang gi don dang de ma thag pa dang cha mthun pa skyed pa gcig pu gang yin pa'o zhes bya ba smras te /	de la rgyu ni thun mong ma yin pa dang / rang gi don dang de ma thag pa dang cha mthun pa skyed pa gcig pu gang yin pa'o zhes bya ba smras te /	314a	Here, a cause is said to be that which is not shared, which is one’s own object, which is immediate, and which generates a homogeneous continuum.
['BO_T04_D3859-2:314a-7']	gang gis 'bras bu de nyid skyed kyi gzhan dang thun mong ma yin pa dang / rdzas kyi rgyud de nyid skyed cing rang gi byed pa dang / rang gi ngo bo zhi gos ma thag tu 'bras bu skyed pas de ma thag pa dang 'bras bu cha mthun pa skyed pa khams drug lta bu ma yin pa gcig pu gang yin pa de ni rgyu'i mtshan nyid do //	gang gis 'bras bu de nyid skyed kyi gzhan dang thun mong ma yin pa dang / rdzas kyi rgyud de nyid skyed cing rang gi byed pa dang / rang gi ngo bo zhi gos ma thag tu 'bras bu skyed pas de ma thag pa dang 'bras bu cha mthun pa skyed pa khams drug lta bu ma yin pa gcig pu gang yin pa de ni rgyu'i mtshan nyid do //	314a	The definition of cause is that which produces a specific result, not shared with others, and which produces its own continuum of substantial entities, its own activity, and its own nature, and which produces its result immediately after it arises, and which produces a result that is similar to itself, unlike the six elements.
['BO_T04_D3859-2:314a-8']	rkyen gyi mtshan nyid bstan pa'i phyir /	rkyen gyi mtshan nyid bstan pa'i phyir /	314a	In order to demonstrate the definition of condition, he says:
['BO_T04_D3859-2:314a-9']	rkyen ni de las bzlog pa ste //	rkyen ni de las bzlog pa ste //	314a	Condition is the opposite of that.
['BO_T04_D3859-2:314a-10']	lhan cig byed pa dag go zhes bya ba smras te /	lhan cig byed pa dag go zhes bya ba smras te /	314a	It is a co-originator.
['BO_T04_D3859-2:314a-11']	rgyu'i mtshan nyid las bzlog pa'o //	rgyu'i mtshan nyid las bzlog pa'o //	314a	The opposite of the definition of cause.
['BO_T04_D3859-2:314a-12']	byas pa ni bcos ma zhes bya ba'i tha tshig go zhes bya ba ni ngo bo nyid ma yin pa zhes bya ba'i don to //	byas pa ni bcos ma zhes bya ba'i tha tshig go zhes bya ba ni ngo bo nyid ma yin pa zhes bya ba'i don to //	314a	The created is synonymous with the fabricated, which means it is not intrinsic.
['BO_T04_D3859-2:314a-13']	de la 'dir mi mthun pa'i phyogs las bzlog pas phyogs kyi chos mngon no zhes bya ba'i tshig gi don te zhes bya ba ni ngo bo nyid med pa'i mi mthun pa'i phyogs ni ngo bo nyid yod pa ste /	de la 'dir mi mthun pa'i phyogs las bzlog pas phyogs kyi chos mngon no zhes bya ba'i tshig gi don te zhes bya ba ni ngo bo nyid med pa'i mi mthun pa'i phyogs ni ngo bo nyid yod pa ste /	314a	Here, the meaning of the words “the property of the position is clearly seen as the opposite of the discordant side” is as follows: The discordant side of realitylessness is the existence of reality.
['BO_T04_D3859-2:314a-14']	de las bzlog pas ngo bo nyid med pa'i phyogs kyi chos gtan tshigs ni rgyu dang rkyen las byung ba yin par mngon no zhes bya ba'i tshig gi don to //	de las bzlog pas ngo bo nyid med pa'i phyogs kyi chos gtan tshigs ni rgyu dang rkyen las byung ba yin par mngon no zhes bya ba'i tshig gi don to //	314a	The property of the position of realitylessness is the reason, which is clearly seen as arising from causes and conditions.
['BO_T04_D3859-2:314a-15']	de shes par byed pa'i dpe bstan pa'i phyir /	de shes par byed pa'i dpe bstan pa'i phyir /	314a	In order to demonstrate the example that makes that known,
['BO_T04_D3859-2:314a-16']	dper na sgra ni rtag pa dang ldan pa yin no //	dper na sgra ni rtag pa dang ldan pa yin no //	314a	it says, for example, sound is endowed with permanence.
['BO_T04_D3859-2:314a-17']	rtag pa ni byas pa ma yin pa'i phyir ro //	rtag pa ni byas pa ma yin pa'i phyir ro //	314a	Permanence is not a product.
['BO_T04_D3859-2:314a-18']	rtag pa la ni byas pa nyid med la sgra la ni byas pa nyid yod pas de'i phyir sgra ni mi rtag ste byas pa'i phyir ro zhes bya ba de bzhin du /	rtag pa la ni byas pa nyid med la sgra la ni byas pa nyid yod pas de'i phyir sgra ni mi rtag ste byas pa'i phyir ro zhes bya ba de bzhin du /	314a	Permanence does not have the nature of being a product, but sound does have the nature of being a product. Therefore, sound is impermanent, because it is a product.
['BO_T04_D3859-2:314a-19']	'dir yang ngo bo nyid ni rgyu dang rkyen rnams las 'byung bar mi rigs te /	'dir yang ngo bo nyid ni rgyu dang rkyen rnams las 'byung bar mi rigs te /	314a	In the same way, here also, it is not reasonable that reality arise from causes and conditions.
['BO_T04_D3859-2:314a-20']	rgyu dang rkyen rnams las byung ba'i ngo bo nyid ni byas pa yin par 'gyur la /	rgyu dang rkyen rnams las byung ba'i ngo bo nyid ni byas pa yin par 'gyur la /	314a	An entity that arises from causes and conditions is a product.
['BO_T04_D3859-2:314a-21']	ngo bo nyid la ni byas pa nyid yod pa ma yin te /	ngo bo nyid la ni byas pa nyid yod pa ma yin te /	314a	But an entity does not exist as a product.
['BO_T04_D3859-2:314a-22', 'BO_T04_D3859-2:314a-23']	ngo bo nyid ni ma byas pa'i phyir ro zhes bya ba smras te /🔽brda sprod pa pa 'ga' zhig gis sgra ni rtag go zhes smras pa na /	ngo bo nyid ni ma byas pa'i phyir ro zhes bya ba smras te / brda sprod pa pa 'ga' zhig gis sgra ni rtag go zhes smras pa na /	314a	Because an entity is not a product.🔽When some grammarians say that sound is permanent,
['BO_T04_D3859-2:314a-24']	la la zhig na re sgra ni rtag pa dang ldan pa ma yin te /	la la zhig na re sgra ni rtag pa dang ldan pa ma yin te /	314a	someone else says, Sound is not endowed with permanence.
['BO_T04_D3859-2:314a-25']	ci'i phyir zhe na /	ci'i phyir zhe na /	314a	Why?
['BO_T04_D3859-2:314a-26']	rtag pa ni byas pa ma yin pa'i phyir te /	rtag pa ni byas pa ma yin pa'i phyir te /	314a	Because permanence is not a product.
['BO_T04_D3859-2:314a-27']	rtag pa la ni byas pa nyid med la /	rtag pa la ni byas pa nyid med la /	314a	Because permanence does not exist as a product.
['BO_T04_D3859-2:314b-0']	sgra la ni byas pa nyid yod pas de'i phyir sgra mi rtag pa'i mi mthun pa'i phyogs rtag pa las bzlog @314b pas sgra mi rtag par bsgrub pa'i phyogs kyi chos byas pa nyid mngon pa'i phyir sgra ni mi rtag ste byas pa'i phyir ro zhes zer ba	sgra la ni byas pa nyid yod pas de'i phyir sgra mi rtag pa'i mi mthun pa'i phyogs rtag pa las bzlog @314b pas sgra mi rtag par bsgrub pa'i phyogs kyi chos byas pa nyid mngon pa'i phyir sgra ni mi rtag ste byas pa'i phyir ro zhes zer ba	314b	But sound exists as a product. Therefore, because the property of the subject, being a product, is stated as the reason proving that sound is impermanent, the opposite of the discordant side, permanence, is stated. Therefore sound is impermanent because it is a product.
['BO_T04_D3859-2:314b-1']	de bzhin du 'dir yang ngo bo nyid med pa'i mi mthun pa'i phyogs ni ngo bo nyid yod pa ste /	de bzhin du 'dir yang ngo bo nyid med pa'i mi mthun pa'i phyogs ni ngo bo nyid yod pa ste /	314b	So too, here, the opposite of realitylessness is the existence of reality.
['BO_T04_D3859-2:314b-2']	ngo bo nyid yod pa ni rgyu dang rkyen rnams las 'byung bar mi rigs la dngos po 'di la ni rgyu dang rkyen rnams kyis byas pa nyid yod pas ngo bo nyid med par bsgrub pa'i phyogs kyi chos ni rgyu dang rkyen gyis byas pa yin par me	ngo bo nyid yod pa ni rgyu dang rkyen rnams las 'byung bar mi rigs la dngos po 'di la ni rgyu dang rkyen rnams kyis byas pa nyid yod pas ngo bo nyid med par bsgrub pa'i phyogs kyi chos ni rgyu dang rkyen gyis byas pa yin par me	314b	It is not reasonable that what exists by way of intrinsic reality should arise from causes and conditions, but since this entity has the very existence that is created by causes and conditions, the property of the position that proves realitylessness is the fact that it is created by causes and conditions.
['BO_T04_D3859-2:314b-3']	don no zhes ston to //	don no zhes ston to //	314b	This is what is shown.
['BO_T04_D3859-2:314b-4']	de'i phyir 'di la ni byas pa nyid yod pas 'dir rjes su dpag pa ni 'di ltar bya ste zhes bya bar sbyar ro //	de'i phyir 'di la ni byas pa nyid yod pas 'dir rjes su dpag pa ni 'di ltar bya ste zhes bya bar sbyar ro //	314b	Therefore, since it has the very existence that is created by causes and conditions, the syllogism is to be applied in this way.
['BO_T04_D3859-2:314b-5']	don dam par nang gi skye mched rnams ni ngo bo nyid yod pa ma yin te /	don dam par nang gi skye mched rnams ni ngo bo nyid yod pa ma yin te /	314b	Ultimately, the internal sense bases do not exist by way of intrinsic reality,
['BO_T04_D3859-2:314b-6']	rgyu dang rkyen las byung ba'i phyir dper na sgyu mar byas pa'i mi dang phyugs dang ri dags dang bya la sogs pa'i rdzas dag bzhin no zhes bya ba dag ni chos can dang / bsgrub par bya ba chos dang / sgrub pa'i chos dang /	rgyu dang rkyen las byung ba'i phyir dper na sgyu mar byas pa'i mi dang phyugs dang ri dags dang bya la sogs pa'i rdzas dag bzhin no zhes bya ba dag ni chos can dang / bsgrub par bya ba chos dang / sgrub pa'i chos dang /	314b	The subject is “because they arise from causes and conditions,” the predicate is “like the substances of illusory men, cattle, deer, birds, and so on,” and the example is “that are created by magic.”
['BO_T04_D3859-2:314b-7']	dpe yin par go rims bzhin du sbyar te /	dpe yin par go rims bzhin du sbyar te /	314b	They are applied in order.
['BO_T04_D3859-2:314b-8']	dper na sgyu mar byas pa'i mi la sogs pa'i rdzas ni rgyu dang rkyen las byung ba'i phyir ngo bo nyid yod pa ma yin pa de bzhin du nang gi skye mched rnams kyang rgyu dang rkyen las byung ba'i phyir ngo bo nyid yod pa ma yin no	dper na sgyu mar byas pa'i mi la sogs pa'i rdzas ni rgyu dang rkyen las byung ba'i phyir ngo bo nyid yod pa ma yin pa de bzhin du nang gi skye mched rnams kyang rgyu dang rkyen las byung ba'i phyir ngo bo nyid yod pa ma yin no	314b	For example, the substances of illusory men and so on are not intrinsically existent because they arise from causes and conditions. In the same way, the internal sense sources are not intrinsically existent because they arise from causes and conditions.
['BO_T04_D3859-2:314b-9']	// gang la ngo bo nyid yod pa de ni 'byung bar mi 'gyur bas mi mthun pa'i phyogs las ldog go zhes bya bas ni dam bcas pa dang gtan tshigs snga ma de mi mthun pa'i phyogs las ldog pas /	// gang la ngo bo nyid yod pa de ni 'byung bar mi 'gyur bas mi mthun pa'i phyogs las ldog go zhes bya bas ni dam bcas pa dang gtan tshigs snga ma de mi mthun pa'i phyogs las ldog pas /	314b	Since that which intrinsically exists does not arise, the thesis and the previous reason are reversed from the discordant side.
['BO_T04_D3859-2:314b-10']	rjes su dpag par bya ba la yod pa dang / mthun pa'i phyogs la yod pa dang / mi mthun pa'i phyogs la med pa nyid du nges pa'i tshul bstan to //	rjes su dpag par bya ba la yod pa dang / mthun pa'i phyogs la yod pa dang / mi mthun pa'i phyogs la med pa nyid du nges pa'i tshul bstan to //	314b	The existence of the object of inference, the existence of the similar instance, and the nonexistence of the dissimilar instance are taught.
['BO_T04_D3859-2:314b-11']	'dir tshig gi don la rtogs pa sun 'byin par 'dod pa kha cig gis smras pa /	'dir tshig gi don la rtogs pa sun 'byin par 'dod pa kha cig gis smras pa /	314b	Here, someone who wishes to refute the understanding of the meaning of the words says,
['BO_T04_D3859-2:314b-12']	sgyu ma ni gsang sngags dang sman yongs su bzung ba'i dbang gis 'jim pa dang sa dang rtsva dang 'bras bu dang lo ma la sogs pa yod pa nyid las glang po che la sogs pa'i gzugs su snang ba'i phyir dpe bsgrub par bya ba chos dang mi	sgyu ma ni gsang sngags dang sman yongs su bzung ba'i dbang gis 'jim pa dang sa dang rtsva dang 'bras bu dang lo ma la sogs pa yod pa nyid las glang po che la sogs pa'i gzugs su snang ba'i phyir dpe bsgrub par bya ba chos dang mi	314b	“The example is flawed in that it does not accord with the probandum because an illusion appears in the form of an elephant and so on from the existence of clay, earth, grass, fruit, leaves, and so on, through the power of the mantra and medicine being employed.”
['BO_T04_D3859-2:314b-13']	mthun pa'i skyon yod do zhes bya ba ni pha rol po dngos po rgyu dang rkyen las byung ba ngo bo nyid med par bsgrub pa'i tshig gi don ma rtogs pa dbu ma pa sun 'byin par 'dod pa kha cig sngar dbu ma pas don dam par nang	mthun pa'i skyon yod do zhes bya ba ni pha rol po dngos po rgyu dang rkyen las byung ba ngo bo nyid med par bsgrub pa'i tshig gi don ma rtogs pa dbu ma pa sun 'byin par 'dod pa kha cig sngar dbu ma pas don dam par nang	314b	This is said by someone who wishes to refute the Mādhyamika and does not understand the meaning of the words that prove that things arise from causes and conditions and are essenceless. The Mādhyamika first states the thesis that ultimately the inner and outer are not arisen.
['BO_T04_D3859-2:314b-14']	gi skye mched rnams ni ngo bo nyid yod pa ma yin te /	gi skye mched rnams ni ngo bo nyid yod pa ma yin te /	314b	The sense bases do not exist inherently.🔽
['BO_T04_D3859-2:315a-0', 'BO_T04_D3859-2:315a-1']	rgyu dang rkyen las byung ba'i phyir dper na sgyu mar byas pa'i mi dang @315a * //🔽phyugs dang ri dvags dang bya la sogs pa'i rdzas dag bzhin no zhes smras pa'i dpe sun 'byin pa'i tshig yin te /	rgyu dang rkyen las byung ba'i phyir dper na sgyu mar byas pa'i mi dang @315a * // phyugs dang ri dvags dang bya la sogs pa'i rdzas dag bzhin no zhes smras pa'i dpe sun 'byin pa'i tshig yin te /	315a	The sense bases do not exist inherently because they arise from causes and conditions, like the substances of illusory men, cattle, deer, birds, and so on.🔽This is the refutation of the example.🔽They say that although the elephant and so on do not exist as the nature of the illusion, the substances of the props of the illusion, such as grass and so on, do exist by their own nature.
['BO_T04_D3859-2:315a-2', 'BO_T04_D3859-2:315a-3']	de dag na re sgyu ma ni glang po che la sogs pa'i ngo bo nyid du med kyang sgyu ma'i yo byang rtsva la sogs pa dag ngo bo nyid yod pa'i phyir khyed dbu ma pas dngos po rnams ngo bo nyid med par sgrub pa'i dpe sgyu ma🔽las blangs pa de bsgrub par bya ba chos dang mi ldan pa'i skyon yod do zhes zer ro //	de dag na re sgyu ma ni glang po che la sogs pa'i ngo bo nyid du med kyang sgyu ma'i yo byang rtsva la sogs pa dag ngo bo nyid yod pa'i phyir khyed dbu ma pas dngos po rnams ngo bo nyid med par sgrub pa'i dpe sgyu ma las blangs pa de bsgrub par bya ba chos dang mi ldan pa'i skyon yod do zhes zer ro //	315a	Therefore, the example that you Mādhyamikas use to prove that things lack intrinsic existence is faulty because it does not share the properties of the thesis.
['BO_T04_D3859-2:315a-4']	de skad ces zer ba de'i lan du 'dir 'grel pa byed pa nyid kyis /	de skad ces zer ba de'i lan du 'dir 'grel pa byed pa nyid kyis /	315a	In response to this, the author of the commentary says:
['BO_T04_D3859-2:315a-5']	de ni rigs pa ma yin te /	de ni rigs pa ma yin te /	315a	This is not correct.
['BO_T04_D3859-2:315a-6', 'BO_T04_D3859-2:315a-7']	glang po cher snang ba la glang po che'i ngo bo nyid med pa nyid dpe nyid du 'dod kyi /🔽rtsva la sogs pa dag mi 'dod pa'i phyir dang / de dag ngo bo nyid kyang yod pa ma yin te /	glang po cher snang ba la glang po che'i ngo bo nyid med pa nyid dpe nyid du 'dod kyi / rtsva la sogs pa dag mi 'dod pa'i phyir dang / de dag ngo bo nyid kyang yod pa ma yin te /	315a	We assert that the appearance as an elephant in the illusion of an elephant is the example of the nonexistence of the reality of an elephant.
['BO_T04_D3859-2:315a-8']	de dag gi skye ba bkag pa'i phyir dang sa la sogs pa dag rdzas su yod pa nyid bkag pa'i phyir ro zhes bya ba smras te /	de dag gi skye ba bkag pa'i phyir dang sa la sogs pa dag rdzas su yod pa nyid bkag pa'i phyir ro zhes bya ba smras te /	315a	We do not assert that the grass and so on are the example, because they are existent things, and because their reality also exists.🔽We assert that the appearance as an elephant in the illusion of an elephant is the example of the nonexistence of the reality of an elephant.
['BO_T04_D3859-2:315a-9', 'BO_T04_D3859-2:315a-10']	kho bo sgrub pa'i glang po cher snang ba la glang po che'i ngo bo nyid med pa nyid dpe nyid du 'dod kyi rtsva la sogs pa dngos po yod pa dag dpe nyid du mi 'dod pa'i phyir kho bo'i dpe bsgrub par bya ba chos dang mi ldan🔽pa ma yin no //	kho bo sgrub pa'i glang po cher snang ba la glang po che'i ngo bo nyid med pa nyid dpe nyid du 'dod kyi rtsva la sogs pa dngos po yod pa dag dpe nyid du mi 'dod pa'i phyir kho bo'i dpe bsgrub par bya ba chos dang mi ldan pa ma yin no //	315a	We do not assert that the grass and so on are the example, because they are existent things.🔽Therefore, the example does not lack the property to be proven.
['BO_T04_D3859-2:315a-11']	sgyu ma'i yo byad rtsva la sogs pa de dag gi ngo bo nyid kyang yod pa ma yin te /	sgyu ma'i yo byad rtsva la sogs pa de dag gi ngo bo nyid kyang yod pa ma yin te /	315a	The reality of those illusory things, such as grass, also does not exist.
['BO_T04_D3859-2:315a-12', 'BO_T04_D3859-2:315a-13']	de dag gi skye ba bkag pa'i phyir dang sa la sogs pa dag rdzas su yod pa nyid bkag pa'i phyir ro //🔽gzhan dag gis smras pa zhes bya bas ni pha rol po gzhan dag sngar dbu ma pas don dam par nang gi skye mched rnams ngo bo nyid yod pa ma yin te /	de dag gi skye ba bkag pa'i phyir dang sa la sogs pa dag rdzas su yod pa nyid bkag pa'i phyir ro // gzhan dag gis smras pa zhes bya bas ni pha rol po gzhan dag sngar dbu ma pas don dam par nang gi skye mched rnams ngo bo nyid yod pa ma yin te /	315a	Because they refute the arising of those and because they refute the substantial existence of earth and so on.🔽Others say means that others, the opponents, previously said to the Mādhyamika, “The ultimate existence of the internal sense bases is not tenable because they arise from causes and conditions, like, for example, the substances of illusory men, cattle, deer, birds, and so on.”
['BO_T04_D3859-2:315a-14', 'BO_T04_D3859-2:315a-15']	rgyu dang rkyen rnams las byung ba'i phyir dper na sgyu mar byas pa'i mi dang phyugs dang ri dags dang bya la sogs pa'i rdzas dag bzhin no zhes smras pa'i gtan tshigs de'i don 'gal ba nyid dang ma nges pa nyid dang ma grub pa nyid du sun🔽'byin pa ston to //	rgyu dang rkyen rnams las byung ba'i phyir dper na sgyu mar byas pa'i mi dang phyugs dang ri dags dang bya la sogs pa'i rdzas dag bzhin no zhes smras pa'i gtan tshigs de'i don 'gal ba nyid dang ma nges pa nyid dang ma grub pa nyid du sun🔽'byin pa ston to //	315a	This shows that they are refuting the reason that the Madhyamika gave, demonstrating that it is contradictory, uncertain, and not established.
['BO_T04_D3859-2:315a-16']	de la gtan tshigs kyi don 'gal ba nyid du sun 'byin pa bstan pa'i phyir ci tsam du gang dag rgyu dang rkyen las byung ba dag thams cad dngos po'i ngo bo nyid yin pas gtan tshigs kyi don 'gal ba nyid yin no zhes bya ba smras te	de la gtan tshigs kyi don 'gal ba nyid du sun 'byin pa bstan pa'i phyir ci tsam du gang dag rgyu dang rkyen las byung ba dag thams cad dngos po'i ngo bo nyid yin pas gtan tshigs kyi don 'gal ba nyid yin no zhes bya ba smras te	315a	To the extent that you say that whatever arises from causes and conditions is an entity, the meaning of the reason is contradictory.
['BO_T04_D3859-2:315a-17']	/ 'jig rten na ci tsam du dngos po gang dag rgyu dang rkyen las byung ba de dag thams cad ngo bo nyid yod par mthong bas des na khyed dbu ma pas nang gi skye mched rnams ni ngo bo nyid yod pa ma yin te /	/ 'jig rten na ci tsam du dngos po gang dag rgyu dang rkyen las byung ba de dag thams cad ngo bo nyid yod par mthong bas des na khyed dbu ma pas nang gi skye mched rnams ni ngo bo nyid yod pa ma yin te /	315a	Whatever things in the world arise from causes and conditions are seen to exist inherently. Therefore, since you Followers of the Middle Way say that the inner sense sources do not exist inherently
['BO_T04_D3859-2:315a-18']	rgyu dang rkyen las byung ba'i phyir ro zhes smras pa'i gtan tshigs de'i don 'gal ba nyid yin no //	rgyu dang rkyen las byung ba'i phyir ro zhes smras pa'i gtan tshigs de'i don 'gal ba nyid yin no //	315a	because they arise from causes and conditions, the meaning of your reason is contradictory.🔽To demonstrate that the meaning of the reason is indeterminate, the text says:
['BO_T04_D3859-2:315b-0']	gtan @315b tshigs kyi don ma nges pa nyid du sun 'byin pa bstan pa'i phyir ma nges pa nyid kyang yin te /	gtan @315b tshigs kyi don ma nges pa nyid du sun 'byin pa bstan pa'i phyir ma nges pa nyid kyang yin te /	315b	Indeterminacy is also a problem.
['BO_T04_D3859-2:315b-1', 'BO_T04_D3859-2:315b-2', 'BO_T04_D3859-2:315b-3']	sgyu ma la sogs pa kha cig mthun pa'i phyogs dang mi mthun pa'i phyogs la yang yod pa'i phyir ro zhes bya ba smras te /🔽sgyu ma dang sgyu ma'i yo byad dag dang rgyu rkyen las byung bas 'dra yang sgyu ma ni ngo bo nyid med pa'i mthun pa'i phyogs la yod la sgyu ma'i yo byad dag ni ngo bo nyid med pa'i mi mthun pa'i phyogs la yang yod pa'i phyir des🔽na ci re zhig rgyu dang rkyen las byung ba'i phyir /	sgyu ma la sogs pa kha cig mthun pa'i phyogs dang mi mthun pa'i phyogs la yang yod pa'i phyir ro zhes bya ba smras te / sgyu ma dang sgyu ma'i yo byad dag dang rgyu rkyen las byung bas 'dra yang sgyu ma ni ngo bo nyid med pa'i mthun pa'i phyogs la yod la sgyu ma'i yo byad dag ni ngo bo nyid med pa'i mi mthun pa'i phyogs la yang yod pa'i phyir des na ci re zhig rgyu dang rkyen las byung ba'i phyir /	315b	Some say: Because some things such as illusions exist in both the class of things that are similar and the class of things that are not similar.🔽Although illusions and the articles used in the illusion are similar in arising from causes and conditions, illusions exist in the class of things that are similar to things that lack intrinsic reality and the articles used in the illusion exist in the class of things that are not similar to things that lack intrinsic reality.
['BO_T04_D3859-2:315b-4']	sgyu ma bzhin du ngo bo nyid med par 'gyur ram 'on te rgyu dang rkyen las byung ba'i phyir sgyu ma'i yo byad dag bzhin du ngo bo nyid yod par 'gyur ba ma nges pa'i phyir ro //	sgyu ma bzhin du ngo bo nyid med par 'gyur ram 'on te rgyu dang rkyen las byung ba'i phyir sgyu ma'i yo byad dag bzhin du ngo bo nyid yod par 'gyur ba ma nges pa'i phyir ro //	315b	Therefore, is it that because they arise from causes and conditions, they lack intrinsic reality like an illusion? Or is it that because they arise from causes and conditions, they possess intrinsic reality like the articles used in the illusion?🔽It is uncertain.
['BO_T04_D3859-2:315b-5']	gtan tshigs kyi don ma grub pa nyid du sun 'byin pa bstan pa'i phyir mthun pa'i phyogs thams cad la ma khyab pas gtan tshigs kyi don ma grub pa nyid kyang yin te /	gtan tshigs kyi don ma grub pa nyid du sun 'byin pa bstan pa'i phyir mthun pa'i phyogs thams cad la ma khyab pas gtan tshigs kyi don ma grub pa nyid kyang yin te /	315b	In order to demonstrate that the meaning of the reason is not established, he says, “The meaning of the reason is not established because it does not pervade all similar instances.”
['BO_T04_D3859-2:315b-6']	nam mkha' la sogs pa 'dus ma byas dag rgyu dang rkyen las ma byung ba'i phyir ro zhes bya ba smras te /	nam mkha' la sogs pa 'dus ma byas dag rgyu dang rkyen las ma byung ba'i phyir ro zhes bya ba smras te /	315b	He says, “Uncompounded phenomena such as space do not arise from causes and conditions.”
['BO_T04_D3859-2:315b-7']	khyed dbu ma pas ni ngo bo nyid med pa'i mthun pa'i phyogs phyi nang gi skye mched la sogs pa 'dus byas dang / nam mkha' la sogs pa 'dus ma byas thams cad kyang ngo bo nyid med pa nyid du dam 'cha' ba yin pa las de'i gtan tshigs rgyu dang rkyen las byung ba'i phyir zhes bya ba de phyi nang gi skye mched la sogs pa 'dus byas rnams la yod	khyed dbu ma pas ni ngo bo nyid med pa'i mthun pa'i phyogs phyi nang gi skye mched la sogs pa 'dus byas dang / nam mkha' la sogs pa 'dus ma byas thams cad kyang ngo bo nyid med pa nyid du dam 'cha' ba yin pa las de'i gtan tshigs rgyu dang rkyen las byung ba'i phyir zhes bya ba de phyi nang gi skye mched la sogs pa 'dus byas rnams la yod	315b	You Mādhyamikas assert that all compounded phenomena, such as the inner and outer sense sources, and all uncompounded phenomena, such as space, are devoid of entityness. The reason you give for that is “because they arise from causes and conditions.” That reason exists for compounded phenomena such as the inner and outer sense sources.
['BO_T04_D3859-2:315b-8']	kyang / nam mkha' la sogs pa 'dus ma byas pa dag la med pa'i phyir mthun pa'i phyogs thams cad la ma khyab pas gtan tshigs kyi don ma grub pa nyid kyang yin no zhes zer ro //	kyang / nam mkha' la sogs pa 'dus ma byas pa dag la med pa'i phyir mthun pa'i phyogs thams cad la ma khyab pas gtan tshigs kyi don ma grub pa nyid kyang yin no zhes zer ro //	315b	But since it does not pervade all similar instances, since it does not exist in unconditioned phenomena such as space, the meaning of the reason is not established.
['BO_T04_D3859-2:315b-9']	de skad ces zer ba de'i lan du 'dir 'grel pa byed pa nyid kyis /	de skad ces zer ba de'i lan du 'dir 'grel pa byed pa nyid kyis /	315b	In response to that, the author of the commentary says:
['BO_T04_D3859-2:315b-10']	de yang bzang po ma yin te /	de yang bzang po ma yin te /	315b	That is not good.
['BO_T04_D3859-2:315b-11']	dngos po'i ngo bo nyid sgyu ma dang / rmi lam dang / smig rgyu lta bu dag rgyu dang rkyen gyis byas su zin kyang gzhan la med pa'i phyir ngo bo nyid ces brjod de /	dngos po'i ngo bo nyid sgyu ma dang / rmi lam dang / smig rgyu lta bu dag rgyu dang rkyen gyis byas su zin kyang gzhan la med pa'i phyir ngo bo nyid ces brjod de /	315b	Although the nature of things is like an illusion, a dream, or a mirage, and is produced by causes and conditions, it is called “nature” because it does not exist elsewhere.
['BO_T04_D3859-2:315b-12']	dper na me'i tsha ba nyid bzhin pas de'i phyir ngo bo nyid ces bya ba de ni tha snyad pa yin gyi don dam pa ma yin no zhes bya ba smras te /	dper na me'i tsha ba nyid bzhin pas de'i phyir ngo bo nyid ces bya ba de ni tha snyad pa yin gyi don dam pa ma yin no zhes bya ba smras te /	315b	For example, it is like the heat of fire. Therefore, that which is called “nature” is conventional, not ultimate.
['BO_T04_D3859-2:315b-13']	nges ni dbu ma pa'i gtan tshigs rgyu dang rkyen las byung ba'i phyir zhes bya ba de'i don 'gal ba nyid dang ma nges pa nyid dang ma grub pa nyid ma yin par ston to //	nges ni dbu ma pa'i gtan tshigs rgyu dang rkyen las byung ba'i phyir zhes bya ba de'i don 'gal ba nyid dang ma nges pa nyid dang ma grub pa nyid ma yin par ston to //	315b	The meaning of the Madhyamaka reason “because it arises from causes and conditions” is not contradictory, uncertain, or unestablished.
['BO_T04_D3859-2:315b-14']	'di skad bstan te dngos po'i ngo bo nyid sgyu ma la sogs pa lta bu dag rgyu dang rkyen las byung ba ni ngo bo nyid yod pa ma yin mod kyi /	'di skad bstan te dngos po'i ngo bo nyid sgyu ma la sogs pa lta bu dag rgyu dang rkyen las byung ba ni ngo bo nyid yod pa ma yin mod kyi /	315b	This is taught as follows: The nature of things, which is like an illusion, does arise from causes and conditions. However,
['BO_T04_D3859-2:316a-0', 'BO_T04_D3859-2:316a-1']	'on kyang @316a * //🔽tha snyad du rigs mi mthun pa'i rgyu dang rkyen las byung ba'i dngos po gzhan la de'i ngo bo nyid med kyi /	'on kyang @316a * // tha snyad du rigs mi mthun pa'i rgyu dang rkyen las byung ba'i dngos po gzhan la de'i ngo bo nyid med kyi /	316a	it is not that🔽the nature of things does not exist.
['BO_T04_D3859-2:316a-2']	rigs mthun pa'i rgyu dang rkyen las byung ba'i rang gi dngos po la de'i ngo bo nyid sgyu ma tsam du yod pa'i phyir ngo bo nyid ces brjod de /	rigs mthun pa'i rgyu dang rkyen las byung ba'i rang gi dngos po la de'i ngo bo nyid sgyu ma tsam du yod pa'i phyir ngo bo nyid ces brjod de /	316a	Rather, it is that the nature of things is merely an illusion, which arises from causes and conditions of a concordant type.
['BO_T04_D3859-2:316a-3']	dper na me rgyu dang rkyen las byung ba la ngo bo nyid yod pa ma yin mod kyi /	dper na me rgyu dang rkyen las byung ba la ngo bo nyid yod pa ma yin mod kyi /	316a	For example, fire arises from causes and conditions, and it is not that its nature does not exist.
['BO_T04_D3859-2:316a-4']	chu la sogs pa rigs mi mthun pa gzhan la me'i ngo bo nyid med kyi me nyid kyi rang gi dngos po la me'i ngo bo nyid yod pa'i phyir /	chu la sogs pa rigs mi mthun pa gzhan la me'i ngo bo nyid med kyi me nyid kyi rang gi dngos po la me'i ngo bo nyid yod pa'i phyir /	316a	The nature of fire does not exist in other heterogeneous things such as water, but the nature of fire exists in the own nature of fire itself.
['BO_T04_D3859-2:316a-5']	me'i ngo bo nyid ces brjod pa bzhin pas de'i phyir dngos po rgyu dang rkyen las byung ba'i ngo bo nyid ces bya ba de ni tha snyad pa yin gyi /	me'i ngo bo nyid ces brjod pa bzhin pas de'i phyir dngos po rgyu dang rkyen las byung ba'i ngo bo nyid ces bya ba de ni tha snyad pa yin gyi /	316a	Since it is like saying “the nature of fire,” therefore the nature of things that arise from causes and conditions is a convention.
['BO_T04_D3859-2:316a-6']	don dam pa pa ma yin pas kho bo cag gi gtan tshigs kyi don 'gal ba nyid la sogs pa'i skyon med do //	don dam pa pa ma yin pas kho bo cag gi gtan tshigs kyi don 'gal ba nyid la sogs pa'i skyon med do //	316a	Since it is not ultimate, our reason is not faulty in that its meaning is contradictory, etc.
['BO_T04_D3859-2:316a-7', 'BO_T04_D3859-2:316a-8']	don dam par ni /🔽ngo bo nyid ni byas pa zhes //	don dam par ni / ngo bo nyid ni byas pa zhes //	316a	In the ultimate,🔽How could it be tenable
['BO_T04_D3859-2:316a-9']	ci lta bur na rung bar 'gyur //	ci lta bur na rung bar 'gyur //	316a	That nature is produced?
['BO_T04_D3859-2:316a-10']	byas pa nyid ni ngo bo nyid med pa nyid med na mi 'byung ba'i phyir ro zhes bya bar dgongs so zhes bya ba ni gal te pha rol po dag na re ngo bo nyid ni byas pa kho na yin te /	byas pa nyid ni ngo bo nyid med pa nyid med na mi 'byung ba'i phyir ro zhes bya bar dgongs so zhes bya ba ni gal te pha rol po dag na re ngo bo nyid ni byas pa kho na yin te /	316a	The point is that if the opponent says, “Nature is only produced,”
['BO_T04_D3859-2:316a-11']	ci'i phyir zhe na /	ci'i phyir zhe na /	316a	why is that?
['BO_T04_D3859-2:316a-12']	'di ltar snam bu'i dngos po sngon ma byung ba phyis byed pa dang 'dra ba'i phyir ro zhes zer na don dam par ngo bo nyid yod pa yin na /	'di ltar snam bu'i dngos po sngon ma byung ba phyis byed pa dang 'dra ba'i phyir ro zhes zer na don dam par ngo bo nyid yod pa yin na /	316a	Because it would be like a cloth that did not exist before but is made later.
['BO_T04_D3859-2:316a-13']	de rgyu dang rkyen gyis byas pa zhes bya bar ci ltar rung bar 'gyur te /	de rgyu dang rkyen gyis byas pa zhes bya bar ci ltar rung bar 'gyur te /	316a	If things existed ultimately, how could it be tenable to say that they are created by causes and conditions?🔽Because being created is not possible without being essenceless.
['BO_T04_D3859-2:316a-14']	byas pa nyid ni ngo bo nyid med pa nyid med na mi 'byung ba'i phyir ro zhes bya bar mdo mdzad pas dgongs pas gang gi tshe don de dag dgag pa mi mthun pa yin te /	byas pa nyid ni ngo bo nyid med pa nyid med na mi 'byung ba'i phyir ro zhes bya bar mdo mdzad pas dgongs pas gang gi tshe don de dag dgag pa mi mthun pa yin te /	316a	Since this is the intention of the author of the sutra, when these two meanings are negated, they are contradictory.
['BO_T04_D3859-2:316a-15']	gal te ngo bo nyid yin na ni byas pa ma yin la /	gal te ngo bo nyid yin na ni byas pa ma yin la /	316a	If something is an essence, it is not created.
['BO_T04_D3859-2:316a-16']	ci ste byas pa yin na ni ngo bo nyid ma yin pa de'i tshe ngo bo nyid kyang yin la byas pa yang yin no zhes sems pa dang bcas pa su zhig de ltar 'dzin par 'gyur te /	ci ste byas pa yin na ni ngo bo nyid ma yin pa de'i tshe ngo bo nyid kyang yin la byas pa yang yin no zhes sems pa dang bcas pa su zhig de ltar 'dzin par 'gyur te /	316a	But if it is created, it is not an essence. So what sensible person would think that something is both an essence and created?
['BO_T04_D3859-2:316a-17']	de'i phyir dngos po rgyu dang rkyen las byung ba thams cad ni ngo bo nyid med pa yin no //	de'i phyir dngos po rgyu dang rkyen las byung ba thams cad ni ngo bo nyid med pa yin no //	316a	Therefore all things that arise from causes and conditions are essenceless.
['BO_T04_D3859-2:316a-18']	de lta bas mi mthun pa'i phyogs med pa'i phyir gtan tshigs kyi don 'gal ba nyid dang ma nges pa nyid ma yin no zhes bya ba ni de ltar /	de lta bas mi mthun pa'i phyogs med pa'i phyir gtan tshigs kyi don 'gal ba nyid dang ma nges pa nyid ma yin no zhes bya ba ni de ltar /	316a	Thus, because there is no discordant side, the meaning of the reason is not contradictory and it is not uncertain.
['BO_T04_D3859-2:316a-19']	dngos po rgyu dang rkyen las byung ba thams cad don dam par ngo bo nyid med pa yin pas mi mthun pa'i phyogs med pa'i phyir dbu ma pa'i gtan tshigs rgyu dang rkyen las byung ba'i phyir /	dngos po rgyu dang rkyen las byung ba thams cad don dam par ngo bo nyid med pa yin pas mi mthun pa'i phyogs med pa'i phyir dbu ma pa'i gtan tshigs rgyu dang rkyen las byung ba'i phyir /	316a	Since all things that arise from causes and conditions are ultimately essenceless, there is no discordant side. Therefore, the Madhyamaka reason, “because they arise from causes and conditions,”
['BO_T04_D3859-2:316a-20']	ngo bo nyid yod pa ma yin te zhes bya ba de'i don 'gal ba nyid dang ma nges pa nyid ma yin no //	ngo bo nyid yod pa ma yin te zhes bya ba de'i don 'gal ba nyid dang ma nges pa nyid ma yin no //	316a	is not contradictory and is not uncertain with respect to the meaning of the statement, “They do not exist essentially.”
['BO_T04_D3859-2:316a-21']	mthun pa'i phyogs thams cad la ma khyab pa yang ma yin te /	mthun pa'i phyogs thams cad la ma khyab pa yang ma yin te /	316a	Nor is it the case that it does not pervade all of the concordant side.
['BO_T04_D3859-2:316b-0']	tha snyad du yang nam mkha' la sogs pa ma skyes pa dag ni ri bong gi rva @316b bzhin du yod pa nyid du khas ma blangs pa'i phyir ro zhes bya bas ni pha rol po dag na re mthun pa'i phyogs thams cad la ma khyab pas gtan	tha snyad du yang nam mkha' la sogs pa ma skyes pa dag ni ri bong gi rva @316b bzhin du yod pa nyid du khas ma blangs pa'i phyir ro zhes bya bas ni pha rol po dag na re mthun pa'i phyogs thams cad la ma khyab pas gtan	316b	Because even conventionally, such things as space, which are not produced, are not accepted as existent, like the horns of a rabbit.
['BO_T04_D3859-2:316b-1']	tshigs kyi don ma grub pa nyid kyang yin te /	tshigs kyi don ma grub pa nyid kyang yin te /	316b	It is also the case that the meaning of the verse is not established,
['BO_T04_D3859-2:316b-2']	nam mkha' la sogs pa 'dus ma byas dag rgyu dang rkyen las ma byung ba'i phyir ro zhes zer ba'i lan ston to //	nam mkha' la sogs pa 'dus ma byas dag rgyu dang rkyen las ma byung ba'i phyir ro zhes zer ba'i lan ston to //	316b	because unconditioned phenomena such as space do not arise from causes and conditions.
['BO_T04_D3859-2:316b-3']	dbu ma pa'i gtan tshigs rgyu dang rkyen las byung ba'i phyir zhes bya ba de mthun pa'i phyogs thams cad la ma khyab pa yang ma yin te /	dbu ma pa'i gtan tshigs rgyu dang rkyen las byung ba'i phyir zhes bya ba de mthun pa'i phyogs thams cad la ma khyab pa yang ma yin te /	316b	The Madhyamaka reason “because it arises from causes and conditions” is not nonpervasive of all similar instances.
['BO_T04_D3859-2:316b-4']	ci ltar zhe na /	ci ltar zhe na /	316b	How is that?
['BO_T04_D3859-2:316b-5']	nang gi skye mched rgyu dang rkyen las byung ba'i phyir ngo bo nyid yod pa ma yin pa dag gi mthun pa'i phyogs phyi rol gyi skye mched la sogs pa dngos po tha snyad du sgyu ma'i rdzas bzhin du yod pa thams cad ni rgyu dang rkyen las	nang gi skye mched rgyu dang rkyen las byung ba'i phyir ngo bo nyid yod pa ma yin pa dag gi mthun pa'i phyogs phyi rol gyi skye mched la sogs pa dngos po tha snyad du sgyu ma'i rdzas bzhin du yod pa thams cad ni rgyu dang rkyen las	316b	Because internal bases arise from causes and conditions, they do not exist inherently. All similar instances of external bases and so on that exist conventionally like illusory substances exist from causes and conditions.
['BO_T04_D3859-2:316b-6']	byung ba'i phyir ngo bo nyid yod pa ma yin pas de dag la ni rgyu dang rkyen las byung ba'i phyir zhes bya ba'i gtan tshigs kyis khyab pa'i phyir don ma grub pa ma yin no //	byung ba'i phyir ngo bo nyid yod pa ma yin pas de dag la ni rgyu dang rkyen las byung ba'i phyir zhes bya ba'i gtan tshigs kyis khyab pa'i phyir don ma grub pa ma yin no //	316b	Because they arise, they do not exist inherently. Therefore, the reason, “because they arise from causes and conditions,” is not unestablished.
['BO_T04_D3859-2:316b-7']	nam mkha' la sogs pa 'dus ma byas ma skyes pa dag ni tha snyad du yang ri bong gi rva bzhin du yod par khas ma blangs pa'i phyir de dag la ni rgyu dang rkyen las byung ba'i phyir zhes bya ba'i gtan tshigs de yang sbyar mi dgos	nam mkha' la sogs pa 'dus ma byas ma skyes pa dag ni tha snyad du yang ri bong gi rva bzhin du yod par khas ma blangs pa'i phyir de dag la ni rgyu dang rkyen las byung ba'i phyir zhes bya ba'i gtan tshigs de yang sbyar mi dgos	316b	Uncompounded space and so forth are not produced. We do not accept that they exist even conventionally, like the horns of a rabbit. Therefore, the reason, “because they arise from causes and conditions,” is not applicable to them.
['BO_T04_D3859-2:316b-8']	pas / de dag la gtan tshigs des ma khyab tu zin kyang ngo bo nyid med pa nyid du 'grub pas don ma grub pa nyid ma yin no //	pas / de dag la gtan tshigs des ma khyab tu zin kyang ngo bo nyid med pa nyid du 'grub pas don ma grub pa nyid ma yin no //	316b	Even though the reason is not applicable to them, they are established as lacking inherent existence. Therefore, the reason is not unestablished.
['BO_T04_D3859-2:316b-9']	mthun pa'i phyogs thams cad la ma khyab tu zin kyang bsgrub par bya ba la 'khrul pa med pas brtsal ma thag tu 'byung ba bzhin du de yang gtan tshigs yin pa'i phyir dang dus gcig tu phyogs su ma byas pa'i phyir dang 'dus ma byas kyi dngos	mthun pa'i phyogs thams cad la ma khyab tu zin kyang bsgrub par bya ba la 'khrul pa med pas brtsal ma thag tu 'byung ba bzhin du de yang gtan tshigs yin pa'i phyir dang dus gcig tu phyogs su ma byas pa'i phyir dang 'dus ma byas kyi dngos	316b	Although the reason “because it arises from causes and conditions” is not necessarily concomitant with all similar instances, it is not mistaken with respect to the predicate and it arises as soon as it is sought.
['BO_T04_D3859-2:316b-10']	po phyogs su ma byas pa'i phyir skyon med do zhes bya ba ni dbu ma pa'i gtan tshigs rgyu dang rkyen las byung ba'i phyir zhes bya ba de /	po phyogs su ma byas pa'i phyir skyon med do zhes bya ba ni dbu ma pa'i gtan tshigs rgyu dang rkyen las byung ba'i phyir zhes bya ba de /	316b	Therefore it is a reason and because it is not posited as a reason at one time and not posited as a reason at another time, it is not a nonestablished reason.🔽This is the response of the Mādhyamika.🔽The reason “because it arises from causes and conditions” is not necessarily concomitant with all similar instances, such as unconditioned phenomena such as space, because they do not arise from causes and conditions.
['BO_T04_D3859-2:316b-11']	nam mkha' la sogs pa 'dus ma byas pa dag rgyu dang rkyen las ma byung ba'i phyir mthun pa'i phyogs thams cad la ma khyab tu zin kyang gtan tshigs kyi don ma grub pa nyid ma yin par ston te /	nam mkha' la sogs pa 'dus ma byas pa dag rgyu dang rkyen las ma byung ba'i phyir mthun pa'i phyogs thams cad la ma khyab tu zin kyang gtan tshigs kyi don ma grub pa nyid ma yin par ston te /	316b	However, this does not indicate that the meaning of the reason is not established.
['BO_T04_D3859-2:316b-12']	ci ltar zhe na /	ci ltar zhe na /	316b	How is that?
['BO_T04_D3859-2:316b-13']	don dam par nang gi skye mched rnams ngo bo nyid yod pa ma yin par bsgrub pa'i gtan tshigs rgyu dang rkyen las byung ba'i phyir zhes bya ba de /	don dam par nang gi skye mched rnams ngo bo nyid yod pa ma yin par bsgrub pa'i gtan tshigs rgyu dang rkyen las byung ba'i phyir zhes bya ba de /	316b	Although the reason “because it arises from causes and conditions” does not pervade such things as space, which are uncompounded, it is not mistaken with respect to the object to be proven, that the internal sense sources do not intrinsically exist. Therefore it is a reason.
['BO_T04_D3859-2:316b-14', 'BO_T04_D3859-2:317a-0']	nam mkha' la sogs pa 'dus ma byas dag la ma khyab tu zin kyang nang gi skye mched rnams ngo bo nyid yod pa ma yin pas bsgrub par bya ba la 'khrul pa med pas de yang gtan tshigs yin te dper na sgra mi rtag par bsgrub pa'i🔽gtan @317a * //	nam mkha' la sogs pa 'dus ma byas dag la ma khyab tu zin kyang nang gi skye mched rnams ngo bo nyid yod pa ma yin pas bsgrub par bya ba la 'khrul pa med pas de yang gtan tshigs yin te dper na sgra mi rtag par bsgrub pa'i gtan @317a * //	316b	For example, the reason “because it arises in dependence on effort” is not a correct reason for proving that sound is impermanent,🔽because it does not pervade such things as a lightning strike or a fire-wheel.
['BO_T04_D3859-2:317a-1']	tshigs brtsal ma thag tu 'byung ba'i phyir zhes bya ba de glog dang nags kyi me tog la sogs pa dag la ma khyab tu zin kyang sgra mi rtag par bsgrub par bya ba la 'khrul pa med pas de yang gtan tshigs yin pa'i phyir skyon med pa	tshigs brtsal ma thag tu 'byung ba'i phyir zhes bya ba de glog dang nags kyi me tog la sogs pa dag la ma khyab tu zin kyang sgra mi rtag par bsgrub par bya ba la 'khrul pa med pas de yang gtan tshigs yin pa'i phyir skyon med pa	317a	However, the reason “because it arises in dependence on effort” is a correct reason for proving that sound is impermanent, because it is not mistaken with respect to the object to be proven.
['BO_T04_D3859-2:317a-2']	bzhin no // gzhan yang kho bos nang gi skye mched rnams dang phyi'i skye mched rnams dus gcig tu phyogs su ma byas pa'i phyir kho bos don dam par nang gi skye mched rnams ngo bo nyid yod pa ma yin par bsgrub pa'i gtan tshigs rgyu dang rkyen las byung ba'i	bzhin no // gzhan yang kho bos nang gi skye mched rnams dang phyi'i skye mched rnams dus gcig tu phyogs su ma byas pa'i phyir kho bos don dam par nang gi skye mched rnams ngo bo nyid yod pa ma yin par bsgrub pa'i gtan tshigs rgyu dang rkyen las byung ba'i	317a	Moreover, since we do not take the internal bases and the external bases as being the same in time, we do not commit the fallacy of the nonestablishment of the reason in our proof that ultimately the internal bases do not exist due to their arising from causes and conditions.
['BO_T04_D3859-2:317a-3']	phyir zhes bya ba de'i phyi rol gyi skye mched la sogs pa mthun pa'i phyogs thams cad la ma khyab tu zin kyang gtan tshigs su rung bas don ma grub pa nyid ma yin pa'i phyir skyon med do //	phyir zhes bya ba de'i phyi rol gyi skye mched la sogs pa mthun pa'i phyogs thams cad la ma khyab tu zin kyang gtan tshigs su rung bas don ma grub pa nyid ma yin pa'i phyir skyon med do //	317a	Even though the reason “because they arise from causes and conditions” does not pervade all similar instances, such as external bases and so on, it is still a correct reason. Therefore, we do not commit the fallacy of nonestablishment of the reason.
['BO_T04_D3859-2:317a-4']	gzhan yang kho bos nam mkha' la sogs pa 'dus ma byas kyi dngos po phyogs su ma byas pa'i phyir kho bos don dam par nang gi skye mched rnams ngo bo nyid yod pa ma yin par bsgrub pa'i gtan tshigs rgyu dang rkyen las byung ba'i phyir zhes	gzhan yang kho bos nam mkha' la sogs pa 'dus ma byas kyi dngos po phyogs su ma byas pa'i phyir kho bos don dam par nang gi skye mched rnams ngo bo nyid yod pa ma yin par bsgrub pa'i gtan tshigs rgyu dang rkyen las byung ba'i phyir zhes	317a	Moreover, since we do not take unconditioned things such as space as being the same in time, we do not commit the fallacy of the nonestablishment of the reason in our proof that ultimately the internal bases do not exist due to their arising from causes and conditions.
['BO_T04_D3859-2:317a-5']	bya ba de /	bya ba de /	317a	The reason “because they arise from causes and conditions”
['BO_T04_D3859-2:317a-6', 'BO_T04_D3859-2:317a-7']	nam mkha' la sogs pa 'dus ma byas kyi dngos po thams cad la ma khyab tu zin kyang gtan tshigs su rung bas don ma grub pa nyid ma yin pa'i phyir skyon med do //🔽da ni mi mthun pa'i phyogs brtags na yang de las bzlog pas phyogs kyi chos kyi dbang gis rjes su dpag pa smra bar 'dod nas bshad pa zhes bya bas ni 'dir ngo bo nyid med pa'i mi mthun pa'i phyogs ngo bo nyid gcig yod par brtags na	nam mkha' la sogs pa 'dus ma byas kyi dngos po thams cad la ma khyab tu zin kyang gtan tshigs su rung bas don ma grub pa nyid ma yin pa'i phyir skyon med do // da ni mi mthun pa'i phyogs brtags na yang de las bzlog pas phyogs kyi chos kyi dbang gis rjes su dpag pa smra bar 'dod nas bshad pa zhes bya bas ni 'dir ngo bo nyid med pa'i mi mthun pa'i phyogs ngo bo nyid gcig yod par brtags na	317a	Even if it does not pervade all unconditioned things such as space, it is still a correct reason, so it is not the case that the meaning is not established.🔽Now, when the opposite is examined, the opponent wishes to state an inference based on the property of the subject, the opposite of that, and explains this.🔽Here, having imagined the opposite of the absence of intrinsic reality, the existence of a single intrinsic reality,
['BO_T04_D3859-2:317a-8']	yang mi mthun pa'i phyogs de las bzlog pas ngo bo nyid med par sgrub pa'i phyogs kyi chos byas pa nyid dang / ltos pa dang bcas pa nyid ces bya ba'i dbang gis dngos po rnams ngo bo nyid med pa nyid du rjes su dpag pa smra bar 'dod nas tshig le'ur byas pa'i phyed 'di bshad do zhes bya bar sbyar te /	yang mi mthun pa'i phyogs de las bzlog pas ngo bo nyid med par sgrub pa'i phyogs kyi chos byas pa nyid dang / ltos pa dang bcas pa nyid ces bya ba'i dbang gis dngos po rnams ngo bo nyid med pa nyid du rjes su dpag pa smra bar 'dod nas tshig le'ur byas pa'i phyed 'di bshad do zhes bya bar sbyar te /	317a	the opponent wishes to state an inference of the absence of intrinsic reality based on the property of the subject, the opposite of that, the property of the subject of the probandum, “produced” and “dependent,” and explains this half-verse.
['BO_T04_D3859-2:317a-9']	ngo bo nyid med pa'i mi mthun pa'i phyogs ngo bo nyid ces bya ba de rigs pa de gang dang ldan zhe na /	ngo bo nyid med pa'i mi mthun pa'i phyogs ngo bo nyid ces bya ba de rigs pa de gang dang ldan zhe na /	317a	What is the reason for the absence of intrinsic reality, which is the opposite of intrinsic reality?
['BO_T04_D3859-2:317a-10']	bcos ma ma yin pa dang gzhan la ltos pa med pa ni ngo bo nyid kyi rigs pa yin no zhes bstan to //	bcos ma ma yin pa dang gzhan la ltos pa med pa ni ngo bo nyid kyi rigs pa yin no zhes bstan to //	317a	It is taught that the reason for the absence of intrinsic reality is that it is not fabricated and does not depend on another.
['BO_T04_D3859-2:317a-11']	de nyid kyi mtshan nyid bstan pa'i phyir /	de nyid kyi mtshan nyid bstan pa'i phyir /	317a	In order to teach just that characteristic, it is said:
['BO_T04_D3859-2:317a-12']	ngo bo nyid ni bcos min dang // gzhan la ltos pa med pa yin //	ngo bo nyid ni bcos min dang // gzhan la ltos pa med pa yin //	317a	Intrinsic reality is not fabricated and does not depend on another.
['BO_T04_D3859-2:317a-13']	bcos ma ma yin pa ni rgyu dang rkyen rnams kyis ma byas pa'i phyir ro //	bcos ma ma yin pa ni rgyu dang rkyen rnams kyis ma byas pa'i phyir ro //	317a	It is not fabricated because it is not produced by causes and conditions.
['BO_T04_D3859-2:317b-0']	gzhan la ltos pa med pa ni brjod pa khyad par can sten pa gzhan la @317b ltos pa med pa'i phyir ro zhes bya ba smras te /	gzhan la ltos pa med pa ni brjod pa khyad par can sten pa gzhan la @317b ltos pa med pa'i phyir ro zhes bya ba smras te /	317b	It does not depend on another because it does not depend on the special expression of another.
['BO_T04_D3859-2:317b-1']	des ni mi mthun pa'i phyogs kyi khyad par bstan to //	des ni mi mthun pa'i phyogs kyi khyad par bstan to //	317b	This teaches the distinction of the opposite.
['BO_T04_D3859-2:317b-2']	da ni mi mthun pa'i phyogs de las bzlog pas phyogs kyi chos bstan pa'i phyir nang gi dngos po rnams ni de ltar bcos ma ma yin pa dang / gzhan la ltos pa med pa ma yin te /	da ni mi mthun pa'i phyogs de las bzlog pas phyogs kyi chos bstan pa'i phyir nang gi dngos po rnams ni de ltar bcos ma ma yin pa dang / gzhan la ltos pa med pa ma yin te /	317b	Now, in order to teach the property of the subject by way of reversing that discordant factor, he says, “internal things are not unfabricated and not independent.”
['BO_T04_D3859-2:317b-3']	'on ci zhe na /	'on ci zhe na /	317b	What are they?
['BO_T04_D3859-2:317b-4']	byas pa nyid dang ltos pa dang bcas pa nyid yin no zhes bya ba smras te /	byas pa nyid dang ltos pa dang bcas pa nyid yin no zhes bya ba smras te /	317b	He says, “They are produced and they are dependent.”
['BO_T04_D3859-2:317b-5']	des ni mi mthun pa'i phyogs las bzlog pas phyogs kyi chos nyid bstan to //	des ni mi mthun pa'i phyogs las bzlog pas phyogs kyi chos nyid bstan to //	317b	By this he teaches the property of the subject by way of reversing the discordant factor.
['BO_T04_D3859-2:317b-6']	'dis ni dngos po'i chos byas pa nyid dang ltos pa dang bcas pa yin par bstan to zhes bya ba ni /	'dis ni dngos po'i chos byas pa nyid dang ltos pa dang bcas pa yin par bstan to zhes bya ba ni /	317b	The statement, “This teaches that the property of things is being produced and being dependent,”🔽means that this section teaching the property of the subject teaches that the property of things that are to be established as lacking entityness is being produced and being dependent.🔽The statement, “This teaches that the property of things is being produced and being dependent,”
['BO_T04_D3859-2:317b-7']	phyogs kyi chos bstan pa'i skabs 'dis ni dngos po rnams ngo bo nyid med pa nyid du bsgrub pa'i chos gtan tshigs ni ma byas pa nyid dang ltos pa dang bcas pa nyid yin par bstan to //	phyogs kyi chos bstan pa'i skabs 'dis ni dngos po rnams ngo bo nyid med pa nyid du bsgrub pa'i chos gtan tshigs ni ma byas pa nyid dang ltos pa dang bcas pa nyid yin par bstan to //	317b	means that this section teaching the property of the subject teaches that the property of things that are to be established as lacking entityness is being produced and being dependent.
['BO_T04_D3859-2:317b-8']	de'i phyir rjes su dpag pa ni don dam par nang gi dngos po rnams ngo bo nyid med pa nyid de /	de'i phyir rjes su dpag pa ni don dam par nang gi dngos po rnams ngo bo nyid med pa nyid de /	317b	Therefore, the inference is: ultimately, internal things are essenceless,🔽because they are produced and because they depend on the use of special terminology, just like, for example, the people and so on conjured by a magician.
['BO_T04_D3859-2:317b-9']	byas pa'i phyir dang brjod pa khyad par can sten pa nyid la ltos pa dang bcas pa'i phyir dper na sgyu ma mkhan gyis sprul pa'i mi la sogs pa bzhin no zhes bya ba dag ni chos can dang / bsgrub par bya ba chos dang /	byas pa'i phyir dang brjod pa khyad par can sten pa nyid la ltos pa dang bcas pa'i phyir dper na sgyu ma mkhan gyis sprul pa'i mi la sogs pa bzhin no zhes bya ba dag ni chos can dang / bsgrub par bya ba chos dang /	317b	The subject, the predicate of the probandum,
['BO_T04_D3859-2:317b-10', 'BO_T04_D3859-2:317b-11']	sgrub pa'i chos dang / dpe yin par go rims bzhin du sbyar te /🔽dper na sgyu ma mkhan gyis sprul pa'i mi la sogs pa ni byas pa'i phyir dang brjod pa khyad par can sten pa nyid la ltos pa dang bcas pa'i phyir ngo bo nyid med pa de bzhin du nang gi dngos po rnams kyang byas pa'i phyir dang brjod	sgrub pa'i chos dang / dpe yin par go rims bzhin du sbyar te / dper na sgyu ma mkhan gyis sprul pa'i mi la sogs pa ni byas pa'i phyir dang brjod pa khyad par can sten pa nyid la ltos pa dang bcas pa'i phyir ngo bo nyid med pa de bzhin du nang gi dngos po rnams kyang byas pa'i phyir dang brjod	317b	the property of the probandum, and the example are to be applied in order.🔽For example, the people and so on conjured by a magician are essenceless because they are produced and because they depend on the use of special terminology.
['BO_T04_D3859-2:317b-12']	pa khyad par can sten pa nyid la ltos pa dang bcas pa'i phyir ngo bo nyid med pa nyid yin no //	pa khyad par can sten pa nyid la ltos pa dang bcas pa'i phyir ngo bo nyid med pa nyid yin no //	317b	In the same way, internal things are essenceless because they are produced and because they depend on the use of special terminology.
['BO_T04_D3859-2:317b-13']	gang ngo bo nyid yod pa de ni de las bzlog par 'gyur ro zhes bya bas ni mi mthun pa'i phyogs bstan te /	gang ngo bo nyid yod pa de ni de las bzlog par 'gyur ro zhes bya bas ni mi mthun pa'i phyogs bstan te /	317b	The phrase “that which has intrinsic reality would change into something else” indicates the contradictory position.
['BO_T04_D3859-2:317b-14', 'BO_T04_D3859-2:317b-15']	gtan tshigs 'di ni mi mthun pa'i phyogs las bzlog pa nyid du nges par 'grub po zhes bya bar sbyar ro //🔽rgyas par ni snga ma bzhin no zhes bya ba ni 'dir gal te pha rol po dag na re ci tsam du gang dag byas pa nyid dang brjod pa khyad par can sten pa nyid la ltos pa dang bcas pa dag thams cad dngos po'i ngo bo nyid	gtan tshigs 'di ni mi mthun pa'i phyogs las bzlog pa nyid du nges par 'grub po zhes bya bar sbyar ro // rgyas par ni snga ma bzhin no zhes bya ba ni 'dir gal te pha rol po dag na re ci tsam du gang dag byas pa nyid dang brjod pa khyad par can sten pa nyid la ltos pa dang bcas pa dag thams cad dngos po'i ngo bo nyid	317b	The reason is ascertained to be the opposite of the contradictory position.🔽The rest is as before.
['BO_T04_D3859-2:317b-16']	yin pas gtan tshigs kyi don 'gal ba nyid yin no //	yin pas gtan tshigs kyi don 'gal ba nyid yin no //	317b	If the opponent says that whatever is dependent on being produced and on being expressed is an intrinsic reality of an entity, then the meaning of the reason is contradictory.
['BO_T04_D3859-2:317b-17']	ma nges pa nyid kyang yin te sgyu ma la sogs pa kha cig mthun pa'i phyogs dang mi mthun pa'i phyogs la yang yod pa'i phyir ro //	ma nges pa nyid kyang yin te sgyu ma la sogs pa kha cig mthun pa'i phyogs dang mi mthun pa'i phyogs la yang yod pa'i phyir ro //	317b	It is also indefinite because some illusions and so on exist in both the similar and dissimilar classes.
['BO_T04_D3859-2:317b-18']	mthun pa'i phyogs thams cad la ma khyab pas gtan tshigs kyi don ma grub pa nyid kyang yin te /	mthun pa'i phyogs thams cad la ma khyab pas gtan tshigs kyi don ma grub pa nyid kyang yin te /	317b	It is also not established because it does not pervade the entire similar class.
['BO_T04_D3859-2:318a-0']	nam mkha' la sogs pa 'dus ma byas dag byas pa nyid dang @318a * //	nam mkha' la sogs pa 'dus ma byas dag byas pa nyid dang @318a * //	318a	Uncompounded space and so on are not dependent on the creation of something special, such as a pot, or on the expression of something special.
['BO_T04_D3859-2:318a-1']	brjod pa khyad par can sten pa nyid la ltos pa dang bcas pa ma yin pa'i phyir ro zhes zer na de yang bzang po ma yin te /	brjod pa khyad par can sten pa nyid la ltos pa dang bcas pa ma yin pa'i phyir ro zhes zer na de yang bzang po ma yin te /	318a	But that is not good, because
['BO_T04_D3859-2:318a-2']	dngos po ngo bo nyid sgyu ma dang / rmi lam dang / smig rgyu lta bu dag byas pa nyid dang ltos pa dang bcas pa nyid yin du zin kyang gzhan la med pa'i phyir ngo bo nyid ces brjod de /	dngos po ngo bo nyid sgyu ma dang / rmi lam dang / smig rgyu lta bu dag byas pa nyid dang ltos pa dang bcas pa nyid yin du zin kyang gzhan la med pa'i phyir ngo bo nyid ces brjod de /	318a	even though things that are essentially like illusions, dreams and mirages are created and dependent, they are said to be essentially existent because they do not exist elsewhere.🔽For example, just as heat is the essence of fire, therefore essence is a conventional expression, not an ultimate reality.
['BO_T04_D3859-2:318a-3']	dper na me'i tsha ba nyid bzhin pas de'i phyir ngo bo nyid ces bya ba de ni tha snyad pa yin gyi don dam pa pa ma yin no zhes rgyas par snga ma bzhin du lan btab pa yin no //	dper na me'i tsha ba nyid bzhin pas de'i phyir ngo bo nyid ces bya ba de ni tha snyad pa yin gyi don dam pa pa ma yin no zhes rgyas par snga ma bzhin du lan btab pa yin no //	318a	The response is the same as above.
['BO_T04_D3859-2:318a-4']	de ltar dngos po rnams ngo bo nyid med pa nyid du bsgrubs pas shes rab kyi pha rol tu phyin pa las bdag gi dngos po med pa zhes gsungs pa'i don bstan pa yin no //	de ltar dngos po rnams ngo bo nyid med pa nyid du bsgrubs pas shes rab kyi pha rol tu phyin pa las bdag gi dngos po med pa zhes gsungs pa'i don bstan pa yin no //	318a	Thus, since things are established as lacking entityness, the meaning of the statement in the Perfection of Wisdom in One Hundred Thousand Stanzas that “there is no entityness of self” is explained.
['BO_T04_D3859-2:318a-5']	da ni gzhan gyi dngos po stong pa nyid du bsgrub par bya ste /	da ni gzhan gyi dngos po stong pa nyid du bsgrub par bya ste /	318a	Now, otherness should be established as emptiness.
['BO_T04_D3859-2:318a-6']	de'i phyogs snga ma nye bar gzhag pa'i phyir 'dir smras pa /	de'i phyogs snga ma nye bar gzhag pa'i phyir 'dir smras pa /	318a	In order to set forth the opponent’s position here, it is said:
['BO_T04_D3859-2:318a-7']	don dam par nang gi skye mched kyi dngos po rnams ngo bo nyid yod pa yin te /	don dam par nang gi skye mched kyi dngos po rnams ngo bo nyid yod pa yin te /	318a	In the ultimate truth, the entities of the internal sense bases exist by way of their own entity.
['BO_T04_D3859-2:318a-8']	rang las gzhan pa'i brjod pa dang brjod par bya ba khyad par can nyid kyi rgyu yin pa'i phyir dper na ring po thung ngu'i brjod pa dang brjod par bya ba khyad par can gyi rgyu yin pa bzhin no //	rang las gzhan pa'i brjod pa dang brjod par bya ba khyad par can nyid kyi rgyu yin pa'i phyir dper na ring po thung ngu'i brjod pa dang brjod par bya ba khyad par can gyi rgyu yin pa bzhin no //	318a	This is because they are the cause of the special expression and object of expression that is different from themselves, just as long is the cause of the special expression and object of expression of short.
['BO_T04_D3859-2:318a-9']	de bzhin du rang las gzhan pa la yang 'di ni gzhan no zhes brjod pa dang brjod pa khyad par can nyid kyi rgyu yod do zhes bya ba smras te /	de bzhin du rang las gzhan pa la yang 'di ni gzhan no zhes brjod pa dang brjod pa khyad par can nyid kyi rgyu yod do zhes bya ba smras te /	318a	In the same way, there is the cause of the special expression and object of expression that is different from itself, “This is different.”
['BO_T04_D3859-2:318a-10']	'dis ni pha rol po dag gzhan gyi dngos po yod pa nyid kyi gtan tshigs kyis bdag gi dngos po'i ngo bo nyid yod pa nyid du bsgrub pa'i rjes su dpag pa ston te //	'dis ni pha rol po dag gzhan gyi dngos po yod pa nyid kyi gtan tshigs kyis bdag gi dngos po'i ngo bo nyid yod pa nyid du bsgrub pa'i rjes su dpag pa ston te //	318a	This shows that the opponent’s inference proves that the entity of self exists by the reason of the existence of the entity of other.
['BO_T04_D3859-2:318a-11']	de dag ni chos can dang / bsgrub par bya ba chos dang / sgrub pa'i chos dang / dpe dang nye bar sbyar ba'i sbyor ba yin par go rims bzhin du sbyar te /	de dag ni chos can dang / bsgrub par bya ba chos dang / sgrub pa'i chos dang / dpe dang nye bar sbyar ba'i sbyor ba yin par go rims bzhin du sbyar te /	318a	The subject, the predicate of the probandum, the probative property, and the example are applied in order.
['BO_T04_D3859-2:318a-12']	dper na ring po ni rang las gzhan pa thung ngu'i brjod pa dang / brjod par bya ba khyad par can nyid kyi rgyu yin pa'i phyir ring po yod pa la ltos nas thung ngu yang yod pa de bzhin du nang gi skye mched kyi dngos po rnams kyang rang las gzhan pa gzhan gyi dngos po'i brjod pa dang brjod par bya	dper na ring po ni rang las gzhan pa thung ngu'i brjod pa dang / brjod par bya ba khyad par can nyid kyi rgyu yin pa'i phyir ring po yod pa la ltos nas thung ngu yang yod pa de bzhin du nang gi skye mched kyi dngos po rnams kyang rang las gzhan pa gzhan gyi dngos po'i brjod pa dang brjod par bya	318a	For example, because long is the cause of the expression and the expressed of short, which is different from itself, short exists in dependence on the existence of long. In the same way, the entities of the internal sense bases also exist in dependence on the existence of the entities of other, which are different from themselves.
['BO_T04_D3859-2:318a-13']	ba khyad par can nyid kyi rgyu yin pa'i phyir gzhan gyi dngos po la ltos nas bdag gi dngos po'i ngo bo nyid kyang yod pa yin no zhes zer ro //	ba khyad par can nyid kyi rgyu yin pa'i phyir gzhan gyi dngos po la ltos nas bdag gi dngos po'i ngo bo nyid kyang yod pa yin no zhes zer ro //	318a	Because it is the cause of the distinctive effect, the entity of self exists in reliance on the entity of other.
['BO_T04_D3859-2:318a-14']	de skad ces zer ba de'i lan du 'grel pa byed pa nyid kyis 'dir bshad pa /	de skad ces zer ba de'i lan du 'grel pa byed pa nyid kyis 'dir bshad pa /	318a	In response to that statement, the author of the commentary explains here:
['BO_T04_D3859-2:318a-15']	'di la ngo bo nyid med pa nyid ston pa'i rjes su dpag pa du ma brjod pas dngos po'i ngo bo nyid med do zhes bstan zin pas /	'di la ngo bo nyid med pa nyid ston pa'i rjes su dpag pa du ma brjod pas dngos po'i ngo bo nyid med do zhes bstan zin pas /	318a	Since many inferences have been stated to demonstrate the absence of intrinsic reality, it has been demonstrated that things lack intrinsic reality.
['BO_T04_D3859-2:318a-16']	ngo bo nyid ni yod min na //	ngo bo nyid ni yod min na //	318a	Intrinsic reality does not exist.
['BO_T04_D3859-2:318b-0']	gzhan gyi dngos po ga la @318b yod pa de smros shig ces bya ba smras te /	gzhan gyi dngos po ga la @318b yod pa de smros shig ces bya ba smras te /	318b	So tell me, how could the entity of other exist?
['BO_T04_D3859-2:318b-1']	gzhan gyi dngos po la brten nas kyang bdag gi dngos po'i ngo bo nyid yod par mi 'thad de /	gzhan gyi dngos po la brten nas kyang bdag gi dngos po'i ngo bo nyid yod par mi 'thad de /	318b	Even in reliance on the entity of other, the entity of self is untenable.
['BO_T04_D3859-2:318b-2']	ci'i phyir zhe na /	ci'i phyir zhe na /	318b	Why is that?
['BO_T04_D3859-2:318b-3']	bdag gi dngos po'i ngo bo nyid mi 'thad pa nyid du sngar bstan pas gzhan gyi dngos po yang mi 'thad pa'i phyir ro //	bdag gi dngos po'i ngo bo nyid mi 'thad pa nyid du sngar bstan pas gzhan gyi dngos po yang mi 'thad pa'i phyir ro //	318b	Because since the entity of self is untenable, as has been previously demonstrated, the entity of other is also untenable.
['BO_T04_D3859-2:318b-4']	de nyid bstan pa'i phyir ngo bo nyid ni de las gzhan pa'i dngos po la ltos nas gzhan gyi dngos po zhes brjod pa'i phyir ro zhes bya bar dgongs so zhes bya ba smras te /	de nyid bstan pa'i phyir ngo bo nyid ni de las gzhan pa'i dngos po la ltos nas gzhan gyi dngos po zhes brjod pa'i phyir ro zhes bya bar dgongs so zhes bya ba smras te /	318b	In order to demonstrate that, he says, “because its intrinsic reality is called the reality of another in dependence on a thing that is other than it.”
['BO_T04_D3859-2:318b-5']	gal te bdag gi dngos po'i ngo bo nyid rab tu grub par gyur na ni des na de'i gnyen po gzhan gyi dngos po yang yod par 'gyur ba zhig na /	gal te bdag gi dngos po'i ngo bo nyid rab tu grub par gyur na ni des na de'i gnyen po gzhan gyi dngos po yang yod par 'gyur ba zhig na /	318b	If the intrinsic reality of self were fully established, then its antidote, the reality of another, would also exist.
['BO_T04_D3859-2:318b-6']	bdag gi dngos po'i ngo bo nyid mi 'thad de ngo bo nyid yod pa ma yin na gzhan gyi dngos po ga la yod /	bdag gi dngos po'i ngo bo nyid mi 'thad de ngo bo nyid yod pa ma yin na gzhan gyi dngos po ga la yod /	318b	But the intrinsic reality of self is untenable. If intrinsic reality does not exist, how could the reality of another exist?
['BO_T04_D3859-2:318b-7']	de ltar gzhan gyi dngos po med na de'i gnyen po bdag gi dngos po'i ngo bo nyid 'thad par mi 'gyur ro //	de ltar gzhan gyi dngos po med na de'i gnyen po bdag gi dngos po'i ngo bo nyid 'thad par mi 'gyur ro //	318b	Thus, if the reality of another does not exist, its antidote, the intrinsic reality of self, is not tenable.
['BO_T04_D3859-2:318b-8']	gzhan yang ngo bo nyid kyang gzhan la gzhan gyi dngos po yang gzhan pa ni ma yin te /	gzhan yang ngo bo nyid kyang gzhan la gzhan gyi dngos po yang gzhan pa ni ma yin te /	318b	Moreover, intrinsic reality is not one thing and the reality of another is not another.
['BO_T04_D3859-2:318b-9']	ci'i phyir zhe na /	ci'i phyir zhe na /	318b	Why is that?
['BO_T04_D3859-2:318b-10']	de'i phyir gzhan gyi dngos po'i ngo bo nyid gzhan gyi dngos po yin zhes brjod ces bya ba smras te /	de'i phyir gzhan gyi dngos po'i ngo bo nyid gzhan gyi dngos po yin zhes brjod ces bya ba smras te /	318b	Therefore, it is said, “The entityness of another thing is called another thing.”
['BO_T04_D3859-2:318b-11']	gzhan gyi dngos po'i rang gi bdag nyid kyi ngo bo nyid ni dngos po gzhan la ltos nas gzhan gyi dngos por brjod pa yin na ngo bo nyid med pa'i phyir gzhan gyi dngos po yang ma grub pas /	gzhan gyi dngos po'i rang gi bdag nyid kyi ngo bo nyid ni dngos po gzhan la ltos nas gzhan gyi dngos por brjod pa yin na ngo bo nyid med pa'i phyir gzhan gyi dngos po yang ma grub pas /	318b	If the entityness of the entity of another thing is called another thing in reliance on another thing, then since it has no entityness, another thing is not established.
['BO_T04_D3859-2:318b-12']	de'i phyir rang las gzhan pa'i brjod pa dang brjod par bya ba khyad par can nyid kyi rgyu yin pa'i phyir zhes bya ba'i gtan tshigs de'i don ma grub pa nyid dam don 'gal ba nyid kyang yin la /	de'i phyir rang las gzhan pa'i brjod pa dang brjod par bya ba khyad par can nyid kyi rgyu yin pa'i phyir zhes bya ba'i gtan tshigs de'i don ma grub pa nyid dam don 'gal ba nyid kyang yin la /	318b	Therefore, the meaning of the reason, “because it is the cause of the distinction of the expression and the expressed that are different from itself,” is not established, and it is also contradictory.
['BO_T04_D3859-2:318b-13']	dpe yang med de ring po dang thung ngu dag ma grub pa'i phyir ro zhes bya ba smras te /	dpe yang med de ring po dang thung ngu dag ma grub pa'i phyir ro zhes bya ba smras te /	318b	And there is no example because long and short are not established.
['BO_T04_D3859-2:318b-14']	'di ltar gzhan gyi dngos po'i ngo bo nyid gang yin pa de ni gzhan gyi dngos po zhes brjod pa yin pas de'i phyir gal te gzhan gyi dngos po de'i ngo bo nyid med pa de kho na yin na gang gis de yod par 'gyur /	'di ltar gzhan gyi dngos po'i ngo bo nyid gang yin pa de ni gzhan gyi dngos po zhes brjod pa yin pas de'i phyir gal te gzhan gyi dngos po de'i ngo bo nyid med pa de kho na yin na gang gis de yod par 'gyur /	318b	Thus, since the intrinsic reality of another is called “the intrinsic reality of another,” if that intrinsic reality of another is nonexistent, how could it exist?
['BO_T04_D3859-2:318b-15']	de'i phyir ngo bo nyid kyang gzhan la gzhan gyi dngos po yang gzhan zhes bya bar mi 'thad do //	de'i phyir ngo bo nyid kyang gzhan la gzhan gyi dngos po yang gzhan zhes bya bar mi 'thad do //	318b	Therefore, it is untenable to say, “Intrinsic reality is one thing and the intrinsic reality of another is something else.”
['BO_T04_D3859-2:318b-16']	de ltar na gnyen po nyid med de gcig pa nyid yin pa'i phyir ro //	de ltar na gnyen po nyid med de gcig pa nyid yin pa'i phyir ro //	318b	In that case, there is no antidote because they are identical.
['BO_T04_D3859-2:318b-17']	gnyen po med na ci ltar gnyen po la brten nas ngo bo nyid 'grub par 'gyur te /	gnyen po med na ci ltar gnyen po la brten nas ngo bo nyid 'grub par 'gyur te /	318b	If there is no antidote, how could the establishment of intrinsic reality depend on an antidote?
['BO_T04_D3859-2:318b-18']	des na gtan tshigs dang dpe ma grub po //	des na gtan tshigs dang dpe ma grub po //	318b	Therefore, the reason and example are not established.
['BO_T04_D3859-2:318b-19']	gzhan dag gis smras pa /	gzhan dag gis smras pa /	318b	Others say:
['BO_T04_D3859-2:318b-20']	mig la sogs pa'i dngos po dag don dam par ngo bo nyid yod pa yin te /	mig la sogs pa'i dngos po dag don dam par ngo bo nyid yod pa yin te /	318b	Things such as the eyes exist ultimately because they have intrinsic reality.
['BO_T04_D3859-2:319a-0']	dngos po ma yin pa'i phyir dper na me'i tsha ba nyid bzhin no zhes bya @319a * //	dngos po ma yin pa'i phyir dper na me'i tsha ba nyid bzhin no zhes bya @319a * //	319a	For example, this is like the heat of fire.
['BO_T04_D3859-2:319a-1']	ba ni de ltar bdag ge dngos po dang / gzhan gyi dngos po ma grub pa dang / 'dir pha rol po dag na re ngo bo nyid med pas gzhan gyi dngos po yang med la /	ba ni de ltar bdag ge dngos po dang / gzhan gyi dngos po ma grub pa dang / 'dir pha rol po dag na re ngo bo nyid med pas gzhan gyi dngos po yang med la /	319a	The meaning of the passage is as follows: Since neither one’s own nor another’s entity is established, here the opponent says, “Since there is no entityness, there is also no other entity.
['BO_T04_D3859-2:319a-2']	gzhan gyi dngos po med pas ngo bo nyid med pa yang bden mod kyi /	gzhan gyi dngos po med pas ngo bo nyid med pa yang bden mod kyi /	319a	  Since there is no other entity, there is also no entityness.”🔽  However, the opponent’s words are intended to prove that entities exist, for they say, “It is true that there is no entityness and no other entity.
['BO_T04_D3859-2:319a-3']	'on kyang re zhig yod pa nyid gang yin pa'i dngos po de nyid yod pas des na dngos po yod do zhes brjod par nus so zhes dngos po yod par bsgrub pa'i tshig yin te /	'on kyang re zhig yod pa nyid gang yin pa'i dngos po de nyid yod pas des na dngos po yod do zhes brjod par nus so zhes dngos po yod par bsgrub pa'i tshig yin te /	319a	  Nevertheless, since the entity that is existence itself exists, one can say that entities exist.”
['BO_T04_D3859-2:319a-4']	de dag kyang chos can dang / bsgrub par bya ba chos dang / sgrub pa'i chos dang / dpe yin par go rims bzhin du sbyar te /	de dag kyang chos can dang / bsgrub par bya ba chos dang / sgrub pa'i chos dang / dpe yin par go rims bzhin du sbyar te /	319a	  These words are to be applied in order to the subject, the predicate, the reason, and the example.
['BO_T04_D3859-2:319a-5']	dper na me'i tsha ba nyid ni dngos po yin pa'i phyir don dam pa pa'i ngo bo nyid yin pa de bzhin du /	dper na me'i tsha ba nyid ni dngos po yin pa'i phyir don dam pa pa'i ngo bo nyid yin pa de bzhin du /	319a	  For example, just as the heat of fire is the ultimate entity because it is an entity,
['BO_T04_D3859-2:319a-6']	mig la sogs pa'i dngos po dag kyang dngos po yin pa'i phyir don dam pa ba'i ngo bo nyid yod pa nyid do zhes zer ro //	mig la sogs pa'i dngos po dag kyang dngos po yin pa'i phyir don dam pa ba'i ngo bo nyid yod pa nyid do zhes zer ro //	319a	Because things such as eyes are things, they are ultimately existent, having intrinsic reality.
['BO_T04_D3859-2:319a-7']	de skad ces zer ba de'i lan du 'grel pa byed pa nyid kyis 'dir bshad pa /	de skad ces zer ba de'i lan du 'grel pa byed pa nyid kyis 'dir bshad pa /	319a	In response to such statements, the author of the commentary explains here:
['BO_T04_D3859-2:319a-8']	me dang bud shing brtag pa'i skabs su don dam par me'u tsha ba nyid bsal ba'i phyir dang / don dam par yod pa nyid bkag pa'i phyir dang / skye ba bkag pa'i phyir me ma grub pas dpe'i chos can ma grub pa'i skyon dang /	me dang bud shing brtag pa'i skabs su don dam par me'u tsha ba nyid bsal ba'i phyir dang / don dam par yod pa nyid bkag pa'i phyir dang / skye ba bkag pa'i phyir me ma grub pas dpe'i chos can ma grub pa'i skyon dang /	319a	Since fire is not established ultimately because heat is eliminated ultimately, because existence ultimately is refuted, and because arising is refuted, there is the fault that the exemplification of the example is not established.
['BO_T04_D3859-2:319a-9']	dpe bsgrub par bya ba chos dang mi ldan pa'i skyon yod do zhes bya ba smras te /	dpe bsgrub par bya ba chos dang mi ldan pa'i skyon yod do zhes bya ba smras te /	319a	There is the fault that the example does not possess the qualities to be proven.
['BO_T04_D3859-2:319a-10']	don dam par me ma grub pas dpe'i chos can ma grub pa'i skyon dang / kun rdzob tu yang mig la sogs pa yul gzugs la sogs pa 'dzin nus par bsgrub par bya ba chos de me'i dpe la med pas dpe bsgrub par bya ba chos dang mi ldan pa'i skyon yod pas dngos po yod par ma grub po /	don dam par me ma grub pas dpe'i chos can ma grub pa'i skyon dang / kun rdzob tu yang mig la sogs pa yul gzugs la sogs pa 'dzin nus par bsgrub par bya ba chos de me'i dpe la med pas dpe bsgrub par bya ba chos dang mi ldan pa'i skyon yod pas dngos po yod par ma grub po /	319a	Since fire is not ultimately established, there is the fault that the exemplification of the example is not established. Since the object to be established, the ability of the eye and so on to apprehend objects such as form and so on, does not exist in the example of fire, there is the fault that the example does not possess the object to be established. Therefore things do not exist.
['BO_T04_D3859-2:319a-11']	yang gzhan yang /	yang gzhan yang /	319a	Moreover:
['BO_T04_D3859-2:319a-12']	ngo bo nyid dang gzhan dngos dag / ma gtogs dngos po ga la yod //	ngo bo nyid dang gzhan dngos dag / ma gtogs dngos po ga la yod //	319a	Apart from identity and difference, how could there be things?🔽The meaning of the words “Things do not exist” is shown by this.
['BO_T04_D3859-2:319a-13', 'BO_T04_D3859-2:319a-14']	dngos po yod pa ma yin pa nyid do zhes bya ba'i tshig gi don to zhes bya bas ni snga ma brnan pa ston te /🔽gal te dngos po 'ga' zhig yod par gyur na ngo bo nyid dam gzhan gyi dngos po zhig yin grang ste /	dngos po yod pa ma yin pa nyid do zhes bya ba'i tshig gi don to zhes bya bas ni snga ma brnan pa ston te / gal te dngos po 'ga' zhig yod par gyur na ngo bo nyid dam gzhan gyi dngos po zhig yin grang ste /	319a	This restates the previous point.🔽If things existed, they would be either identity or difference.
['BO_T04_D3859-2:319a-15']	de'i phyir ngo bo nyid dang gzhan gyi dngos po dag yod na dngos po 'grub par 'gyur na gang gi tshe ngo bo nyid kyang med la /	de'i phyir ngo bo nyid dang gzhan gyi dngos po dag yod na dngos po 'grub par 'gyur na gang gi tshe ngo bo nyid kyang med la /	319a	Therefore, if identity and difference existed, things would be established. But when identity does not exist,
['BO_T04_D3859-2:319a-16']	gzhan gyi dngos po yang med pa de'i tshe ngo bo nyid dang gzhan gyi dngos po dag ma gtogs pa'i dngos po brjod par bya ba ma yin pa rang dang gzhan du ma gyur pa 'ba' zhig ba de yod par ga la 'gyur bas pha rol po'i gtan	gzhan gyi dngos po yang med pa de'i tshe ngo bo nyid dang gzhan gyi dngos po dag ma gtogs pa'i dngos po brjod par bya ba ma yin pa rang dang gzhan du ma gyur pa 'ba' zhig ba de yod par ga la 'gyur bas pha rol po'i gtan	319a	But if the entity of another does not exist, then how could an inexpressible entity that is neither itself nor another exist?
['BO_T04_D3859-2:319a-17']	tshigs kyi don ma grub pa nyid do //	tshigs kyi don ma grub pa nyid do //	319a	Therefore, the meaning of the reason is not established.
['BO_T04_D3859-2:319a-18']	de nyid bye brag tu bshad pa bstan pa'i phyir ci'i phyir zhe na /	de nyid bye brag tu bshad pa bstan pa'i phyir ci'i phyir zhe na /	319a	To explain that point in detail, why is it so?
['BO_T04_D3859-2:319b-0']	rgyu dang rkyen @319b rnams la brten te byung ba'i dngos po'i bdag nyid ni ngo bo nyid ces bya /	rgyu dang rkyen @319b rnams la brten te byung ba'i dngos po'i bdag nyid ni ngo bo nyid ces bya /	319b	The nature of things that arise in dependence on causes and conditions is called “intrinsic reality.”
['BO_T04_D3859-2:319b-1']	ngo bo nyid las gzhan pa'i dngos po rgyu la sogs pa dag ni gzhan gyi dngos po zhes bya ste /	ngo bo nyid las gzhan pa'i dngos po rgyu la sogs pa dag ni gzhan gyi dngos po zhes bya ste /	319b	The entity of things that is different from intrinsic reality, such as causes, is called “extrinsic reality.”
['BO_T04_D3859-2:319b-2']	de la / ngo bo nyid dang gzhan dngos dag / yod na dngos po 'grub par 'gyur //	de la / ngo bo nyid dang gzhan dngos dag / yod na dngos po 'grub par 'gyur //	319b	If intrinsic reality and extrinsic reality exist, then things would be established.
['BO_T04_D3859-2:319b-3']	de dag kyang ci ltar med pa de ltar sngar spyi dang khyad par bsal bas de bsal zin pas de'i phyir dngos po yin pa'i phyir zhes bya ba'i gtan tshigs kyi don ma grub pa nyid do zhes bya ba smras so //	de dag kyang ci ltar med pa de ltar sngar spyi dang khyad par bsal bas de bsal zin pas de'i phyir dngos po yin pa'i phyir zhes bya ba'i gtan tshigs kyi don ma grub pa nyid do zhes bya ba smras so //	319b	Moreover, since the general and specific refutations have already been presented above, the meaning of the reason “because it is an entity” is not established.
['BO_T04_D3859-2:319b-4']	da ni dngos po med pa stong pa nyid du bstan par bya ste /	da ni dngos po med pa stong pa nyid du bstan par bya ste /	319b	Now, the emptiness of non-entity will be explained.
['BO_T04_D3859-2:319b-5']	de'i phyogs snga ma bstan pa'i phyir 'dir smras pa /	de'i phyogs snga ma bstan pa'i phyir 'dir smras pa /	319b	In order to present the opponent’s position here, it is said:🔽Those who view intrinsic reality, extrinsic reality,
['BO_T04_D3859-2:319b-6', 'BO_T04_D3859-2:319b-7']	gang dag dngos nyid gzhan dngos dang // dngos dang dngos med nyid lta ba //🔽de dag sangs rgyas bstan pa la //	gang dag dngos nyid gzhan dngos dang // dngos dang dngos med nyid lta ba // de dag sangs rgyas bstan pa la //	319b	Entity, and non-entity🔽Do not see the truth
['BO_T04_D3859-2:319b-8']	de nyid mthong ba ma yin no //	de nyid mthong ba ma yin no //	319b	In the Buddha’s teaching.
['BO_T04_D3859-2:319b-9']	zhes khyod kyis 'og nas smras pa de la de ltar khyod /	zhes khyod kyis 'og nas smras pa de la de ltar khyod /	319b	You will say this below, but here you say:🔽Apart from intrinsic reality and extrinsic reality,
['BO_T04_D3859-2:319b-10']	ngo bo nyid dang gzhan dngos dag / ma gtogs dngos po ga la yod //	ngo bo nyid dang gzhan dngos dag / ma gtogs dngos po ga la yod //	319b	How can there be any entity?
['BO_T04_D3859-2:319b-11']	ces smras pa 'dis gnod par 'gyur ro zhes bya ba smras te /	ces smras pa 'dis gnod par 'gyur ro zhes bya ba smras te /	319b	This is said to be undermined.
['BO_T04_D3859-2:319b-12', 'BO_T04_D3859-2:319b-13']	khyed dbu ma pas 'og nas ngo bo nyid dang / gzhan gyi dngos po dang / dngos po dang / dngos po med pa nyid du lta ba 'gog pa'i tshig le'ur byas pa de skad smras pa 'byung ba de la /🔽da ltar khyod ngo bo nyid dang gzhan gyi dngos po dag ma gtogs pa'i dngos po ga la yod ces dngos po med pa nyid yod par smra ba 'dis gnod par 'gyur bas de'i phyir dngos po med pa yod do zhes zer ro //	khyed dbu ma pas 'og nas ngo bo nyid dang / gzhan gyi dngos po dang / dngos po dang / dngos po med pa nyid du lta ba 'gog pa'i tshig le'ur byas pa de skad smras pa 'byung ba de la / da ltar khyod ngo bo nyid dang gzhan gyi dngos po dag ma gtogs pa'i dngos po ga la yod ces dngos po med pa nyid yod par smra ba 'dis gnod par 'gyur bas de'i phyir dngos po med pa yod do zhes zer ro //	319b	You Followers of the Middle Way will say later in your root text, “How can an entity exist that is neither an essence nor a different thing?”🔽You will say this in the context of refuting the view that entities exist. But now, when you say that entities do not exist apart from essences and different things, you are undermining your own assertion that entities exist. Therefore, you are saying that entities exist but also that they do not exist.
['BO_T04_D3859-2:319b-14']	yang na dngos po ni yod pa nyid de mi mthun pa'i phyogs yod pa'i phyir dper na bya rog yod pas 'ug pa yod pa bzhin no zhes bya ba ni pha rol po dag dngos po med pa nyid yod par bsgrub pa'i tshad ma gzhan yin te /	yang na dngos po ni yod pa nyid de mi mthun pa'i phyogs yod pa'i phyir dper na bya rog yod pas 'ug pa yod pa bzhin no zhes bya ba ni pha rol po dag dngos po med pa nyid yod par bsgrub pa'i tshad ma gzhan yin te /	319b	Or, you may say, “Entities do exist because their opposites exist. For example, because crows exist, there are also hawks.” This is another argument of the counterparts that attempts to prove the existence of nonentities.
['BO_T04_D3859-2:319b-15']	de dag ni chos can dang bsgrub par bya ba chos dang / sgrub pa'i chos dang / dpe yin par go rims bzhin du sbyar te /	de dag ni chos can dang bsgrub par bya ba chos dang / sgrub pa'i chos dang / dpe yin par go rims bzhin du sbyar te /	319b	They are respectively the subject, the predicate of the probandum, the reason, and the example.
['BO_T04_D3859-2:319b-16']	dper na bya rog ni 'ug pa'i mi mthun pa'i phyogs yin pa'i phyir bya rog yod pas 'ug pa yod pa de bzhin du dngos po med pa'i mi mthun pa'i phyogs kyang dngos po yin pas dngos po yod pa'i phyir dngos po med pa yang med do zhes	dper na bya rog ni 'ug pa'i mi mthun pa'i phyogs yin pa'i phyir bya rog yod pas 'ug pa yod pa de bzhin du dngos po med pa'i mi mthun pa'i phyogs kyang dngos po yin pas dngos po yod pa'i phyir dngos po med pa yang med do zhes	319b	Just as the existence of an owl is established by the existence of a crow, since a crow is the opposite of an owl, so too, since an entity is the opposite of a nonentity, the existence of an entity establishes the nonexistence of a nonentity.
['BO_T04_D3859-2:319b-17']	zer ro // de skad ces zer ba de'i lan du 'grel pa byed pa nyid kyis 'dir bshad pa /	zer ro // de skad ces zer ba de'i lan du 'grel pa byed pa nyid kyis 'dir bshad pa /	319b	In response to this, the author of the commentary explains here:
['BO_T04_D3859-2:319b-18']	don dam par skye ba bkag pas /	don dam par skye ba bkag pas /	319b	Since arising is refuted ultimately,
['BO_T04_D3859-2:319b-19']	gal te dngos po ma grub na //	gal te dngos po ma grub na //	319b	if an entity is not established,
['BO_T04_D3859-2:319b-20']	dngos med 'grub par mi 'gyur ro //	dngos med 'grub par mi 'gyur ro //	319b	a nonentity is not established.
['BO_T04_D3859-2:320a-0', 'BO_T04_D3859-2:320a-1']	dngos po bkag pas dngos po med pa zhes brjod pa'i phyir ro zhes bya @320a * //🔽ba smras te /	dngos po bkag pas dngos po med pa zhes brjod pa'i phyir ro zhes bya @320a * //🔽ba smras te /	320a	Because a nonentity is said to be an entity that is refuted.
['BO_T04_D3859-2:320a-2']	dngos po yod par gyur na ni de bkag pas dngos po med pa zhes brjod pa'i phyir dngos po med pa yang 'grub par 'gyur ba zhig na /	dngos po yod par gyur na ni de bkag pas dngos po med pa zhes brjod pa'i phyir dngos po med pa yang 'grub par 'gyur ba zhig na /	320a	If things existed, then by negating them, non-things would be expressed, and thus non-things would be established.
['BO_T04_D3859-2:320a-3']	dngos po nyid 'ga' yang rab tu ma grub na /	dngos po nyid 'ga' yang rab tu ma grub na /	320a	But since things are not established at all,
['BO_T04_D3859-2:320a-4']	dngos po med par 'grub par mi 'gyur ro zhes bstan to //	dngos po med par 'grub par mi 'gyur ro zhes bstan to //	320a	non-things are not established.🔽Since the Madhyamaka does not even express non-things, there is no fault in our assertion, and the meaning of the reason is not unestablished.
['BO_T04_D3859-2:320a-5']	dngos po med pa yang mi brjod pas khas blangs pa la gnod pa yang med la gtan tshigs kyi don ma grub pa yang ma yin no zhes bya ba ni dbu ma pa dngos po med par yang mi brjod pas 'og nas /	dngos po med pa yang mi brjod pas khas blangs pa la gnod pa yang med la gtan tshigs kyi don ma grub pa yang ma yin no zhes bya ba ni dbu ma pa dngos po med par yang mi brjod pas 'og nas /	320a	Since the Madhyamaka does not even express non-things, later it says:🔽Those who view intrinsic reality, extrinsic reality,
['BO_T04_D3859-2:320a-6', 'BO_T04_D3859-2:320a-7']	gang dag dngos nyid gzhan dngos dang // dngos dang dngos med nyid lta ba //🔽de dag sangs rgyas bstan pa la //	gang dag dngos nyid gzhan dngos dang // dngos dang dngos med nyid lta ba // de dag sangs rgyas bstan pa la //	320a	Reality, and unreality,🔽Do not see
['BO_T04_D3859-2:320a-8']	de nyid mthong ba ma yin no //	de nyid mthong ba ma yin no //	320a	The reality of the Buddha’s teaching.🔽Since the Madhyamaka does not even express non-things, there is no fault in our assertion.
['BO_T04_D3859-2:320a-9']	zhes khas blangs pa la gnod pa yang med la 'dir /	zhes khas blangs pa la gnod pa yang med la 'dir /	320a	Here it says:🔽Apart from intrinsic reality and extrinsic reality,
['BO_T04_D3859-2:320a-10']	ngo bo nyid dang gzhan dngos dag / ma gtogs dngos po ga la yod //	ngo bo nyid dang gzhan dngos dag / ma gtogs dngos po ga la yod //	320a	How could things exist?
['BO_T04_D3859-2:320a-11', 'BO_T04_D3859-2:320a-12']	ces smras pas dngos po ma grub pas dngos po med pa yang 'grub par mi 'gyur ro zhes bsgrub pa'i gtan tshigs kyi don ma grub pa yang ma yin no //🔽yang na / dngos po gzhan du 'gyur ba ni //	ces smras pas dngos po ma grub pas dngos po med pa yang 'grub par mi 'gyur ro zhes bsgrub pa'i gtan tshigs kyi don ma grub pa yang ma yin no // yang na / dngos po gzhan du 'gyur ba ni //	320a	Thus, since the thing does not exist, the nonthing also does not exist. The meaning of the reason that proves this is not unestablished.🔽Again,🔽People say that the transformation of a thing
['BO_T04_D3859-2:320a-13']	dngos med yin par skye bo smra //	dngos med yin par skye bo smra //	320a	Is a nonthing.
['BO_T04_D3859-2:320a-14', 'BO_T04_D3859-2:320a-15']	zhes bya bas ni /🔽gal te dngos po ma grub na //	zhes bya bas ni / gal te dngos po ma grub na //	320a	This is stated🔽If a thing does not exist,
['BO_T04_D3859-2:320a-16']	dngos med 'grub par mi 'gyur ro //	dngos med 'grub par mi 'gyur ro //	320a	A nonthing does not exist.
['BO_T04_D3859-2:320a-17']	zhes bya ba'i gtan tshigs kyi smon pa bstan to /	zhes bya ba'i gtan tshigs kyi smon pa bstan to /	320a	This teaches the statement of the reason.
['BO_T04_D3859-2:320a-18']	'di ltar dngos po gzhan du 'gyur ba gang yin pa de ni dngos po med pa yin no zhes skye bo dag smra na dngos po de yang med de /	'di ltar dngos po gzhan du 'gyur ba gang yin pa de ni dngos po med pa yin no zhes skye bo dag smra na dngos po de yang med de /	320a	In this way, if people say that the transformation of a thing is a nonthing, then that thing does not exist.
['BO_T04_D3859-2:320a-19']	de med na dngos po med pa de gang gi yin par 'gyur /	de med na dngos po med pa de gang gi yin par 'gyur /	320a	If that does not exist, then what would a nonthing be?
['BO_T04_D3859-2:320a-20']	de ltar dngos po med pa med na khyod kyi de'i mi mthun pa'i phyogs /	de ltar dngos po med pa med na khyod kyi de'i mi mthun pa'i phyogs /	320a	Thus, if a nonthing does not exist, how could a thing,
['BO_T04_D3859-2:320a-21']	dngos po 'thad par ga la 'gyur //	dngos po 'thad par ga la 'gyur //	320a	Which is its opposite, be tenable?
['BO_T04_D3859-2:320a-22']	dngos po med na yang de'i mi mthun pa'i phyogs dngos po med pa 'thad par mi 'gyur ro //	dngos po med na yang de'i mi mthun pa'i phyogs dngos po med pa 'thad par mi 'gyur ro //	320a	If things do not exist, then the nonexistence that is the opposite of things is not tenable.
['BO_T04_D3859-2:320a-23']	de nyid bstan pa'i phyir dngos po med pa'i phyir de yang med pas gtan tshigs thun mong ma yin pa nyid dam don 'gal ba nyid do //	de nyid bstan pa'i phyir dngos po med pa'i phyir de yang med pas gtan tshigs thun mong ma yin pa nyid dam don 'gal ba nyid do //	320a	In order to demonstrate just this, he says, “Because that also does not exist due to the nonexistence of things, the reason is not uncommon or else it contradicts the meaning.”
['BO_T04_D3859-2:320a-24', 'BO_T04_D3859-2:320a-25']	dpe yang med de don dam par bya rog dang 'ug pa dag yod pa nyid du ma grags pa'i phyir ro zhes bya ba smras te /🔽dngos po med pa'i phyir dngos po med pa de yang med pas pha rol po'i gtan tshigs mi mthun pa'i phyogs yod pa'i phyir zhes bya ba de don dam par sgrub na ni thun mong ma yin pa nyid yin pas ma grub ste /	dpe yang med de don dam par bya rog dang 'ug pa dag yod pa nyid du ma grags pa'i phyir ro zhes bya ba smras te / dngos po med pa'i phyir dngos po med pa de yang med pas pha rol po'i gtan tshigs mi mthun pa'i phyogs yod pa'i phyir zhes bya ba de don dam par sgrub na ni thun mong ma yin pa nyid yin pas ma grub ste /	320a	There is also no example because crows and owls are not renowned in the ultimate to exist.
['BO_T04_D3859-2:320a-26']	dngos po la yang mi mthun pa'i phyogs med la dngos po med pa yang mi mthun pa'i phyogs med pa'i phyir ro //	dngos po la yang mi mthun pa'i phyogs med la dngos po med pa yang mi mthun pa'i phyogs med pa'i phyir ro //	320a	Because things do not exist, that nonexistence also does not exist. If the opponent’s reason, “because the discordant class exists,” is established in the ultimate, then it is not uncommon because there is no discordant class in things and there is also no discordant class in nonthings.
['BO_T04_D3859-2:320b-0']	kun rdzob tu sgrub na ni don 'gal ba nyid de @320b kun rdzob tu mi mthun pa'i phyogs yod pa'i gtan tshigs kyis don dam par de yod par mi 'grub pa'i phyir ro //	kun rdzob tu sgrub na ni don 'gal ba nyid de @320b kun rdzob tu mi mthun pa'i phyogs yod pa'i gtan tshigs kyis don dam par de yod par mi 'grub pa'i phyir ro //	320b	If you establish it conventionally, then the meaning is contradictory, because a reason that has a discordant factor conventionally does not establish that it exists ultimately.
['BO_T04_D3859-2:320b-1']	pha rol po dag gi dpe bya rog yod pas 'ug pa yod pa bzhin no zhes bya ba de yang ma grub ste /	pha rol po dag gi dpe bya rog yod pas 'ug pa yod pa bzhin no zhes bya ba de yang ma grub ste /	320b	The opponent’s example, “Like the existence of an owl because of the existence of a crow,” is also not established,
['BO_T04_D3859-2:320b-2']	don dam par de dag yod pa nyid du ma grags pa'i phyir ro //	don dam par de dag yod pa nyid du ma grags pa'i phyir ro //	320b	because those are not renowned to exist ultimately.
['BO_T04_D3859-2:320b-3']	de ltar re zhig de dag gis ni shes rab kyi pha rol tu phyin pa las gsungs pa'i rten cing 'brel par 'byung ba bdag gi dngos po dang gzhan gyi dngos po dang / dngos po dang / dngos po med pa stong pa nyid kyi khyad par dang ldan pa grub par bstan to //	de ltar re zhig de dag gis ni shes rab kyi pha rol tu phyin pa las gsungs pa'i rten cing 'brel par 'byung ba bdag gi dngos po dang gzhan gyi dngos po dang / dngos po dang / dngos po med pa stong pa nyid kyi khyad par dang ldan pa grub par bstan to //	320b	Thus, in this way, they have taught the establishment of dependent arising as it is taught in the Perfection of Wisdom, endowed with the features of the emptiness of intrinsic reality, the emptiness of extrinsic reality, the emptiness of both, and the emptiness of ultimate reality.
['BO_T04_D3859-2:320b-4']	'dir gal te pha rol po dag na re 'di la de kho na mthong bas thar par 'gyur ro zhes bya zhing de kho na zhes bya ba yang de'i dngos po ni de kho na ste /	'dir gal te pha rol po dag na re 'di la de kho na mthong bas thar par 'gyur ro zhes bya zhing de kho na zhes bya ba yang de'i dngos po ni de kho na ste /	320b	Here, the opponent might say, “One is liberated by seeing reality, and that which is called ‘reality’ is the suchness of that.
['BO_T04_D3859-2:320b-5', 'BO_T04_D3859-2:320b-6']	dngos po'i ngo bo nyid ces bya ba'i tha tshig go //🔽de la gal te dngos po'i ngo bo nyid med pa yin na de ltar na khyod la /	dngos po'i ngo bo nyid ces bya ba'i tha tshig go // de la gal te dngos po'i ngo bo nyid med pa yin na de ltar na khyod la /	320b	That is the reality of things.
['BO_T04_D3859-2:320b-7']	de kho na mthong ba mi 'thad par 'gyur la /	de kho na mthong ba mi 'thad par 'gyur la /	320b	If things do not have intrinsic reality, then it is untenable that you see reality.
['BO_T04_D3859-2:320b-8']	de kho na mthong ba med na thar pa 'thad par ci ltar 'gyur /	de kho na mthong ba med na thar pa 'thad par ci ltar 'gyur /	320b	And if you do not see reality, how could liberation be tenable?🔽Therefore the view that things are said to be essenceless is not good.”
['BO_T04_D3859-2:320b-9']	de lta bas na dngos po rnams ngo bo nyid med pa zhes bya bar lta ba de ni bzang po ma yin no zhes zer ba'i phyogs snga ma khong nas dbyung ba de'i lan du 'dir 'grel ba byed pa nyid kyis /	de lta bas na dngos po rnams ngo bo nyid med pa zhes bya bar lta ba de ni bzang po ma yin no zhes zer ba'i phyogs snga ma khong nas dbyung ba de'i lan du 'dir 'grel ba byed pa nyid kyis /	320b	Here the author of the commentary himself gives the following response to this former opponent.
['BO_T04_D3859-2:320b-10']	kho bo cag ni rten cing 'brel par 'byung ba'i nyi ma shar bas snang bar gyur ba'i dngos po rnams kyi ngo bo nyid med pa nyid yang dag pa ci lta ba bzhin du mthong bas de'i phyir kho bo cag nyid la de kho na mthong ba yod	kho bo cag ni rten cing 'brel par 'byung ba'i nyi ma shar bas snang bar gyur ba'i dngos po rnams kyi ngo bo nyid med pa nyid yang dag pa ci lta ba bzhin du mthong bas de'i phyir kho bo cag nyid la de kho na mthong ba yod	320b	Since we see the lack of entityness of things that are illuminated by the rising sun of dependent origination just as it is, we alone see reality.
['BO_T04_D3859-2:320b-11']	pas / kho bo cag kho na la thar pa yang 'thad kyis gang zag de ltar ngo bo nyid dang gzhan gyi dngos po dang / dngos po dang / dngos po med pa nyid du lta ba de dag ni /	pas / kho bo cag kho na la thar pa yang 'thad kyis gang zag de ltar ngo bo nyid dang gzhan gyi dngos po dang / dngos po dang / dngos po med pa nyid du lta ba de dag ni /	320b	Therefore liberation is tenable only for us, but for those who view the person as having intrinsic character, as having the nature of being other, as having the nature of being a thing or nonthing,🔽liberation is not tenable.
['BO_T04_D3859-2:320b-12']	'di ltar sangs rgyas kyi bstan pa mchog tu za ba pa la de kho na mthong ba ma yin pas de dag la thar pa yang mi 'thad par bstan pa'i phyir /	'di ltar sangs rgyas kyi bstan pa mchog tu za ba pa la de kho na mthong ba ma yin pas de dag la thar pa yang mi 'thad par bstan pa'i phyir /	320b	To explain that since they do not see reality, they do not see the Buddha’s teaching as supreme, and therefore liberation is not tenable for them, the text says:
['BO_T04_D3859-2:320b-13']	gang gi phyir de ltar de nye bar btags na ngo bo nyid dang / gzhan gyi dngos po dang / dngos po dang / dngos po med pa ma grub pa de'i phyir bde bar gshegs pa'i sras gang dag chags pa med pa'i blo yod pa shes bya'i rgya mtsho chen po mtha' dag la blo gos  kyi 'od zer thogs ba med pa dang ldan pa /	gang gi phyir de ltar de nye bar btags na ngo bo nyid dang / gzhan gyi dngos po dang / dngos po dang / dngos po med pa ma grub pa de'i phyir bde bar gshegs pa'i sras gang dag chags pa med pa'i blo yod pa shes bya'i rgya mtsho chen po mtha' dag la blo gos  kyi 'od zer thogs ba med pa dang ldan pa /	320b	Because in this way, intrinsic reality, extrinsic reality, existence, and nonexistence are not established when imputed in this way, therefore the heirs of the sugatas, who have minds free from attachment, who have unimpeded rays of light of mind with regard to the entire great ocean of objects of knowledge,
['BO_T04_D3859-2:320b-14']	sa thams cad la phan gdags pa'i phyir de bzhin gshegs pa'i tshul spyad dka' ba spyod par byed pa /	sa thams cad la phan gdags pa'i phyir de bzhin gshegs pa'i tshul spyad dka' ba spyod par byed pa /	320b	who practice the difficult conduct of the way of the tathāgatas in order to benefit all sentient beings,
['BO_T04_D3859-2:321a-0']	rnam par mi rtog pa'i ye shes kyi shing rta la spyod pa de dag ni ngo bo nyid dang / gzhan gyi dngos po dang / dngos po dang / @321a * //	rnam par mi rtog pa'i ye shes kyi shing rta la spyod pa de dag ni ngo bo nyid dang / gzhan gyi dngos po dang / dngos po dang / @321a * //	321a	who ride the chariot of nonconceptual wisdom, do not see intrinsic reality, extrinsic reality, existence,
['BO_T04_D3859-2:321a-1']	dngos po med par mi lta'o //	dngos po med par mi lta'o //	321a	and nonexistence.
['BO_T04_D3859-2:321a-2']	de las gzhan pa'i sems can bsod nams chung ngu tshe rabs gzhan dag tu yang chos zab cing rgya che ba la bzod pa ma skyes pa ngo bo nyid dang / gzhan gyi dngos po dang / dngos po dang / dngos po med par smra ba la mngon par zhen pa'i bag chags kyis blo nyams par gyur pa /	de las gzhan pa'i sems can bsod nams chung ngu tshe rabs gzhan dag tu yang chos zab cing rgya che ba la bzod pa ma skyes pa ngo bo nyid dang / gzhan gyi dngos po dang / dngos po dang / dngos po med par smra ba la mngon par zhen pa'i bag chags kyis blo nyams par gyur pa /	321a	Other sentient beings, who have little merit and have not generated patience for the profound and extensive Dharma even in other lifetimes, have minds impaired by the latent potentialities of adherence to the views of reificationism, nihilism, intrinsic reality, extrinsic reality, reality, and unreality.🔽Those who view intrinsic reality, extrinsic reality,
['BO_T04_D3859-2:321a-3', 'BO_T04_D3859-2:321a-4']	gang dag dngos nyid gzhan dngos dang // dngos dang dngos med nyid lta ba //🔽de dag sangs rgyas bstan pa la //	gang dag dngos nyid gzhan dngos dang // dngos dang dngos med nyid lta ba // de dag sangs rgyas bstan pa la //	321a	Reality, and unreality🔽Do not see the truth
['BO_T04_D3859-2:321a-5']	de nyid mthong ba ma yin no //	de nyid mthong ba ma yin no //	321a	In the teaching of the Buddha.
['BO_T04_D3859-2:321a-6']	ngo bo nyid la sogs par lta ba ni rigs pa dang lung dang 'gal ba'i phyir ro zhes bya bar dgongs so zhes bya ba smras so //	ngo bo nyid la sogs par lta ba ni rigs pa dang lung dang 'gal ba'i phyir ro zhes bya bar dgongs so zhes bya ba smras so //	321a	The view of intrinsic reality, etc., is inconsistent with reasoning and scripture.
['BO_T04_D3859-2:321a-7']	gal te ci'i phyir zhe na /	gal te ci'i phyir zhe na /	321a	Why is it so?
['BO_T04_D3859-2:321a-8']	'di ltar / de la ci ltar rigs pa dang 'gal ba nyid yin pa de ltar ni bstan zin to //	'di ltar / de la ci ltar rigs pa dang 'gal ba nyid yin pa de ltar ni bstan zin to //	321a	It has been demonstrated how it is inconsistent with reasoning.
['BO_T04_D3859-2:321a-9']	ci ltar lung dang 'gal ba nyid yin pa de ltar 'dir bshad do //	ci ltar lung dang 'gal ba nyid yin pa de ltar 'dir bshad do //	321a	It is explained here how it contradicts scripture.🔽The Lord has taught
['BO_T04_D3859-2:321a-10']	bcom ldan dngos dang dngos med pa //	bcom ldan dngos dang dngos med pa //	321a	both existence and nonexistence
['BO_T04_D3859-2:321a-11', 'BO_T04_D3859-2:321a-12']	ston pas k'a ty'a ya na yi //🔽gdams dag las ni yod pa dang // med pa gnyi ga'ang dgag pa mdzad //	ston pas k'a ty'a ya na yi // gdams dag las ni yod pa dang // med pa gnyi ga'ang dgag pa mdzad //	321a	in the instructions to Katyayana🔽in the sutra called “The Instructions to Katyayana,” the Lord, who is skilled in ultimate reality, has taught both existence and nonexistence.🔽In the sutra called “The Instructions to Katyayana,” the Lord, who is skilled in ultimate reality, has taught both existence and nonexistence.
['BO_T04_D3859-2:321a-13']	gad gi phyir bcom ldan 'das don dam pa de kho na la mkhas pa dngos po dang dngos po med pa rab tu ston pas /	gad gi phyir bcom ldan 'das don dam pa de kho na la mkhas pa dngos po dang dngos po med pa rab tu ston pas /	321a	In the sutra called “The Instructions to Katyayana,” the Lord, who is skilled in ultimate reality, has taught both existence and nonexistence.🔽In the sutra called “The Instructions to Katyayana,” the Lord, who is skilled in ultimate reality, has taught both existence and nonexistence.🔽In the sutra called “The Instructions to Katyayana,” the Lord, who is skilled in ultimate reality, has taught both existence and nonexistence.🔽In the sutra called “The Instructions to Katyayana,” the Lord, who is skilled in ultimate reality, has taught both existence and nonexistence.🔽In the sutra called “The Instructions to Katyayana,” the Lord, who is skilled in ultimate reality, has taught both existence and nonexistence.🔽In the sutra called “The Instructions to Katyayana,” the Lord, who is skilled in ultimate reality, has taught both existence and nonexistence.🔽In the sutra called “The Instructions to Katyayana,” the Lord, who is skilled in ultimate reality, has taught both existence and nonexistence.🔽In the sutra called “The Instructions to Katyayana,” the Lord, who is skilled in ultimate reality, has taught both existence and nonexistence.🔽In the sutra called “The Instructions to Katyayana,” the Lord, who is skilled in ultimate reality, has taught both existence and nonexistence.🔽In the sutra called “The Instructions to Katyayana,” the Lord, who is skilled in ultimate reality, has taught both existence and nonexistence.🔽In the sutra called “The Instructions to Katyayana,” the Lord, who is skilled in ultimate reality, has taught both existence and nonexistence.🔽In the sutra called “The Instructions to Katyayana,” the Lord, who is skilled in ultimate reality, has taught both existence and nonexistence.🔽In the sutra called “The Instructions to Katyayana,” the Lord, who is skilled in ultimate reality, has taught both existence and nonexistence.
['BO_T04_D3859-2:321a-14', 'BO_T04_D3859-2:321a-15']	k'a ty'a ya na'i gdams ngag ces bya ba'i mdo las /🔽k'a ty'a ya na 'jig rten 'di ni gnyis la gnas te phal cher yod pa nyid dang med pa nyid la'o zhes bya ba la sogs pa dang / de bzhin du mdo gzhan dag las kyang kun dga' bo yod ces bya ba ni rtag par 'gyur la /	k'a ty'a ya na'i gdams ngag ces bya ba'i mdo las /🔽k'a ty'a ya na 'jig rten 'di ni gnyis la gnas te phal cher yod pa nyid dang med pa nyid la'o zhes bya ba la sogs pa dang / de bzhin du mdo gzhan dag las kyang kun dga' bo yod ces bya ba ni rtag par 'gyur la /	321a	In the sutra called “The Instructions to Katyayana,” the Lord, who is skilled
['BO_T04_D3859-2:321a-16']	med ces bya ba ni chad par 'gyur ro zhes kyang gsungs pas yod pa zhes bya ba dang / med pa zhes bya ba gnyi ga yang dgag pa mdzad pa de'i phyir /	med ces bya ba ni chad par 'gyur ro zhes kyang gsungs pas yod pa zhes bya ba dang / med pa zhes bya ba gnyi ga yang dgag pa mdzad pa de'i phyir /	321a	Since it is also said, “To say ‘it does not exist’ is nihilism,” both “it exists” and “it does not exist” are negated.
['BO_T04_D3859-2:321a-17']	gang dag dngos po rnams la yod pa nyid dang med pa nyid du rjes su lta ba de dag gis de kho na mi mthong bas de dag nyid la thar pa yang mi 'thad do //	gang dag dngos po rnams la yod pa nyid dang med pa nyid du rjes su lta ba de dag gis de kho na mi mthong bas de dag nyid la thar pa yang mi 'thad do //	321a	Therefore, since those who view things as existent or nonexistent do not see reality, liberation is not tenable for them.
['BO_T04_D3859-2:321a-18']	kho bo cag yod pa nyid dang med pa nyid la mngon par zhen pa med par tha snyad byed pa dag la ni thar pa mi 'thad pa med do //	kho bo cag yod pa nyid dang med pa nyid la mngon par zhen pa med par tha snyad byed pa dag la ni thar pa mi 'thad pa med do //	321a	But for us, who make assertions without adhering to existence or nonexistence, liberation is not untenable.
['BO_T04_D3859-2:321a-19']	yang na kha cig la blo 'di lta bu 'byung ste /	yang na kha cig la blo 'di lta bu 'byung ste /	321a	Or, the following idea occurs to someone:🔽“If ultimately things do not exist, then what is seen by those who see reality is called seeing reality?”
['BO_T04_D3859-2:321a-20']	gal te don dam par dngos po rnams med pa yin na 'o na gang dag gi de kho na mthong ba la de kho na mthong ba zhes bya snyam na zhes bya ba la sogs pas ni tshig le'ur byas pa gong ma gnyis kyi don rnam pa gzhan	gal te don dam par dngos po rnams med pa yin na 'o na gang dag gi de kho na mthong ba la de kho na mthong ba zhes bya snyam na zhes bya ba la sogs pas ni tshig le'ur byas pa gong ma gnyis kyi don rnam pa gzhan	321a	The meaning of the two previous verses is
['BO_T04_D3859-2:321a-21']	du rnam par bshad pa ston te /	du rnam par bshad pa ston te /	321a	This verse teaches the explanation.
['BO_T04_D3859-2:321b-0']	bstan bcos 'di las don dam par dngos po thams cad skye ba med par bstan @321b pas de'i phyir gang zag las dang po pa kha cig la blo 'di lta bu 'byung ste /	bstan bcos 'di las don dam par dngos po thams cad skye ba med par bstan @321b pas de'i phyir gang zag las dang po pa kha cig la blo 'di lta bu 'byung ste /	321b	Since this treatise teaches that ultimately all things are non-arisen, some beginning practitioners will have the following thought:
['BO_T04_D3859-2:321b-1']	gal te don dam par dngos po rnams med pa yin na /	gal te don dam par dngos po rnams med pa yin na /	321b	If ultimately things do not exist,
['BO_T04_D3859-2:321b-2']	'o na gang dag gi de kho na mthong ba la de kho na mthong ba zhes bya /	'o na gang dag gi de kho na mthong ba la de kho na mthong ba zhes bya /	321b	then what is seen by those who see reality is not the reality of things.🔽It is not tenable that the reality of things that do not exist, like the horns of a rabbit, is seen.
['BO_T04_D3859-2:321b-3']	'di ltar ri bong gi rva la sogs pa lta bu med pa dag gi de kho na mthong bar ni mi rung ngo snyam du sems pa de dag gi the tshom bcad pa'i phyir /	'di ltar ri bong gi rva la sogs pa lta bu med pa dag gi de kho na mthong bar ni mi rung ngo snyam du sems pa de dag gi the tshom bcad pa'i phyir /	321b	To eliminate the doubts of those who think in this way, the following verse is stated.
['BO_T04_D3859-2:321b-4']	thub pa chen po'i sras rten cing 'brel par 'byung ba shes pa'i nyi ma'i 'od zer gyis mi shes pa'i mun pa bsal ba gang dag dngos po rgyu dang rkyen las byung ba tha snyad kyi yan lag tu gyur pa dag la shes rab kyis yongs su rtog	thub pa chen po'i sras rten cing 'brel par 'byung ba shes pa'i nyi ma'i 'od zer gyis mi shes pa'i mun pa bsal ba gang dag dngos po rgyu dang rkyen las byung ba tha snyad kyi yan lag tu gyur pa dag la shes rab kyis yongs su rtog	321b	The sons of the Great Sage, who are the light rays of the sun of the knowledge of dependent origination, dispel the darkness of ignorance. Those who use wisdom to fully investigate things that arise from causes and conditions and are parts of conventional reality will not have doubts about the reality of things.
['BO_T04_D3859-2:321b-5']	pa ni ngo bo nyid kyang med /	pa ni ngo bo nyid kyang med /	321b	Nor is it that it is not nonexistent.🔽
['BO_T04_D3859-2:321b-6']	gzhan gyi dngos po yang med /	gzhan gyi dngos po yang med /	321b	Nor is there any other entity.🔽  Nor is there any entity or nonentity.
['BO_T04_D3859-2:321b-7']	dngos po yang med dngos po med pa yang med do zhes dgag pa'i tshul gyis mthong ba de dag ni de kho na mthong ba yin te /	dngos po yang med dngos po med pa yang med do zhes dgag pa'i tshul gyis mthong ba de dag ni de kho na mthong ba yin te /	321b	  Those who see in this way through the mode of negation see reality.
['BO_T04_D3859-2:321b-8']	de kho na mthong ba'i rgyu yin pa'i phyir ro zhes bya ba smras te /	de kho na mthong ba'i rgyu yin pa'i phyir ro zhes bya ba smras te /	321b	  Because it is the cause of seeing reality.
['BO_T04_D3859-2:321b-9']	gang gi phyir ngo bo nyid la sogs pa dag dgag pa'i tshul ni de kho na mthong ba skye ba de'i phyir ngo bo nyid la sogs pa dag dgag pa'i tshul ni de kho na mthong ba'i rgyu yin no zhes nye bar gdags pa'i phyir ro //	gang gi phyir ngo bo nyid la sogs pa dag dgag pa'i tshul ni de kho na mthong ba skye ba de'i phyir ngo bo nyid la sogs pa dag dgag pa'i tshul ni de kho na mthong ba'i rgyu yin no zhes nye bar gdags pa'i phyir ro //	321b	  Because the mode of negation of intrinsic reality and so on is the cause of seeing reality, it is designated as seeing reality.
['BO_T04_D3859-2:321b-10']	de las bzlog pa'i sems can dngos po rnams ngo bo nyid med pa nyid la sogs par lta bas 'jigs shing skrag par gyur pa dag de kho na mthong ba ma yin par bstan pa'i phyir /	de las bzlog pa'i sems can dngos po rnams ngo bo nyid med pa nyid la sogs par lta bas 'jigs shing skrag par gyur pa dag de kho na mthong ba ma yin par bstan pa'i phyir /	321b	  In order to demonstrate that sentient beings who are frightened and terrified by the view of the absence of intrinsic reality and so on are not seeing reality,🔽  the treatise states:
['BO_T04_D3859-2:321b-11']	gzhan stong pa nyid du lta bas 'jigs shing skrag par gyur pa /	gzhan stong pa nyid du lta bas 'jigs shing skrag par gyur pa /	321b	Frightened by the view of emptiness,
['BO_T04_D3859-2:321b-12', 'BO_T04_D3859-2:321b-13']	nam mkha' 'jigs shing skrag pa thogs pa dang bcas pa'i rdzas kyi gnas su gyur pa'i nam mkha' sel bar 'dod pa lta bu ngo bo nyid la sogs par lta ba la gnas pa /🔽gang dag dngos nyid gzhan dngos dang // dngos dang dngos med nyid lta ba /	nam mkha' 'jigs shing skrag pa thogs pa dang bcas pa'i rdzas kyi gnas su gyur pa'i nam mkha' sel bar 'dod pa lta bu ngo bo nyid la sogs par lta ba la gnas pa / gang dag dngos nyid gzhan dngos dang // dngos dang dngos med nyid lta ba /	321b	It is like the desire to eliminate space, which is the abode of material things that are obstructive and tangible, and which is itself nonobstructive and intangible.🔽Those who view entities, nonentities,🔽intrinsic reality, extrinsic reality,
['BO_T04_D3859-2:321b-14']	de dag sangs rgyas bstan pa la //	de dag sangs rgyas bstan pa la //	321b	reality,
['BO_T04_D3859-2:321b-15']	de nyid mthong ba ma yin no //	de nyid mthong ba ma yin no //	321b	and unreality do not see🔽the reality of the Buddha’s teaching.
['BO_T04_D3859-2:321b-16']	de dag mthong ba ni log pa'i shes pas mthong ba yin pa'i phyir zhes bya bar dgongs so zhes bya ba smras te /	de dag mthong ba ni log pa'i shes pas mthong ba yin pa'i phyir zhes bya bar dgongs so zhes bya ba smras te /	321b	They see with false knowledge, he thinks.
['BO_T04_D3859-2:321b-17']	ngo bo nyid la sogs pa de dag mthong ba ni log pa'i shes pas mthong ba yin pa'i phyir de kho na mthong ba ma yin no zhes bya bar dgongs so //	ngo bo nyid la sogs pa de dag mthong ba ni log pa'i shes pas mthong ba yin pa'i phyir de kho na mthong ba ma yin no zhes bya bar dgongs so //	321b	Those who see intrinsic reality and so on see with false knowledge, and therefore they do not see reality, he thinks.
['BO_T04_D3859-2:321b-18']	de'i phyir ngo bo nyid la sogs par lta ba ni lung dang 'gal ba nyid yin pas /	de'i phyir ngo bo nyid la sogs par lta ba ni lung dang 'gal ba nyid yin pas /	321b	Therefore, since the views of intrinsic reality and so on contradict the scriptures,
['BO_T04_D3859-2:321b-19']	ngo bo nyid la sogs par mi lta ba ni de kho na mthong ba yin no zhes bya ba de ltar khong du chud par bya ba nyid du rigs par bstan pa'i phyir ro //	ngo bo nyid la sogs par mi lta ba ni de kho na mthong ba yin no zhes bya ba de ltar khong du chud par bya ba nyid du rigs par bstan pa'i phyir ro //	321b	The statement “One should understand that not seeing any entity, etc. is seeing reality” is taught as a principle for understanding that.
['BO_T04_D3859-2:321b-20']	de nyid kyi phyir /	de nyid kyi phyir /	321b	For this very reason,
['BO_T04_D3859-2:321b-21']	bcom ldan dngos dang dngos med pa //	bcom ldan dngos dang dngos med pa //	321b	the Lord, the Teacher, in the advice
['BO_T04_D3859-2:322a-0']	@322a * // ston pas k'a ty'a ya na yi //	@322a * // ston pas k'a ty'a ya na yi //	322a	to Katyayana,
['BO_T04_D3859-2:322a-1']	gdams ngag las ni yod pa dang // med pa gnyi ga'ang dgag pa mdzad //	gdams ngag las ni yod pa dang // med pa gnyi ga'ang dgag pa mdzad //	322a	refuted both existence and nonexistence.
['BO_T04_D3859-2:322a-2']	ngo bo nyid la sogs par mi lta ba ni de kho na mthong ba yin no zhes bya ba de ltar khong du chud par bya ba nyid du rigs so zhes bya ba smras te /	ngo bo nyid la sogs par mi lta ba ni de kho na mthong ba yin no zhes bya ba de ltar khong du chud par bya ba nyid du rigs so zhes bya ba smras te /	322a	The statement “One should understand that not seeing any entity, etc. is seeing reality” is taught as a principle for understanding that.
['BO_T04_D3859-2:322a-3']	gal te dngos po dang / dngos po med par mthong ba de kho na mthong ba yin na ni de kho na ma mthong ba 'ga' yang med par 'gyur bas de ni de kho na mthong ba ma yin no //	gal te dngos po dang / dngos po med par mthong ba de kho na mthong ba yin na ni de kho na ma mthong ba 'ga' yang med par 'gyur bas de ni de kho na mthong ba ma yin no //	322a	If seeing entity and nonentity were seeing reality, then there would be no one who did not see reality, but that is not so.
['BO_T04_D3859-2:322a-4']	de lta bas na dngos po rnams kyi ngo bo nyid med pa nyid ni de kho na yin la /	de lta bas na dngos po rnams kyi ngo bo nyid med pa nyid ni de kho na yin la /	322a	Therefore, the absence of intrinsic reality of entities is reality.
['BO_T04_D3859-2:322a-5']	de mthong ba kho nas thar par 'gyur bas ngo bo nyid la sogs par mi lta ba ni de kho na mthong ba yin no zhes bya ba de ltar khong du chud par bya ba nyid du rigs te /	de mthong ba kho nas thar par 'gyur bas ngo bo nyid la sogs par mi lta ba ni de kho na mthong ba yin no zhes bya ba de ltar khong du chud par bya ba nyid du rigs te /	322a	Since one is liberated merely by seeing that, it is reasonable to understand that not seeing in terms of essence and so on is seeing reality.
['BO_T04_D3859-2:322a-6']	slob dpon 'phags pa lhas kyang /	slob dpon 'phags pa lhas kyang /	322a	Ācārya Āryadeva also says:
['BO_T04_D3859-2:322a-7']	srid pa'i sa bon rnam shes to //	srid pa'i sa bon rnam shes to //	322a	Consciousness is the seed of existence.
['BO_T04_D3859-2:322a-8']	yul rnams de yi spyod yul lo //	yul rnams de yi spyod yul lo //	322a	Objects are its sphere of activity.
['BO_T04_D3859-2:322a-9']	yul la bdag med mthong na ni //	yul la bdag med mthong na ni //	322a	When one sees the selflessness of objects,
['BO_T04_D3859-2:322a-10', 'BO_T04_D3859-2:322a-11']	srid pa'i sa bon 'gag par 'gyur //🔽zhes gsungs so //	srid pa'i sa bon 'gag par 'gyur // zhes gsungs so //	322a	The seed of existence ceases.🔽Why is it reasonable to understand that not seeing in terms of essence and so on is seeing reality?
['BO_T04_D3859-2:322a-12']	ci'i phyir zhe na zhes bya ba la sogs pas ni ngo bo nyid la sogs par mi lta ba ni de kho na mthong ba yin no zhes bya ba de ltar khong du chud par bya ba nyid du rigs so zhes bstan pa'i 'thad pa ston te /	ci'i phyir zhe na zhes bya ba la sogs pas ni ngo bo nyid la sogs par mi lta ba ni de kho na mthong ba yin no zhes bya ba de ltar khong du chud par bya ba nyid du rigs so zhes bstan pa'i 'thad pa ston te /	322a	This is taught by the passage beginning with “Why is that?”
['BO_T04_D3859-2:322a-13']	de ni de ltar nges pa kho nar shes par bya'o //	de ni de ltar nges pa kho nar shes par bya'o //	322a	It should be understood with certainty that it is just as it is said.
['BO_T04_D3859-2:322a-14']	gzhan du na /	gzhan du na /	322a	Otherwise,
['BO_T04_D3859-2:322a-15']	gal te rang bzhin yod nyid na /	gal te rang bzhin yod nyid na /	322a	if essence existed,
['BO_T04_D3859-2:322a-16']	de ni med nyid mi 'gyur ro //	de ni med nyid mi 'gyur ro //	322a	it would not become nonexistent.
['BO_T04_D3859-2:322a-17']	gal te dngos po rnams rang bzhin gyis yod pa nyid yin par gyur na /	gal te dngos po rnams rang bzhin gyis yod pa nyid yin par gyur na /	322a	If things did exist inherently,
['BO_T04_D3859-2:322a-18']	yod pa nyid rang bzhin gyis yod pa de ni phyis med pa nyid du mi 'gyur ba zhig na dngos po rnams la ni snga na med pa dang zhig nas med pa nyid dag kyang yod do //	yod pa nyid rang bzhin gyis yod pa de ni phyis med pa nyid du mi 'gyur ba zhig na dngos po rnams la ni snga na med pa dang zhig nas med pa nyid dag kyang yod do //	322a	that existence would not become nonexistence later, but things do not exist prior to or subsequent to their existence.
['BO_T04_D3859-2:322a-19']	de bas na dngos po rnams rang bzhin gyis yod pa nyid ma yin pas ngo bo nyid la sogs par mi lta ba ni de kho na mthong ba yin no zhes bya ba de ltar khong du chud par bya ba nyid du rigs so zhes bya bar sbyar	de bas na dngos po rnams rang bzhin gyis yod pa nyid ma yin pas ngo bo nyid la sogs par mi lta ba ni de kho na mthong ba yin no zhes bya ba de ltar khong du chud par bya ba nyid du rigs so zhes bya bar sbyar	322a	Therefore, since things do not exist inherently, it is reasonable to conclude that seeing reality is not seeing things such as essence.
['BO_T04_D3859-2:322a-20']	ro // 'dis ni dngos po'i chos gzhan du 'gyur ba nyid bstan to zhes bya ba ni /	ro // 'dis ni dngos po'i chos gzhan du 'gyur ba nyid bstan to zhes bya ba ni /	322a	This shows that the property of the thing is the transformation of the thing.
['BO_T04_D3859-2:322a-21']	tshig le'ur byas pa'i phyed gong ma 'dis ni dngos po rnams ngo bo nyid la sogs pa med par bsgrub pa'i chos gtan tshigs ni gzhan du 'gyur ba nyid yin par bstan to //	tshig le'ur byas pa'i phyed gong ma 'dis ni dngos po rnams ngo bo nyid la sogs pa med par bsgrub pa'i chos gtan tshigs ni gzhan du 'gyur ba nyid yin par bstan to //	322a	This first half of the verse shows that the property of the thing that is to be proven, the nonexistence of essence, etc., is the transformation of the thing, the reason.
['BO_T04_D3859-2:322a-22']	ci'i phyir dngos po'i bdag nyid rang bzhin gyi yod pa nyid yin na gzhan du 'gyur ba nyid du mi 'dod ce na /	ci'i phyir dngos po'i bdag nyid rang bzhin gyi yod pa nyid yin na gzhan du 'gyur ba nyid du mi 'dod ce na /	322a	Why, if the nature of things exists essentially, is it not maintained that it transforms into something else?
['BO_T04_D3859-2:322a-23']	de'i phyir dngos po'i mtshan nyid kyi //	de'i phyir dngos po'i mtshan nyid kyi //	322a	Therefore it is said:
['BO_T04_D3859-2:322a-24']	rang bzhin gzhan du 'gyur ba ni //	rang bzhin gzhan du 'gyur ba ni //	322a	The transformation of the nature🔽of a thing into something else
['BO_T04_D3859-2:322a-25', 'BO_T04_D3859-2:322a-26']	nam yang 'thad par mi 'gyur ro //🔽zhes bya ba smras te /	nam yang 'thad par mi 'gyur ro // zhes bya ba smras te /	322a	Is never tenable.
['BO_T04_D3859-2:322b-0']	me'i tsha ba'i @322b mtshan nyid kyi rang bzhin grang ba nyid du mi 'gyur ba bzhin no zhes bya bar dgongs so zhes bya ba ni /	me'i tsha ba'i @322b mtshan nyid kyi rang bzhin grang ba nyid du mi 'gyur ba bzhin no zhes bya bar dgongs so zhes bya ba ni /	322b	The meaning of this is as follows: Just as the nature of fire, heat, does not transform into cold.
['BO_T04_D3859-2:322b-1']	'di ltar gzhan du 'gyur ba'i gnyen po ni rang bzhin yin pas de'i phyir rang bzhin ni mi 'gyur ba rtag pa yin pa'i rigs na dngos po rnams la ni gzhan du 'gyur ba snang bas de'i phyir de dag la rang bzhin gyis yod pa nyid mi 'thad	'di ltar gzhan du 'gyur ba'i gnyen po ni rang bzhin yin pas de'i phyir rang bzhin ni mi 'gyur ba rtag pa yin pa'i rigs na dngos po rnams la ni gzhan du 'gyur ba snang bas de'i phyir de dag la rang bzhin gyis yod pa nyid mi 'thad	322b	Since the antidote to transformation is nature, it is reasonable that nature is unchanging and permanent. But since it is seen that things transform, it is not tenable that they exist essentially.
['BO_T04_D3859-2:322b-2']	do // rang bzhin ni me'i tsha ba'i mtshan nyid kyi rang bzhin grang ba nyid du mi 'gyur ba bzhin du gzhan du 'gyur bar mi 'thad do zhes bya bar dgongs so //	do // rang bzhin ni me'i tsha ba'i mtshan nyid kyi rang bzhin grang ba nyid du mi 'gyur ba bzhin du gzhan du 'gyur bar mi 'thad do zhes bya bar dgongs so //	322b	The meaning is that it is not tenable that intrinsic reality transforms into something else, just as the intrinsic reality of fire, which is the characteristic of heat, does not become cold.
['BO_T04_D3859-2:322b-3']	de'i phyir de ni chos mi mthun pa'i dpe'i tshig yin te /	de'i phyir de ni chos mi mthun pa'i dpe'i tshig yin te /	322b	Therefore this is a statement of an example of dissimilar reason.
['BO_T04_D3859-2:322b-4']	dper na rtag pa la byas pa nyid yod pas mi rigs pa bzhin no zhes bya ba ni /	dper na rtag pa la byas pa nyid yod pas mi rigs pa bzhin no zhes bya ba ni /	322b	For example, it is illogical that permanence exists in a product.
['BO_T04_D3859-2:322b-5', 'BO_T04_D3859-2:322b-6']	tshig le'ur byas pa'i phyed 'og ma shos de ni dngos po rnams ngo bo nyid la sogs pa med par sgrub pa'i chos mi mthun pa'i tshig yin te /🔽dper na sgra mi rtag ste byas pa'i phyir ro zhes bya ba'i chos mi mthun pa'i dpe nam mkha' rtag ste /	tshig le'ur byas pa'i phyed 'og ma shos de ni dngos po rnams ngo bo nyid la sogs pa med par sgrub pa'i chos mi mthun pa'i tshig yin te / dper na sgra mi rtag ste byas pa'i phyir ro zhes bya ba'i chos mi mthun pa'i dpe nam mkha' rtag ste /	322b	The second half of the verse is a statement of an example of dissimilar reason that proves that things do not have intrinsic reality and so on.
['BO_T04_D3859-2:322b-7']	ma byas pa'i phyir ro zhes bya ba bzhin no ;	ma byas pa'i phyir ro zhes bya ba bzhin no ;	322b	For example, it is like the dissimilar example of the syllogism “Sound is impermanent because it is a product,” where the example is “Space is permanent because it is not a product.”
['BO_T04_D3859-2:322b-8']	/'dir rjes su dpag pa ni don dam par nang gi dngos po rnams la ci ltar rtogs pa'i ngo bo nyid yod pa ma yin te /	/'dir rjes su dpag pa ni don dam par nang gi dngos po rnams la ci ltar rtogs pa'i ngo bo nyid yod pa ma yin te /	322b	Here the inference is as follows: Ultimately, internal things do not have the intrinsic reality that is conceived because they are produced.
['BO_T04_D3859-2:322b-9']	gzhan du 'gyur ba'i phyir dper na chu'i reg pa me dang phrad pas tsha ba'i dngos por gyur pa la don dam pa pa'i tsha ba'i ngo bo nyid med pa bzhin no zhes bya ba dag ni chos can dang / bsgrub par bya ba chos dang /	gzhan du 'gyur ba'i phyir dper na chu'i reg pa me dang phrad pas tsha ba'i dngos por gyur pa la don dam pa pa'i tsha ba'i ngo bo nyid med pa bzhin no zhes bya ba dag ni chos can dang / bsgrub par bya ba chos dang /	322b	The subject, the predicate of the probandum,
['BO_T04_D3859-2:322b-10']	sgrub pa'i chos dang / dpe yin par go rims bzhin du sbyar te /	sgrub pa'i chos dang / dpe yin par go rims bzhin du sbyar te /	322b	the proving property, and the example are to be applied in order.
['BO_T04_D3859-2:322b-11']	dper na chu'i reg pa me dang phrad pas tsha ba'i dngos por gyur na ni gzhan du 'gyur ba'i phyir /	dper na chu'i reg pa me dang phrad pas tsha ba'i dngos por gyur na ni gzhan du 'gyur ba'i phyir /	322b	For example, when the contact of water becomes the thing that is hot through meeting fire, it becomes something else.
['BO_T04_D3859-2:322b-12']	de la don dam pa pa'i tsha ba'i ngo bo nyid med pa de bzhin du mig la sogs pa nang gi dngos po yul 'dzin pa rnams dang / lus kyi khongs su gtogs pa'i nang gi dngos po sra ba la sogs pa rnams kyang gzhan du 'gyur ba'i phyir de dag la yang yul 'dzin pa yin no zhe'am sra ba la sogs pa yin no zhes ci ltar rtog pa'i ngo bo nyid yod pa ma yin	de la don dam pa pa'i tsha ba'i ngo bo nyid med pa de bzhin du mig la sogs pa nang gi dngos po yul 'dzin pa rnams dang / lus kyi khongs su gtogs pa'i nang gi dngos po sra ba la sogs pa rnams kyang gzhan du 'gyur ba'i phyir de dag la yang yul 'dzin pa yin no zhe'am sra ba la sogs pa yin no zhes ci ltar rtog pa'i ngo bo nyid yod pa ma yin	322b	because they transform into something else.
['BO_T04_D3859-2:322b-13']	no // ci ste yang la la 'di snyam du sems te lung las /	no // ci ste yang la la 'di snyam du sems te lung las /	322b	But if someone thinks, “Since a sutra declares,🔽This tree has various elements,🔽water also has heat, so your example is not established,”🔽then we reply, “Since a sutra declares,🔽This tree has various elements,
['BO_T04_D3859-2:322b-14']	shing sdong po 'di la khams sna tshogs yod do zhes gsungs pas chu la yang tsha ba nyid yod pa'i phyir dpe med do snyam na zhes bya ba ni rang gi sde pa dag na re lung las /	shing sdong po 'di la khams sna tshogs yod do zhes gsungs pas chu la yang tsha ba nyid yod pa'i phyir dpe med do snyam na zhes bya ba ni rang gi sde pa dag na re lung las /	322b	water also has heat, so your example is not established,”🔽then we reply, “Since a sutra declares,
['BO_T04_D3859-2:323a-0']	shing sdong po 'di la 'byung ba @323a * //	shing sdong po 'di la 'byung ba @323a * //	323a	This tree has various elements,
['BO_T04_D3859-2:323a-1']	chen po thams cad kyi khams sna tshogs yod do zhes gsungs pas des na chu la yang me'i khams yod pa'i phyir /	chen po thams cad kyi khams sna tshogs yod do zhes gsungs pas des na chu la yang me'i khams yod pa'i phyir /	323a	Since it is said that the various elements exist in all great elements,
['BO_T04_D3859-2:323a-2']	dbu ma pa'i dpe chu'i reg pa me dang phrad bas tsha ba'i dngos por gyur pa la don dam pa ba'i tsha ba'i dngos po nyid med pa bzhin no zhes bya ba de mi rung ngo zhes zer ba'i tshig yin no //	dbu ma pa'i dpe chu'i reg pa me dang phrad bas tsha ba'i dngos por gyur pa la don dam pa ba'i tsha ba'i dngos po nyid med pa bzhin no zhes bya ba de mi rung ngo zhes zer ba'i tshig yin no //	323a	then since the fire element exists in water, it is not correct to say that the example of the Madhyamikas is not valid, namely, that the heat of water when it comes in contact with fire is not ultimately heat.
['BO_T04_D3859-2:323a-3', 'BO_T04_D3859-2:323a-4']	de skad ces zer ba de'i lan du 'dir 'grel pa byed pa nyid kyis /🔽de la rdzu 'phrul dang ldan pa'am /	de skad ces zer ba de'i lan du 'dir 'grel pa byed pa nyid kyis / de la rdzu 'phrul dang ldan pa'am /	323a	In response to such statements, the author of the commentary says:
['BO_T04_D3859-2:323a-5']	sems la dbang thob pas rtsva dang phub ma dang lci ba la sogs pa gang dang gang dag la nor bu dang gser dang dngul la sogs par gyur cig ces byin gyis rlob par byed pa de dang de de bzhin du 'gyur ba shing la yang zhal gyis	sems la dbang thob pas rtsva dang phub ma dang lci ba la sogs pa gang dang gang dag la nor bu dang gser dang dngul la sogs par gyur cig ces byin gyis rlob par byed pa de dang de de bzhin du 'gyur ba shing la yang zhal gyis	323a	One who possesses magical powers or who has attained control over the mind can transform grass, straw, excrement and so on into jewels, gold, silver and so forth by blessing them and saying, may they become jewels, gold, silver and so forth.🔽The Buddha said that the same is true of wood.
['BO_T04_D3859-2:323a-6']	bzhes nas shing sdong po 'di la khams sna tshogs yod do zhes gsungs pa yin no zhes bya ba smras te /	bzhes nas shing sdong po 'di la khams sna tshogs yod do zhes gsungs pa yin no zhes bya ba smras te /	323a	and having accepted it, he said, “This tree has various elements.”
['BO_T04_D3859-2:323a-7']	de ni shing sdong po la gzhan gyi ngo bo nyid yod pa ma yin te /	de ni shing sdong po la gzhan gyi ngo bo nyid yod pa ma yin te /	323a	But the tree does not have the nature of something else.
['BO_T04_D3859-2:323a-8']	dper na rnal 'byor pa rdzu 'phrul dang ldan pa'am /	dper na rnal 'byor pa rdzu 'phrul dang ldan pa'am /	323a	For example, yogis who possess supernatural powers
['BO_T04_D3859-2:323a-9']	'phags pa sems la dbang thob pa rin chen lag pa zhes bya ba la sogs pa'i ting nge 'dzin thob pa dag gis rtsva la sogs pa la nor bu la sogs par byin gyis rlob par byed pa de de bzhin du 'gyur ba la nor bu la sogs	'phags pa sems la dbang thob pa rin chen lag pa zhes bya ba la sogs pa'i ting nge 'dzin thob pa dag gis rtsva la sogs pa la nor bu la sogs par byin gyis rlob par byed pa de de bzhin du 'gyur ba la nor bu la sogs	323a	or aryas who have attained mental control, such as Rattapala, who has attained concentration, transform grass and so on into jewels and so forth.
['BO_T04_D3859-2:323a-10']	pa'i ngo bo nyid yod pa ma yin gyi /	pa'i ngo bo nyid yod pa ma yin gyi /	323a	But jewels and so on do not exist in grass and so on.
['BO_T04_D3859-2:323a-11']	rdzu 'phrul lam sems kyi dbang gis de bzhin du 'gyur ba de bcom ldan 'das kyis zhal gyis bzhes nas /	rdzu 'phrul lam sems kyi dbang gis de bzhin du 'gyur ba de bcom ldan 'das kyis zhal gyis bzhes nas /	323a	The Bhagavan accepts that they transform in that way through the power of supernatural powers or the mind.
['BO_T04_D3859-2:323a-12']	shing sdong po 'di la khams sna tshogs yod do zhes gsungs pa yin gyi /	shing sdong po 'di la khams sna tshogs yod do zhes gsungs pa yin gyi /	323a	He said, “This tree has various elements.”
['BO_T04_D3859-2:323a-13', 'BO_T04_D3859-2:323a-14']	de la me la sogs pa'i ngo bo nyid yod pa ma yin pas kho bo'i dpe med pa ma yin no //🔽gal te khams sna tshogs zhes bya ba ni nus pa sna tshogs zhes bya ba'i don yin no zhe na zhes bya ba ni grangs can dag na re khams sna tshogs zhes bya ba'i sgra ni nus pa sna tshogs zhes bya ba'i don yin pas des na chu	de la me la sogs pa'i ngo bo nyid yod pa ma yin pas kho bo'i dpe med pa ma yin no // gal te khams sna tshogs zhes bya ba ni nus pa sna tshogs zhes bya ba'i don yin no zhe na zhes bya ba ni grangs can dag na re khams sna tshogs zhes bya ba'i sgra ni nus pa sna tshogs zhes bya ba'i don yin pas des na chu	323a	Since the nature of fire, etc. does not exist, my example is not nonexistent.🔽If you say that the meaning of the term “variety of elements” is “variety of potencies,”
['BO_T04_D3859-2:323a-15']	la sogs pa la yang me la sogs pa'i nus pa sna tshogs kyi ngo bo nyid yod pa'i phyir dbu ma pa'i dpe mi rung ngo zhes zer ba'i tshig yin no //	la sogs pa la yang me la sogs pa'i nus pa sna tshogs kyi ngo bo nyid yod pa'i phyir dbu ma pa'i dpe mi rung ngo zhes zer ba'i tshig yin no //	323a	the Sāṃkhyas say that the term “variety of elements” means “variety of potencies,” and therefore water, etc. have the nature of a variety of potencies such as fire, etc., so the Madhyamaka example is not suitable.
['BO_T04_D3859-2:323a-16']	de skad ces zer ba de'i lan du 'dir 'grel ba byed pa nyid kyis /	de skad ces zer ba de'i lan du 'dir 'grel ba byed pa nyid kyis /	323a	In response to that, the author of the commentary says here:
['BO_T04_D3859-2:323a-17']	gang zhig gang gi nus pa dang ldan pa de ni de'i ngo bo nyid yin par mi rigs te /	gang zhig gang gi nus pa dang ldan pa de ni de'i ngo bo nyid yin par mi rigs te /	323a	It is not tenable that that which possesses the potency of something is the nature of that.
['BO_T04_D3859-2:323b-0']	sa'i sra ba nyid dang gsher ba nyid dang tsha ba nyid dang g-yo ba nyid gyi  ngo bo nyid du @323b gyur na mi rung ba'i phyir ro zhes bya ba smras te /	sa'i sra ba nyid dang gsher ba nyid dang tsha ba nyid dang g-yo ba nyid gyi  ngo bo nyid du @323b gyur na mi rung ba'i phyir ro zhes bya ba smras te /	323b	Because it is untenable that earth becomes the essence of solidity, fluidity, heat, and motility.
['BO_T04_D3859-2:323b-1', 'BO_T04_D3859-2:323b-2']	gal te nus pa yod pa'i phyir de'i ngo bo nyid yin par 'dod na de lta na sa la sogs pa la yang khams thams cad kyi ngo bo nyid yod par thal bar 'gyur bas de ni mi rung ba'i phyir kho bo'i dpe grub po /🔽// / bam po lnga bcu bzhi pa /	gal te nus pa yod pa'i phyir de'i ngo bo nyid yin par 'dod na de lta na sa la sogs pa la yang khams thams cad kyi ngo bo nyid yod par thal bar 'gyur bas de ni mi rung ba'i phyir kho bo'i dpe grub po / // / bam po lnga bcu bzhi pa /	323b	If you assert that it is their essence because they have the potential for those, then it follows that earth and so on would have the essence of all the elements, but that is untenable. Therefore my example is established.🔽The Vaibhāṣikas say that past and future things exist substantially
['BO_T04_D3859-2:323b-3']	bye brag tu smra ba dag gis smras pa zhes bya ba la sogs pas ni nyan thos bye brag tu smra ba dag /'das pa dang ma 'ongs pa'i dngos po dag rdzas su yod pa nyid du sgrub pa'i gzhung ston te /	bye brag tu smra ba dag gis smras pa zhes bya ba la sogs pas ni nyan thos bye brag tu smra ba dag /'das pa dang ma 'ongs pa'i dngos po dag rdzas su yod pa nyid du sgrub pa'i gzhung ston te /	323b	The Vaibhāṣikas say that past and future things exist substantially.
['BO_T04_D3859-2:323b-4']	de'i phyir dngos po gnas skabs dang dus gzhan du gyur pa dag kyang yod pa nyid du shes par bya ste /	de'i phyir dngos po gnas skabs dang dus gzhan du gyur pa dag kyang yod pa nyid du shes par bya ste /	323b	Therefore things that have changed to another state or time should be understood to exist.
['BO_T04_D3859-2:323b-5']	rnam par shes pa'i yul yin pa'i phyir dper na da ltar bzhin pas zhes bya ba smras te /	rnam par shes pa'i yul yin pa'i phyir dper na da ltar bzhin pas zhes bya ba smras te /	323b	Because it is the object of consciousness, like the present.
['BO_T04_D3859-2:323b-6', 'BO_T04_D3859-2:323b-7']	de dag ni chos can dang / bsgrub par bya ba chos dang / sgrub pa'i chos dang / dpe yin par go rims bzhin du sbyar te /🔽dper na da ltar gyi dngos po ni rnam par shes pa'i yul yin pa'i phyir yod pa nyid du shes par bya ba de bzhin du 'das pa dang ma 'ongs pa'i dngos po gnas skabs dang dus gzhan du gyur pa dag kyang rnam par shes pa'i yul yin	de dag ni chos can dang / bsgrub par bya ba chos dang / sgrub pa'i chos dang / dpe yin par go rims bzhin du sbyar te / dper na da ltar gyi dngos po ni rnam par shes pa'i yul yin pa'i phyir yod pa nyid du shes par bya ba de bzhin du 'das pa dang ma 'ongs pa'i dngos po gnas skabs dang dus gzhan du gyur pa dag kyang rnam par shes pa'i yul yin	323b	The subject, the predicate of the probandum, the reason, and the example are applied in order.
['BO_T04_D3859-2:323b-8']	pa'i phyir yod pa nyid du shes par bya'o //	pa'i phyir yod pa nyid du shes par bya'o //	323b	For example, because present things are objects of consciousness, they are known to exist. In the same way, because past and future things that have changed to another state or time are objects of consciousness, they are known to exist.
['BO_T04_D3859-2:323b-9']	des na gzhan du 'gyur ba'i phyir zhes bya ba'i gtan tshigs de'i don gal te byung nas 'jig pa yin na ni gzhan la gtan tshigs kyi don ma grub pa nyid yin la /	des na gzhan du 'gyur ba'i phyir zhes bya ba'i gtan tshigs de'i don gal te byung nas 'jig pa yin na ni gzhan la gtan tshigs kyi don ma grub pa nyid yin la /	323b	Therefore, if the meaning of the reason “because it changes to another” is that it arises and is destroyed, then the meaning of the reason is not established in relation to another.
['BO_T04_D3859-2:323b-10', 'BO_T04_D3859-2:323b-11']	ci ste gzhan du 'gyur ba yin na ni rang las gtan tshigs kyi don ma grub pa nyid do zhes bya ba ni de ltar 'das pa dang ma 'ongs pa'i dngos po gnas skabs dang / dus gzhan du gyur pa dag kyang yod pa nyid yin pa des na sngar dbu ma pas don dam par nang gi dngos po rnams la ci ltar rtogs pa'i ngo bo nyid yod pa ma yin te /🔽gzhan du 'gyur ba'i phyir dper na chu'i reg pa me dang phrad pas tsha ba'i dngos por gyur pa la don dam pa'i tsha ba'i ngo bo nyid med pa bzhin no zhes smras pa'i gtan tshigs de'i don gzhan du gyur pa'i phyir zhes bya ba de'i don gal	ci ste gzhan du 'gyur ba yin na ni rang las gtan tshigs kyi don ma grub pa nyid do zhes bya ba ni de ltar 'das pa dang ma 'ongs pa'i dngos po gnas skabs dang / dus gzhan du gyur pa dag kyang yod pa nyid yin pa des na sngar dbu ma pas don dam par nang gi dngos po rnams la ci ltar rtogs pa'i ngo bo nyid yod pa ma yin te / gzhan du 'gyur ba'i phyir dper na chu'i reg pa me dang phrad pas tsha ba'i dngos por gyur pa la don dam pa'i tsha ba'i ngo bo nyid med pa bzhin no zhes smras pa'i gtan tshigs de'i don gzhan du gyur pa'i phyir zhes bya ba de'i don gal	323b	But if it transforms, then the meaning of the reason would not be established with respect to itself.🔽Thus, since past and future things that exist in different states and times, the Madhyamaka’s earlier statement, “Ultimately, internal things do not have the nature that is conceived because they transform, like the nature of heat in water that comes into contact with fire,” is a reason whose meaning is not established with respect to itself.
['BO_T04_D3859-2:323b-12']	te byung nas 'jig pa yin na ni gzhan la gtan tshigs kyi don ma grub pa nyid yin te /	te byung nas 'jig pa yin na ni gzhan la gtan tshigs kyi don ma grub pa nyid yin te /	323b	If it is said that the meaning of that reason is “because it transforms,” then if it is said that it transforms after arising, the meaning of the reason would not be established with respect to itself.
['BO_T04_D3859-2:324a-0', 'BO_T04_D3859-2:324a-1']	'di ltar kho bo cag dngos po rnams byung nas 'jig par mi 'dod pas gtan tshigs gang yang rung ba la ma @324a * //🔽grub pa'i phyir ro //	'di ltar kho bo cag dngos po rnams byung nas 'jig par mi 'dod pas gtan tshigs gang yang rung ba la ma @324a * // grub pa'i phyir ro //	324a	Because we do not assert that things arise and are destroyed, any reason is unestablished.
['BO_T04_D3859-2:324a-2']	ci ste gtan tshigs de'i gzhan du 'gyur ba yin na ni rang la gtan tshigs kyi don ma grub pa nyid de /	ci ste gtan tshigs de'i gzhan du 'gyur ba yin na ni rang la gtan tshigs kyi don ma grub pa nyid de /	324a	If you say that the reason is otherwise, then the meaning of the reason is not established for you.
['BO_T04_D3859-2:324a-3']	khyed dbu ma pas dngos po rnams gzhan du 'gyur ba mi 'dod pas gtan tshigs rang la ma grub pa'i phyir ro zhes zer ro //	khyed dbu ma pas dngos po rnams gzhan du 'gyur ba mi 'dod pas gtan tshigs rang la ma grub pa'i phyir ro zhes zer ro //	324a	Because you Madhyamaka do not assert that things are otherwise, the reason is not established for you.
['BO_T04_D3859-2:324a-4']	de skad ces zer ba de'i lan du 'dir 'grel pa byed pa nyid kyis /	de skad ces zer ba de'i lan du 'dir 'grel pa byed pa nyid kyis /	324a	In response to such statements, the author of the commentary here says:
['BO_T04_D3859-2:324a-5']	de ni rigs pa ma yin te /	de ni rigs pa ma yin te /	324a	That is not logical.
['BO_T04_D3859-2:324a-6']	don dam par da ltar byung ba'i dngos po yang yod pa nyid du ma grub pas dpe ma tshang ba nyid kyi phyir dang / gnas skabs dang dus gzhan du gyur pa yang med de skye ba bkag pa bzhin du de dag kyang bkag pa'i phyir ro zhes bya ba la sogs pa smras te /	don dam par da ltar byung ba'i dngos po yang yod pa nyid du ma grub pas dpe ma tshang ba nyid kyi phyir dang / gnas skabs dang dus gzhan du gyur pa yang med de skye ba bkag pa bzhin du de dag kyang bkag pa'i phyir ro zhes bya ba la sogs pa smras te /	324a	Because ultimately even present things are not established as existing, the example is incomplete. And because they are like the refutation of arising, they do not transform into other states or times.
['BO_T04_D3859-2:324a-7']	'das pa dang ma 'ongs po'i dngos po gnas skabs dang dus gzhan du gyur ba dga' ba'i zhig ma grub par ma zad kyi /	'das pa dang ma 'ongs po'i dngos po gnas skabs dang dus gzhan du gyur ba dga' ba'i zhig ma grub par ma zad kyi /	324a	Not only is it not established that past and future things are essentially different due to their transformation into another state or time,
['BO_T04_D3859-2:324a-8']	'di ltar don dam par da ltar byung ba'i dngos po yang yod pa nyid du ma grub pas khyed kyi dpe da ltar bzhin pas zhes bya ba de med pa nyid kyi phyir dang / gzhan yang bye brag tu smra ba dag gis yongs su brtags pa'i gnas skabs dang dus gzhan du gyur ba zhes bya ba dag kyang med de /	'di ltar don dam par da ltar byung ba'i dngos po yang yod pa nyid du ma grub pas khyed kyi dpe da ltar bzhin pas zhes bya ba de med pa nyid kyi phyir dang / gzhan yang bye brag tu smra ba dag gis yongs su brtags pa'i gnas skabs dang dus gzhan du gyur ba zhes bya ba dag kyang med de /	324a	but also, ultimately, things that occur in the present do not exist. Therefore, since your example “like the present” does not exist, and also because the so-called transformation into another state or time imputed by Vaibhāṣikas does not exist,
['BO_T04_D3859-2:324a-9']	skye ba bkag pa bzhin du de dag kyang bkag pa'i phyir de ni rigs pa ma yin no //	skye ba bkag pa bzhin du de dag kyang bkag pa'i phyir de ni rigs pa ma yin no //	324a	because they are refuted like arising is refuted, that is illogical.🔽To demonstrate an inference that refutes the existence of past and future things, it says:
['BO_T04_D3859-2:324a-10']	'das pa dang ma 'ongs pa'i dngos po rnams yod pa nyid ma yin par dgag pa'i rjes su dpag pa bstan pa'i phyir 'das pa dang ma 'ongs pa'i dngos po rnams kyang yod pa nyid ma yin te /	'das pa dang ma 'ongs pa'i dngos po rnams yod pa nyid ma yin par dgag pa'i rjes su dpag pa bstan pa'i phyir 'das pa dang ma 'ongs pa'i dngos po rnams kyang yod pa nyid ma yin te /	324a	Past and future things do not exist.
['BO_T04_D3859-2:324a-11']	da ltar ma yin pa'i phyir dper na nam mkha'i me tog bzhin no zhes bya ba smras te /	da ltar ma yin pa'i phyir dper na nam mkha'i me tog bzhin no zhes bya ba smras te /	324a	Because they do not exist in the present, like a sky flower.
['BO_T04_D3859-2:324a-12']	de dag kyang chos can dang / bsgrub par bya ba chos dang / sgrub pa'i chos dang / dpe yin par go rims bzhin du sbyar te /	de dag kyang chos can dang / bsgrub par bya ba chos dang / sgrub pa'i chos dang / dpe yin par go rims bzhin du sbyar te /	324a	And these are respectively the subject, the predicate of the probandum, the proof, and the example.
['BO_T04_D3859-2:324a-13']	dper na nam mkha'i me tog ni de ltar ma yin pa'i phyir yod pa nyid ma yin pa de bzhin du 'das pa dang ma 'ongs pa'i dngos po rnams kyang da ltar ma yin pa'i phyir yod pa nyid ma yin no //	dper na nam mkha'i me tog ni de ltar ma yin pa'i phyir yod pa nyid ma yin pa de bzhin du 'das pa dang ma 'ongs pa'i dngos po rnams kyang da ltar ma yin pa'i phyir yod pa nyid ma yin no //	324a	For example, a sky flower does not exist because it does not exist in that way. In the same way, past and future things do not exist because they do not exist in the present.
['BO_T04_D3859-2:324a-14']	'dir gal te pha rol po dag na re dbu ma pa la 'das pa dang ma 'ongs pa'i dngos po rnams yod pa nyid du ma grub pa phyogs su byas pas phyogs kyi khyad par gyi gzhi ma grub pa dang / gtan tshigs kyi gzhi ma grub pa'i skyon yod do zhes zer na de'i lan du /	'dir gal te pha rol po dag na re dbu ma pa la 'das pa dang ma 'ongs pa'i dngos po rnams yod pa nyid du ma grub pa phyogs su byas pas phyogs kyi khyad par gyi gzhi ma grub pa dang / gtan tshigs kyi gzhi ma grub pa'i skyon yod do zhes zer na de'i lan du /	324a	Here, if the opponent says, “Since the Madhyamaka position is that past and future things are not established as existent, there is the fault that the basis of the distinction of the position is not established and the basis of the reason is not established,” the response to that is as follows.
['BO_T04_D3859-2:324b-0']	'das pa dang ma 'ongs pa zhes bya ba'i @324b sgra'i yul la sgra gang gis 'das pa dang ma 'ongs pa nyid du rtogs par 'gyur ba'i sgra de la 'das pa dang ma 'ongs pa'i yul du nye bar btags nas 'das pa dang ma 'ongs pa zhes bya	'das pa dang ma 'ongs pa zhes bya ba'i @324b sgra'i yul la sgra gang gis 'das pa dang ma 'ongs pa nyid du rtogs par 'gyur ba'i sgra de la 'das pa dang ma 'ongs pa'i yul du nye bar btags nas 'das pa dang ma 'ongs pa zhes bya	324b	The term “past and future” is a referent of sound. The sound by which one understands “past and future” is designated as the referent of the terms “past and future.”
['BO_T04_D3859-2:324b-1']	ba'i sgra yod pa de phyogs su byas pas phyogs kyi khyad par gyi gzhi ma grub pa dang gtan tshigs kyi gzhi ma grub pa'i skyon med do zhes brjod par bya'o //	ba'i sgra yod pa de phyogs su byas pas phyogs kyi khyad par gyi gzhi ma grub pa dang gtan tshigs kyi gzhi ma grub pa'i skyon med do zhes brjod par bya'o //	324b	The sound that exists as the term “past and future” is taken as the subject. Therefore there is no error of the subject of the thesis not being established or the reason not being established.
['BO_T04_D3859-2:324b-2']	don dam par lta bar zhig gi tha snyad du yang 'das pa dang ma 'ongs pa'i dngos po rnams yod pa nyid du mi 'grub ste /	don dam par lta bar zhig gi tha snyad du yang 'das pa dang ma 'ongs pa'i dngos po rnams yod pa nyid du mi 'grub ste /	324b	In the ultimate sense, the existence of past and future things is not established even conventionally.
['BO_T04_D3859-2:324b-3']	ci'i phyir zhe na /	ci'i phyir zhe na /	324b	Why is that?
['BO_T04_D3859-2:324b-4']	'gal ba 'khrul pa med pa'i gnod pa yod pa'i phyir te /	'gal ba 'khrul pa med pa'i gnod pa yod pa'i phyir te /	324b	Because there is a contradiction that cannot be mistaken.
['BO_T04_D3859-2:324b-5']	'di ltar khyod na re dngos po'i gnas skabs dang dus gzhan du gyur pa dang kyang yod pa nyid du shes par bya ste /	'di ltar khyod na re dngos po'i gnas skabs dang dus gzhan du gyur pa dang kyang yod pa nyid du shes par bya ste /	324b	You say that the state of an entity and its transformation into another state are known to exist.
['BO_T04_D3859-2:324b-6', 'BO_T04_D3859-2:324b-7']	rnam par shes pa'i yul yin pa'i phyir dper na da ltar bzhin pas zhes zer ba de la /🔽kho bos 'das pa dang ma 'ongs pa'i dngos po rnams kyang yod pa nyid ma yin te /	rnam par shes pa'i yul yin pa'i phyir dper na da ltar bzhin pas zhes zer ba de la / kho bos 'das pa dang ma 'ongs pa'i dngos po rnams kyang yod pa nyid ma yin te /	324b	Because they are objects of consciousness, they exist like the present.🔽We reply: Past and future things do not exist because they are not present, like a sky flower.
['BO_T04_D3859-2:324b-8']	da ltar ma yin pa'i phyir dper na nam mkha'i me tog bzhin no zhes smras pas 'gal pa 'khrul pa med pa'i gnod pa yod pa'i phyir ro //	da ltar ma yin pa'i phyir dper na nam mkha'i me tog bzhin no zhes smras pas 'gal pa 'khrul pa med pa'i gnod pa yod pa'i phyir ro //	324b	Since this is a fault that contradicts your own assertions, you have not eliminated error.
['BO_T04_D3859-2:324b-9']	gzhan yang kho bo ni dngos po dang dngos po med pa dag mi sgrub pa'i phyir kho bos ni dngos po yod pa bkag pa la /	gzhan yang kho bo ni dngos po dang dngos po med pa dag mi sgrub pa'i phyir kho bos ni dngos po yod pa bkag pa la /	324b	Moreover, we do not establish things and nonthings, so we refute the existence of things.
['BO_T04_D3859-2:324b-10', 'BO_T04_D3859-2:324b-11']	khyod kyis ni dngos po med pa bkag pas kho bo'i 'dod pa'i don grub pas bye brag tu smra ba dag gi tshig de ni bzang po ma yin no //🔽grangs can dag las gang dag yod pa nyid zil gyis non pa'i phyir ram /	khyod kyis ni dngos po med pa bkag pas kho bo'i 'dod pa'i don grub pas bye brag tu smra ba dag gi tshig de ni bzang po ma yin no // grangs can dag las gang dag yod pa nyid zil gyis non pa'i phyir ram /	324b	You refute nonthings, but we establish our intended meaning, so the words of Vaibhasikas are not good.
['BO_T04_D3859-2:324b-12']	bag la zha ba'i phyir gtan tshigs kyi don ma grub pa nyid do zhes zer ba de dag la yang /	bag la zha ba'i phyir gtan tshigs kyi don ma grub pa nyid do zhes zer ba de dag la yang /	324b	Some say: The meaning of the reason is not established because it is outshone by existence or because it is latent.
['BO_T04_D3859-2:324b-13']	bsgrub pa brgal zhing brtag par bya ste zhes bya bas ni grangs can dag rgyu 'bru la sogs pa la 'bras bu myu gu la sogs pa nus pa'i tshul gyis snga na yod mod kyi /	bsgrub pa brgal zhing brtag par bya ste zhes bya bas ni grangs can dag rgyu 'bru la sogs pa la 'bras bu myu gu la sogs pa nus pa'i tshul gyis snga na yod mod kyi /	324b	The phrase “one should investigate and analyze the proof” refers to the Samkhyas’ claim that the effect, such as a sprout, exists prior to the cause, such as a seed, in the manner of a potential.
['BO_T04_D3859-2:324b-14']	gsal ba'i tshul du mi dmigs pa ni /	gsal ba'i tshul du mi dmigs pa ni /	324b	However, it is not observed in the manner of a manifest entity.
['BO_T04_D3859-2:324b-15']	ha cing rid phyir nye phyir dang // dbang po nyams phyir yid med phyir //	ha cing rid phyir nye phyir dang // dbang po nyams phyir yid med phyir //	324b	They say: Because it is very subtle, because it is close, because the sense faculties are impaired, because there is no mind,
['BO_T04_D3859-2:324b-16']	cha phra phyir dang bsgribs phyir dang // zil gnon phyir dang 'dres phyir ro //	cha phra phyir dang bsgribs phyir dang // zil gnon phyir dang 'dres phyir ro //	324b	because it is subtle, because it is obscured, because it is overwhelmed, and because it is mixed.
['BO_T04_D3859-2:324b-17', 'BO_T04_D3859-2:325a-0']	zhes zer bas 'dir yang dngos po 'gags pa dang ma skyes pa dag yod mod kyi /🔽dper na skar ma dang zla ba'i 'od la sogs pa nyi mas zil gyis non pa dag de ni yod kyang zil gyis non pa'i phyir mi dmigs pa dang / dper na du ba dang / rdul @325a * //	zhes zer bas 'dir yang dngos po 'gags pa dang ma skyes pa dag yod mod kyi / dper na skar ma dang zla ba'i 'od la sogs pa nyi mas zil gyis non pa dag de ni yod kyang zil gyis non pa'i phyir mi dmigs pa dang / dper na du ba dang / rdul @325a * //	324b	In the same way, although things that have ceased and not yet arisen exist,🔽for example, the light of the stars and moon and so on are overwhelmed by the sun, they exist but are not observed because they are overwhelmed.
['BO_T04_D3859-2:325a-1']	dang khug rna la sogs pa bar snang la yan pa dag de na yod kyang bag la zha ba'i phyir mi dmigs pa bzhin pas /	dang khug rna la sogs pa bar snang la yan pa dag de na yod kyang bag la zha ba'i phyir mi dmigs pa bzhin pas /	325a	For example, smoke, dust, mist, and so on that exist in the sky are not observed because they are obscured.
['BO_T04_D3859-2:325a-2']	sngar dbu ma pas don dam par nang gi dngos po rnams la ci ltar rtogs pa'i ngo bo nyid yod pa ma yin te /	sngar dbu ma pas don dam par nang gi dngos po rnams la ci ltar rtogs pa'i ngo bo nyid yod pa ma yin te /	325a	Previously, the Madhyamikas said, “Ultimately, internal things do not have the nature of being perceived,🔽because they change into something else. For example, the sensation of water, when it comes into contact with fire, changes into the thing that is hot, but ultimately it does not have the nature of being hot.”
['BO_T04_D3859-2:325a-3']	gzhan du 'gyur ba'i phyir dper na chu'i reg pa me dang phrad pas tsha ba'i dngos por gyur pa la don dam pa pa'i tsha ba'i ngo bo nyid med pa bzhin no zhes smras pa'i gtan tshigs gzhan du 'gyur ba'i phyir zhes bya ba de'i don ma grub	gzhan du 'gyur ba'i phyir dper na chu'i reg pa me dang phrad pas tsha ba'i dngos por gyur pa la don dam pa pa'i tsha ba'i ngo bo nyid med pa bzhin no zhes smras pa'i gtan tshigs gzhan du 'gyur ba'i phyir zhes bya ba de'i don ma grub	325a	The meaning of the reason “because they change into something else” is not established.
['BO_T04_D3859-2:325a-4']	ba nyid do zhes zer ba de dag la yang dbu ma pas gtan tshigs gzhan du 'gyur ba'i phyir zhes bya ba de'i don ci ltar ma grub pa nyid yin zhes brgal zhing brtag par bya ba ston to //	ba nyid do zhes zer ba de dag la yang dbu ma pas gtan tshigs gzhan du 'gyur ba'i phyir zhes bya ba de'i don ci ltar ma grub pa nyid yin zhes brgal zhing brtag par bya ba ston to //	325a	The Madhyamikas respond to this by asking, “What is the meaning of the reason ‘because they change into something else’? Why is it not established?”
['BO_T04_D3859-2:325a-5']	de skad ces brgal zhing brtags pa na grangs can dag na re dngos po 'das pa dang ma 'ongs pa dag ni yod pa nyid yin mod kyi /	de skad ces brgal zhing brtags pa na grangs can dag na re dngos po 'das pa dang ma 'ongs pa dag ni yod pa nyid yin mod kyi /	325a	When this is asked, the Samkhyas say, “Past and future things do exist.
['BO_T04_D3859-2:325a-6']	zil gyis non pa'i phyir ram bag la zha ba'i phyir mi dmigs par zad kyi gang gi tshe zil gyis non pa dang bag la zha ba'i rkyen dang bral ba de'i tshe na gsal ba'i ngo bo nyid du dmigs par 'gyur bas de'i phyir dngos po snga na	zil gyis non pa'i phyir ram bag la zha ba'i phyir mi dmigs par zad kyi gang gi tshe zil gyis non pa dang bag la zha ba'i rkyen dang bral ba de'i tshe na gsal ba'i ngo bo nyid du dmigs par 'gyur bas de'i phyir dngos po snga na	325a	Because it is overwhelmed or because it is dormant, it is not observed, but when it is free from the conditions of being overwhelmed or dormant, then it is observed as having a clear nature.
['BO_T04_D3859-2:325a-7']	med pa phyis gzhan du 'gyur ba ma yin pa'i phyir /	med pa phyis gzhan du 'gyur ba ma yin pa'i phyir /	325a	Therefore, it is not the case that a thing that did not exist previously becomes something else later.
['BO_T04_D3859-2:325a-8']	dbu ma pa'i gtan tshigs gzhan du 'gyur ba'i phyir zhes bya ba de'i don ma grub pa nyid do zhes zer bar sbyar ro //	dbu ma pa'i gtan tshigs gzhan du 'gyur ba'i phyir zhes bya ba de'i don ma grub pa nyid do zhes zer bar sbyar ro //	325a	Therefore, the meaning of the Madhyamaka reason “because it becomes something else” is not established.
['BO_T04_D3859-2:325a-9']	de la grangs can dag gi gtan tshigs zil gyis non pa'i phyir zhes bya ba de yang tshig tsam gyis mi 'grub pas rjes su dpag pa'i sbyar ba bya dgos pas de'i phyir /	de la grangs can dag gi gtan tshigs zil gyis non pa'i phyir zhes bya ba de yang tshig tsam gyis mi 'grub pas rjes su dpag pa'i sbyar ba bya dgos pas de'i phyir /	325a	In response to that, the Sāṃkhya reason “because it is overwhelmed” is not established by mere words, so an inference must be applied. Therefore, it is said:
['BO_T04_D3859-2:325a-10']	gal te de dag na re dngos po 'gags pa dang ma skyes pa ni yod pa nyid de zil gyis non pa'i phyir nyi ma'i 'od zer dag gis skar ma'i 'od zil gyis non pa bzhin nam /	gal te de dag na re dngos po 'gags pa dang ma skyes pa ni yod pa nyid de zil gyis non pa'i phyir nyi ma'i 'od zer dag gis skar ma'i 'od zil gyis non pa bzhin nam /	325a	If they say that things that have ceased and not yet arisen exist because they are suppressed, like the light of stars is suppressed by the light of the sun, then that is not so.🔽
['BO_T04_D3859-2:325a-11']	rnam par shes pa'i yul yin pa'i phyir dam /	rnam par shes pa'i yul yin pa'i phyir dam /	325a	If they say that a past thing and a future thing exist because they are objects of consciousness,
['BO_T04_D3859-2:325a-12']	dus su brjod pa'i phyir ram /	dus su brjod pa'i phyir ram /	325a	because they are expressed in terms of time,
['BO_T04_D3859-2:325a-13']	li zhes bstan pa'i phyir da ltar gyi dngos po bzhin no zhes zer na zhes bya ba smras te /	li zhes bstan pa'i phyir da ltar gyi dngos po bzhin no zhes zer na zhes bya ba smras te /	325a	or because they are indicated by the word “now,” like a present thing,
['BO_T04_D3859-2:325a-14']	de dag kyang chos can dang / bsgrub par bya ba chos dang / sgrub pa'i chos dang / dpe yin par go rims bzhin du sbyar te /	de dag kyang chos can dang / bsgrub par bya ba chos dang / sgrub pa'i chos dang / dpe yin par go rims bzhin du sbyar te /	325a	then the subject, the predicate of the proposition, the proof, and the example should be applied in order.
['BO_T04_D3859-2:325b-0']	dper na nyi ma'i 'od zer dag gis skar ma'i 'od zil gyis non pa ni zil gyis non pa'i phyir yod pa nyid yin pa de bzhin du 'das pa dang ma 'ongs pa'i @325b dngos po 'gags pa dang / ma skyes pa yang zil gyis non pa'i phyir yod pa nyid do //	dper na nyi ma'i 'od zer dag gis skar ma'i 'od zil gyis non pa ni zil gyis non pa'i phyir yod pa nyid yin pa de bzhin du 'das pa dang ma 'ongs pa'i @325b dngos po 'gags pa dang / ma skyes pa yang zil gyis non pa'i phyir yod pa nyid do //	325b	For example, the light of the stars is eclipsed by the light of the sun. Because it is eclipsed, it exists. In the same way, past and future things, though they have ceased and not yet arisen, exist because they are eclipsed.
['BO_T04_D3859-2:325b-1']	de bzhin du dngos po 'gags pa dang ma skyes pa ni yod pa nyid de /	de bzhin du dngos po 'gags pa dang ma skyes pa ni yod pa nyid de /	325b	So too, an entity that has ceased or not yet arisen exists,🔽because it is the object of consciousness, like an entity that exists in the present.
['BO_T04_D3859-2:325b-2']	rnam par shes pa'i yul yin pa'i phyir da ltar gyi dngos po bzhin no zhes bya ba dang / dngos po 'gags pa dang ma skyes pa ni yod pa nyid nge dus su brjod pa'i phyir da ltar gyi dngos po bzhin no zhes bya ba dang /	rnam par shes pa'i yul yin pa'i phyir da ltar gyi dngos po bzhin no zhes bya ba dang / dngos po 'gags pa dang ma skyes pa ni yod pa nyid nge dus su brjod pa'i phyir da ltar gyi dngos po bzhin no zhes bya ba dang /	325b	An entity that has ceased or not yet arisen exists, because it is described as past or future, like an entity that exists in the present.
['BO_T04_D3859-2:325b-3']	dngos po 'gags pa dang ma skyes pa ni yod pa nyid de /	dngos po 'gags pa dang ma skyes pa ni yod pa nyid de /	325b	An entity that has ceased or not yet arisen exists, because it is taught, like an entity that exists in the present.
['BO_T04_D3859-2:325b-4']	'i zhes bstan pa'i phyir da ltar gyi dngos po bzhin no zhes bya ba'i gtan tshigs dang / dpe de dag gi phyir yang yod pa nyid yin pas des na dbu ma pa'i gtan tshigs gzhan du 'gyur ba'i phyir zhes bya ba de'i don ma grub pa nyid do zhes zer ro //	'i zhes bstan pa'i phyir da ltar gyi dngos po bzhin no zhes bya ba'i gtan tshigs dang / dpe de dag gi phyir yang yod pa nyid yin pas des na dbu ma pa'i gtan tshigs gzhan du 'gyur ba'i phyir zhes bya ba de'i don ma grub pa nyid do zhes zer ro //	325b	Because of these reasons and examples, it is not established that the meaning of the statement, “The reason of the Mādhyamika becomes otherwise because of that,” is that the reason is not established.
['BO_T04_D3859-2:325b-5']	de skad ces zer ba de'i lan du 'dir 'grel pa byed pa nyid kyis /	de skad ces zer ba de'i lan du 'dir 'grel pa byed pa nyid kyis /	325b	In response to such statements, the author of the commentary here says:
['BO_T04_D3859-2:325b-6']	de la yang dgag pa ci skad bstan pa nyid brjod par bya'o zhes bya ba smras te /	de la yang dgag pa ci skad bstan pa nyid brjod par bya'o zhes bya ba smras te /	325b	We should state the refutations that were previously taught.
['BO_T04_D3859-2:325b-7']	grangs can dag gis ci skad smras pa de la yang sngar bye brag tu smra ba dag gis smras pa'i dgag pa ci skad bstan pa nyid brjod par bya'o //	grangs can dag gis ci skad smras pa de la yang sngar bye brag tu smra ba dag gis smras pa'i dgag pa ci skad bstan pa nyid brjod par bya'o //	325b	We should state the refutations that were previously taught by the Vaibhāṣikas to the Sāṃkhyas.
['BO_T04_D3859-2:325b-8']	'di skad bstan te grangs can dag na re dngos po 'gags pa dang / ma skyes pa ni yod pa nyid de zhes zer ba de gal te kun rdzob tu 'das pa dang / ma 'ongs pa'i dngos po phyogs su byed na ni gtan tshigs gzhi ma grub pa nyid dang /	'di skad bstan te grangs can dag na re dngos po 'gags pa dang / ma skyes pa ni yod pa nyid de zhes zer ba de gal te kun rdzob tu 'das pa dang / ma 'ongs pa'i dngos po phyogs su byed na ni gtan tshigs gzhi ma grub pa nyid dang /	325b	They say: The Sāṃkhyas say that a thing that has ceased and not yet arisen exists. If they take the past and future things as the basis of that statement, then the reason is not established.
['BO_T04_D3859-2:325b-9']	phyogs kyi khyad par gyi gzhi ma grub pa nyid yin la /	phyogs kyi khyad par gyi gzhi ma grub pa nyid yin la /	325b	The basis of the distinction of the position is not established.
['BO_T04_D3859-2:325b-10']	don dam par ni skye ba bkag pa'i phyir da ltar gyi dngos po med pas dpe med do //	don dam par ni skye ba bkag pa'i phyir da ltar gyi dngos po med pas dpe med do //	325b	If they take ultimate reality as the basis, then the example does not exist because the present thing does not exist because arising is refuted.
['BO_T04_D3859-2:325b-11']	ci ste gzhi ma grub pa la sogs pa'i skyon bsal ba'i phyir da ltar gyi dngos po phyogs su byed na ni des kyang dpe med par 'gyur te /	ci ste gzhi ma grub pa la sogs pa'i skyon bsal ba'i phyir da ltar gyi dngos po phyogs su byed na ni des kyang dpe med par 'gyur te /	325b	But if you make the present thing the subject because you want to clear away the faults of the unestablished subject, etc., then your example is not established because
['BO_T04_D3859-2:325b-12']	thams cad kyang phyogs nyid du byas pa'i phyir ro //	thams cad kyang phyogs nyid du byas pa'i phyir ro //	325b	everything is made the subject.🔽The meaning of the reason “because it is refuted” should be stated as “because it is not established.” This shows that you should say that
['BO_T04_D3859-2:325b-13']	zil gyis non pa'i gtan tshigs kyi don kyang ma grub pa nyid du brjod par bya'o zhes bya bas ni gang gi phyir kho bo cag la dngos po thams cad ma skyes pa de'i phyir khyed kyi gtan tshigs zil gyis non pa'i phyir zhes bya ba de'i don	zil gyis non pa'i gtan tshigs kyi don kyang ma grub pa nyid du brjod par bya'o zhes bya bas ni gang gi phyir kho bo cag la dngos po thams cad ma skyes pa de'i phyir khyed kyi gtan tshigs zil gyis non pa'i phyir zhes bya ba de'i don	325b	because all things are unarisen for us, therefore the meaning of your reason “because it is refuted”
['BO_T04_D3859-2:325b-14']	ma grub pa nyid dang / nyi ma'i 'od zer dag kyang ma grub pas khyed kyi dpe ma grub pa'i skyon du yang 'gyur ro zhes brjod par bya ba bstan to //	ma grub pa nyid dang / nyi ma'i 'od zer dag kyang ma grub pas khyed kyi dpe ma grub pa'i skyon du yang 'gyur ro zhes brjod par bya ba bstan to //	325b	is not established. And because the sun’s rays are also not established, you should say that the fault of the nonestablishment of your example also arises.
['BO_T04_D3859-2:325b-15']	grangs can dag na re yod pa nyid zil gyis non pa'i phyir ram /	grangs can dag na re yod pa nyid zil gyis non pa'i phyir ram /	325b	The Sāṃkhyas say: Because existence is refuted,
['BO_T04_D3859-2:326a-0']	@326a * // bag la zha ba'i phyir zhes zer ba'i gtan tshigs de nyid gun dbyung ba'i tshad ma bstan pa'i phyir /	@326a * // bag la zha ba'i phyir zhes zer ba'i gtan tshigs de nyid gun dbyung ba'i tshad ma bstan pa'i phyir /	326a	The reason “because it is latent” is refuted by the following two syllogisms, which demonstrate valid cognitions that contradict it.
['BO_T04_D3859-2:326a-1']	mi gsal ba ni gsal bar byar mi rung ste mi gsal ba'i phyir dper na nam mkha'i me tog bzhin no //	mi gsal ba ni gsal bar byar mi rung ste mi gsal ba'i phyir dper na nam mkha'i me tog bzhin no //	326a	That which is unclear cannot be clarified because it is unclear, like a sky flower.
['BO_T04_D3859-2:326a-2']	de bzhin du bag la ma zha ba yang bag la zha bar mi 'gyur te /	de bzhin du bag la ma zha ba yang bag la zha bar mi 'gyur te /	326a	Similarly, that which is not latent cannot become latent.
['BO_T04_D3859-2:326a-3']	bag la ma zha ba'i phyir dper na shes pa yod pa nyid bzhin nam gtso bo bzhin pas grub pa'i mtha' la gnod do zhes bya ba rjes su dpag pa gnyis go rims bzhin du smras te /	bag la ma zha ba'i phyir dper na shes pa yod pa nyid bzhin nam gtso bo bzhin pas grub pa'i mtha' la gnod do zhes bya ba rjes su dpag pa gnyis go rims bzhin du smras te /	326a	Because it is not latent, like the existence of consciousness or like the primal substance.🔽For example, a sky flower is not something that can be clarified because it is unclear due to being a nonentity.
['BO_T04_D3859-2:326a-4']	dper na nam mkha'i me tog ni dngos po med pas mi gsal ba'i phyir gsal bar byar mi rung bas zil gyis non pa ma yin pa de bzhin du grangs can dag gis brtags pa'i chos gzhan yang dngos po med pas mi gsal ba'i phyir gsal bar byar	dper na nam mkha'i me tog ni dngos po med pas mi gsal ba'i phyir gsal bar byar mi rung bas zil gyis non pa ma yin pa de bzhin du grangs can dag gis brtags pa'i chos gzhan yang dngos po med pas mi gsal ba'i phyir gsal bar byar	326a	In the same way, other phenomena imputed by Sāṃkhya are not something that can be clarified because they are unclear due to being nonentities.
['BO_T04_D3859-2:326a-5']	mi rung bas zil gyis non pa ma yin no //	mi rung bas zil gyis non pa ma yin no //	326a	Therefore, it is not that they are overwhelmed by what is unsuitable.
['BO_T04_D3859-2:326a-6']	gzhan yang dper na shes pa yod pa nyid dang / gtso bo dag ni nam yong bag la ma zha pa'i phyir bag la zha bar mi 'gyur pa de bzhin du dngos po yang bag la ma zha ba'i phyir bag la zha bar mi 'gyur ro //	gzhan yang dper na shes pa yod pa nyid dang / gtso bo dag ni nam yong bag la ma zha pa'i phyir bag la zha bar mi 'gyur pa de bzhin du dngos po yang bag la ma zha ba'i phyir bag la zha bar mi 'gyur ro //	326a	Moreover, just as consciousness and primal substance are not latent because they are not in a state of latency, so too things would not be latent because they are not in a state of latency.
['BO_T04_D3859-2:326a-7']	ci ste dngos po bag la zha bar 'gyur na ni shes pa yod pa nyid dang gtso bo dag kyang dngos po yin pas bag la zha bar 'dod par bya dgos te /	ci ste dngos po bag la zha bar 'gyur na ni shes pa yod pa nyid dang gtso bo dag kyang dngos po yin pas bag la zha bar 'dod par bya dgos te /	326a	But if things were latent, then since consciousness and primal substance are things, you would have to assert that they are latent.
['BO_T04_D3859-2:326a-8']	de lta na khyed rang gi grub pa'i mtha' las de bag la zha bar mi 'dod pas gzhung la gnod do //	de lta na khyed rang gi grub pa'i mtha' las de bag la zha bar mi 'dod pas gzhung la gnod do //	326a	In that case, since you do not assert that they are latent, your theory would contradict your own tenets.
['BO_T04_D3859-2:326a-9']	dngos po yod pa nyid 'dzin pa la skyon gzhan 'di yang yod de /	dngos po yod pa nyid 'dzin pa la skyon gzhan 'di yang yod de /	326a	There is another fault in asserting that things exist.
['BO_T04_D3859-2:326a-10']	gal te rang bzhin yod nyid na //	gal te rang bzhin yod nyid na //	326a	If things exist essentially,
['BO_T04_D3859-2:326a-11']	de ni med nyid mi 'gyur ro //	de ni med nyid mi 'gyur ro //	326a	They could not become nonexistent.🔽It is never tenable
['BO_T04_D3859-2:326a-12', 'BO_T04_D3859-2:326a-13']	rang bzhin gzhan du 'gyur ba ni //🔽nam yang 'thad par mi 'gyur ro //	rang bzhin gzhan du 'gyur ba ni //🔽nam yang 'thad par mi 'gyur ro //	326a	For an essence to change into something else.
['BO_T04_D3859-2:326a-14']	rang bzhin ni mi 'gyur ba'i phyir dang / dpe yang med pa'i phyir ro zhes bya bar dgongs so zhes bya bas ni rang bzhin gyis dngos po yod pa nyid yin na gzhan du 'gyur ba mi srid pa'i skyon gzhan bstan to //	rang bzhin ni mi 'gyur ba'i phyir dang / dpe yang med pa'i phyir ro zhes bya bar dgongs so zhes bya bas ni rang bzhin gyis dngos po yod pa nyid yin na gzhan du 'gyur ba mi srid pa'i skyon gzhan bstan to //	326a	“Because the nature is unchanging, and because there is no example” is the thought. This shows another error: if things existed essentially, it would be impossible for them to change into something else.
['BO_T04_D3859-2:326a-15']	rang bzhin med pa yang gzhan du 'gyur ba nyid du bstan par mi nus te /	rang bzhin med pa yang gzhan du 'gyur ba nyid du bstan par mi nus te /	326a	Also, it is not possible to show that that which lacks essence changes into something else.
['BO_T04_D3859-2:326a-16']	mo gsham gyi bu'i na tshod gzhan du 'gyur ba med pa bzhin pas /	mo gsham gyi bu'i na tshod gzhan du 'gyur ba med pa bzhin pas /	326a	This is because, like the son of a barren woman, it does not change into something else.
['BO_T04_D3859-2:326a-17']	rang bzhin yod pa ma yin na //	rang bzhin yod pa ma yin na //	326a	If it does not exist through its essence,
['BO_T04_D3859-2:326a-18']	gzhan du 'gyur ba gang zhig yin //	gzhan du 'gyur ba gang zhig yin //	326a	How could it change into something else?
['BO_T04_D3859-2:326a-19']	zhes bya bas ni rang bzhin gyis dngos po med pa nyid yin na de la yang gzhan du 'gyur ba mi srid pa'i skyon gzhan ston to //	zhes bya bas ni rang bzhin gyis dngos po med pa nyid yin na de la yang gzhan du 'gyur ba mi srid pa'i skyon gzhan ston to //	326a	This shows another error: if things are essenceless, it would be impossible for them to change into something else.
['BO_T04_D3859-2:326b-0']	de lta @326b bas na mtha' de gnyi ga yang skyon che bas dam pa rnams de dag yongs su 'dzin par mi byed do zhes bya bas ni mtha' gnyis spang ba'i tshul snga ma gnyis kyi mjug bsdu ba bstan to //	de lta @326b bas na mtha' de gnyi ga yang skyon che bas dam pa rnams de dag yongs su 'dzin par mi byed do zhes bya bas ni mtha' gnyis spang ba'i tshul snga ma gnyis kyi mjug bsdu ba bstan to //	326b	Thus, since both of these extremes are faulty, the holy ones do not accept them. This teaches the summary of the former two modes of abandoning the two extremes.
['BO_T04_D3859-2:326b-1']	'dir smras pa /	'dir smras pa /	326b	Here, someone might say:
['BO_T04_D3859-2:326b-2']	khyod kyis rang bzhin yod pa ma yin pa la gzhan du 'gyur ba med do zhes smras pa'i phyir dgag pa gnyis brjod pas /	khyod kyis rang bzhin yod pa ma yin pa la gzhan du 'gyur ba med do zhes smras pa'i phyir dgag pa gnyis brjod pas /	326b	Since you have said that that which does not intrinsically exist does not transform, you have stated two negations.
['BO_T04_D3859-2:326b-3']	de'i skabs ston pa'i phyir sgra'i don gyi mthus rang bzhin yod na gzhan du 'gyur ba nyid du khas blangs pa yin te /	de'i skabs ston pa'i phyir sgra'i don gyi mthus rang bzhin yod na gzhan du 'gyur ba nyid du khas blangs pa yin te /	326b	In order to teach the context of that, you have accepted that if something intrinsically exists, it would transform.
['BO_T04_D3859-2:326b-4']	des na khyod kyi phyogs snga ma la gnod pa dang gtan tshigs kyi don ma grub pa nyid do //	des na khyod kyi phyogs snga ma la gnod pa dang gtan tshigs kyi don ma grub pa nyid do //	326b	Therefore, your former position is undermined, and the meaning of your reason is not established.
