segmentnr	original	analyzed	folio	translated
['BO_T02_D1211:311b-0']	@311b * // kye rdo rje'i de kho na nyid rnam par phye ba bzhugs /	@311b * // kye rdo rje'i de kho na nyid rnam par phye ba bzhugs /	311b	The Distinguishing of the Thatness of Hevajra
['BO_T02_D1211:311b-1']	# // kye'i rdo rje'i de kho na nyid rnam par phye ba las gsungs pa /	# // kye'i rdo rje'i de kho na nyid rnam par phye ba las gsungs pa /	311b	It is stated in the Distinguishing the Thatness of Hevajra:
['BO_T02_D1211:311b-2']	de bzhin stong pa bcu drug ni //	de bzhin stong pa bcu drug ni //	311b	Likewise, the sixteen emptinesses
['BO_T02_D1211:311b-3']	bcu drug phyag tu rab tu grags //	bcu drug phyag tu rab tu grags //	311b	are renowned as the sixteen hands.
['BO_T02_D1211:311b-4']	glang po gti mug chos yin pas //	glang po gti mug chos yin pas //	311b	Since the elephant is the dharma of stupidity,
['BO_T02_D1211:311b-5']	glang po rnam par snang mdzad brjod //	glang po rnam par snang mdzad brjod //	311b	the elephant is said to be Vairocana.
['BO_T02_D1211:311b-6']	zhe sdang chos ni rta yin pas //	zhe sdang chos ni rta yin pas //	311b	Since the dharma of anger is the horse,
['BO_T02_D1211:311b-7']	rta ni mi bskyod par rab brjod //	rta ni mi bskyod par rab brjod //	311b	the horse is said to be Akṣobhya.
['BO_T02_D1211:311b-8']	bong bu nga rgyal chos yin pas //	bong bu nga rgyal chos yin pas //	311b	Since the dharma of pride is the donkey,
['BO_T02_D1211:311b-9']	bong bu rin chen 'byung gnas brjod //	bong bu rin chen 'byung gnas brjod //	311b	the donkey is said to be Ratnasambhava.
['BO_T02_D1211:311b-10']	ba glang 'dod chags chos yin pas //	ba glang 'dod chags chos yin pas //	311b	Since the dharma of desire is the cow,
['BO_T02_D1211:311b-11']	ba glang padma skyes par brjod //	ba glang padma skyes par brjod //	311b	the cow is said to be Padma[nātha].
['BO_T02_D1211:311b-12']	rnga mo phrag dog chos yin pas //	rnga mo phrag dog chos yin pas //	311b	Since the dharma of jealousy is the camel,
['BO_T02_D1211:311b-13', 'BO_T02_D1211:311b-14']	rnga mo don yod grub pa nyid //🔽las dang nyon mongs sdug bsngal la //	rnga mo don yod grub pa nyid // las dang nyon mongs sdug bsngal la //	311b	the camel is Amoghasiddhi.
['BO_T02_D1211:311b-15']	mi dang sha ra bha byi la //	mi dang sha ra bha byi la //	311b	The human, Sharva, and cat
['BO_T02_D1211:311b-16']	stong pa brgyad du yang dag 'byung //	stong pa brgyad du yang dag 'byung //	311b	arise as the eight emptinesses🔽in the dharmas of karma, affliction, and suffering
['BO_T02_D1211:311b-17']	thod pa brgyad du yang dag gnas /	thod pa brgyad du yang dag gnas /	311b	and abide in the eight skulls.
['BO_T02_D1211:311b-18']	kye'i rdo rje de kho na nyid rnam par phye ba las gsungs pa /	kye'i rdo rje de kho na nyid rnam par phye ba las gsungs pa /	311b	The Hevajra Tantra in its explication of reality states:
['BO_T02_D1211:311b-19']	rdo rje gsum ngos mi phyed phyir //	rdo rje gsum ngos mi phyed phyir //	311b	Because the three vajras are inseparable,
['BO_T02_D1211:311b-20', 'BO_T02_D1211:311b-21', 'BO_T02_D1211:311b-22']	de ni mi phyed mar rab grags //🔽skra yi rtse sogs rab dbye bas //🔽de nyid kyang ni phra bar skye //	de ni mi phyed mar rab grags // skra yi rtse sogs rab dbye bas // de nyid kyang ni phra bar skye //	311b	it is renowned as the inseparable.🔽It is also generated as subtle,
['BO_T02_D1211:311b-23']	mo gsham bu yi ngo bo'i phyir //	mo gsham bu yi ngo bo'i phyir //	311b	because of the division of the tip of the hair, and so on.
['BO_T02_D1211:312a-0', 'BO_T02_D1211:312a-1']	de nyid kyang ni gzugs zhes @312a * //🔽bsgrags // gang phyir lus las 'byung ba'i phyir //	de nyid kyang ni gzugs zhes @312a * // bsgrags // gang phyir lus las 'byung ba'i phyir //	312a	It is also renowned as form,🔽because it is the nature of the son of a barren woman.🔽It is renowned as the mother,
['BO_T02_D1211:312a-2']	de la brtse ba mar rab grags //	de la brtse ba mar rab grags //	312a	because it arises from the body.
['BO_T02_D1211:312a-3']	gang la g-yon du 'khor 'gyur ba //	gang la g-yon du 'khor 'gyur ba //	312a	That which is the left
['BO_T02_D1211:312a-4']	de la g-yon pa ma zhes brjod //	de la g-yon pa ma zhes brjod //	312a	is called the left, the mother.
['BO_T02_D1211:312a-5']	gang tshe zlum po'i lha mo ni //	gang tshe zlum po'i lha mo ni //	312a	When the goddess is round,
['BO_T02_D1211:312a-6']	thung du ma zhes rab tu brjod //	thung du ma zhes rab tu brjod //	312a	it is renowned as the short, the mother.
['BO_T02_D1211:312a-7']	gang tshe rus sbal rnam skyes pa //	gang tshe rus sbal rnam skyes pa //	312a	When it is born as a tortoise,
['BO_T02_D1211:312a-8']	rus sbal skyes zhes mngon par brjod //	rus sbal skyes zhes mngon par brjod //	312a	it is renowned as the tortoise-born.
['BO_T02_D1211:312a-9']	gang la srid pa'i mngon gnas pa //	gang la srid pa'i mngon gnas pa //	312a	When it abides in the abode of existence,
['BO_T02_D1211:312a-10']	de la bsgom pa ma zhes brjod //	de la bsgom pa ma zhes brjod //	312a	it is called the meditation, the mother.
['BO_T02_D1211:312a-11']	bsil ba bsil sbyin ma yi rtsa //	bsil ba bsil sbyin ma yi rtsa //	312a	The channel of the cool one is the cool one.
['BO_T02_D1211:312a-12']	rtsa ba yang ni tshe sbyin ma //	rtsa ba yang ni tshe sbyin ma //	312a	The root is also the life-giver.
['BO_T02_D1211:312a-13', 'BO_T02_D1211:312a-14']	tri pa ta med rang bzhin gyis //🔽de la brkyang ma zhes byar brjod //	tri pa ta med rang bzhin gyis // de la brkyang ma zhes byar brjod //	312a	the one with the nature of the tip.
['BO_T02_D1211:312a-15']	rang bzhin med pa'i ngo bos ni //	rang bzhin med pa'i ngo bos ni //	312a	By means of the nature of the absence of self,
['BO_T02_D1211:312a-16']	kun 'dar ma zhes rab tu bsgrags //	kun 'dar ma zhes rab tu bsgrags //	312a	the one called the all-trembling one is proclaimed.
['BO_T02_D1211:312a-17']	thams cad ro ni ster ba'i phyir //	thams cad ro ni ster ba'i phyir //	312a	Because it gives the taste of everything,
['BO_T02_D1211:312a-18']	de la ro ma zhes su brjod //	de la ro ma zhes su brjod //	312a	it is called the one with the taste.
['BO_T02_D1211:312a-19']	gang tshe zla ba'i rnam pa'i gzugs //	gang tshe zla ba'i rnam pa'i gzugs //	312a	When the form of the moon
['BO_T02_D1211:312a-20']	mkhas pas tshad ma zhes su bsgrags //	mkhas pas tshad ma zhes su bsgrags //	312a	is called the measure by the wise,
['BO_T02_D1211:312a-21']	'jigs pa mun pa'i gzugs su ni //	'jigs pa mun pa'i gzugs su ni //	312a	the form of the fear of darkness
['BO_T02_D1211:312a-22']	kha dog nag po'ang skye bar 'gyur //	kha dog nag po'ang skye bar 'gyur //	312a	also arises as the black color.
['BO_T02_D1211:312a-23']	mnyam pa'i sems kyi sbyor ba yis //	mnyam pa'i sems kyi sbyor ba yis //	312a	By the application of the mind of equality,
['BO_T02_D1211:312a-24']	spyi ma zhes ni mngon par brjod //	spyi ma zhes ni mngon par brjod //	312a	the one called the general is expressed.
['BO_T02_D1211:312a-25']	gang tshe rgyu kun sbyin pa yang //	gang tshe rgyu kun sbyin pa yang //	312a	When the cause of all giving
['BO_T02_D1211:312a-26']	rgyu sbyin ma zhes rab tu grags //	rgyu sbyin ma zhes rab tu grags //	312a	is well known as the cause giver,
['BO_T02_D1211:312a-27']	rgyu yi sbyor bral sdug bsngal gyis //	rgyu yi sbyor bral sdug bsngal gyis //	312a	the suffering of being separated from the cause
['BO_T02_D1211:312a-28']	de la sbyor bral ma zhes bsgrags //	de la sbyor bral ma zhes bsgrags //	312a	is called the one separated from the cause.
['BO_T02_D1211:312a-29']	gnyen gyi tshul gyis sdug pa yang //	gnyen gyi tshul gyis sdug pa yang //	312a	The one who is dear by the method of a relative
['BO_T02_D1211:312a-30']	sdu gu ma zhes bya bar grags //	sdu gu ma zhes bya bar grags //	312a	is well known as the one who is dear.
['BO_T02_D1211:312a-31']	yid la 'dod pa grub pa'i phyir //	yid la 'dod pa grub pa'i phyir //	312a	Because of the accomplishment of mental desire,
['BO_T02_D1211:312a-32']	grub ma zhes ni rab tu brjod //	grub ma zhes ni rab tu brjod //	312a	the one called the accomplished one is expressed.
['BO_T02_D1211:312a-33']	me yi khams kyi rang bzhin gyis //	me yi khams kyi rang bzhin gyis //	312a	By the nature of the fire element,
['BO_T02_D1211:312a-34']	'tshed ma zhes ni nges par brjod //	'tshed ma zhes ni nges par brjod //	312a	she is declared to be “the cooker.”
['BO_T02_D1211:312a-35']	chu yi khams kyi rang bzhin gyis //	chu yi khams kyi rang bzhin gyis //	312a	By the nature of the water element,
['BO_T02_D1211:312a-36']	de bzhin yid bzangs ma zhes brjod //	de bzhin yid bzangs ma zhes brjod //	312a	she is declared to be “the good-minded one.”
['BO_T02_D1211:312a-37']	gtum pa'i las gnas lha mo ni ;	gtum pa'i las gnas lha mo ni ;	312a	The goddess who abides in the place of fierce activity
['BO_T02_D1211:312a-38']	/ de bzhin gtum mo zhes su bsgrags //	/ de bzhin gtum mo zhes su bsgrags //	312a	is declared to be “the fierce one.”
['BO_T02_D1211:312a-39']	gzhon nu ma ni g-yo ba'i phyir //	gzhon nu ma ni g-yo ba'i phyir //	312a	Because the young woman is fickle,
['BO_T02_D1211:312a-40', 'BO_T02_D1211:312a-41']	gzhon nu ma ni 'dral mar brjod //🔽'di rnams rtsa yi dbye ba yis //	gzhon nu ma ni 'dral mar brjod // 'di rnams rtsa yi dbye ba yis //	312a	the young woman is declared to be “the fickle one.”🔽These goddesses are renowned
['BO_T02_D1211:312a-42']	lha mo 'di rnams rab tu grags //	lha mo 'di rnams rab tu grags //	312a	by the divisions of these channels.🔽The union and the vajra dakini
['BO_T02_D1211:312a-43']	yang dag par ni sbyor ba dang // rdo rje mkha' 'gro las gsungs pa //	yang dag par ni sbyor ba dang // rdo rje mkha' 'gro las gsungs pa //	312a	are declared to be the “enjoyment body.”
['BO_T02_D1211:312a-44']	mgrin pa nas brtsams g-yon pa'i rtsa //	mgrin pa nas brtsams g-yon pa'i rtsa //	312a	Beginning from the throat, the left channel
['BO_T02_D1211:312a-45']	longs spyod pa yi sku can ma //	longs spyod pa yi sku can ma //	312a	is the one who has the enjoyment body.
['BO_T02_D1211:312a-46']	lte ba'i nang du ngal bsos shing //	lte ba'i nang du ngal bsos shing //	312a	She rests in the middle of the navel,
['BO_T02_D1211:312a-47']	kha ni 'og tu myos byed 'bab //	kha ni 'og tu myos byed 'bab //	312a	and the mouth is the downward-voiding [channel].
['BO_T02_D1211:312a-48']	gang zhig lte ba nas steng rtsa //	gang zhig lte ba nas steng rtsa //	312a	The one who is above the navel
['BO_T02_D1211:312a-49']	de bzhin kha ni steng du 'bab //	de bzhin kha ni steng du 'bab //	312a	is the one who flows upward.
['BO_T02_D1211:312a-50']	mgrin pa'i nang du ngal sos shing //	mgrin pa'i nang du ngal sos shing //	312a	She rests in the middle of the throat,
['BO_T02_D1211:312b-0']	khrag 'bab par ni rab tu @312b grags ;	khrag 'bab par ni rab tu @312b grags ;	312b	and it is renowned as the “blood-flowing” [channel].
['BO_T02_D1211:312b-1']	/'dir ni myos byed zla bar bshad //	/'dir ni myos byed zla bar bshad //	312b	Here, the intoxicating drink is explained as the moon.
['BO_T02_D1211:312b-2']	khrag ni nyi ma zhes su gsungs //	khrag ni nyi ma zhes su gsungs //	312b	Blood is said to be the sun.
['BO_T02_D1211:312b-3']	'di dag zla ba nyi ma gnyis //	'di dag zla ba nyi ma gnyis //	312b	These two are the sun and moon.
['BO_T02_D1211:312b-4']	rtsa gnyis su ni rab tu grags //	rtsa gnyis su ni rab tu grags //	312b	The two channels are well known.
['BO_T02_D1211:312b-5']	zhe'o // yang dag par sbyor ba las gsungs //	zhe'o // yang dag par sbyor ba las gsungs //	312b	It is said in the Perfect Union:
['BO_T02_D1211:312b-6']	snying gi nang son padma ni //	snying gi nang son padma ni //	312b	The lotus in the heart
['BO_T02_D1211:312b-7']	'dab ma brgyad par snying por bcas //	'dab ma brgyad par snying por bcas //	312b	Has eight petals with a pistil.
['BO_T02_D1211:312b-8']	de yi nang du son pa'i rtsa //	de yi nang du son pa'i rtsa //	312b	The channel that enters there
['BO_T02_D1211:312b-9']	mar me rang gi ngo bo can //	mar me rang gi ngo bo can //	312b	Has the nature of a lamp.
['BO_T02_D1211:312b-10']	ka ta la yi me tog mtshungs //	ka ta la yi me tog mtshungs //	312b	It is like a kataka flower,
['BO_T02_D1211:312b-11']	nar zhing kha ni 'og tu'o //	nar zhing kha ni 'og tu'o //	312b	Long and facing downward.
['BO_T02_D1211:312b-12']	de yi nang nas dpa' bo ni //	de yi nang nas dpa' bo ni //	312b	The hero who is within that
['BO_T02_D1211:312b-13']	yungs kar gyi ni spom phra tsam //	yungs kar gyi ni spom phra tsam //	312b	Is the size of a mustard seed.
['BO_T02_D1211:312b-14']	gzhom med h'um gi sa bon ni //	gzhom med h'um gi sa bon ni //	312b	The indestructible seed of hūṃ
['BO_T02_D1211:312b-15']	snying po lta bu 'dzag pa nyid //	snying po lta bu 'dzag pa nyid //	312b	Drips like an essence.
['BO_T02_D1211:312b-16']	'gro dang 'ong bar byed pa 'di ;	'gro dang 'ong bar byed pa 'di ;	312b	This one who moves back and forth
['BO_T02_D1211:312b-17']	/ thams cad lus la rnam par gnas //	/ thams cad lus la rnam par gnas //	312b	Resides in all bodies.
['BO_T02_D1211:312b-18']	dngos med rnam pa'i gzugs su ni //	dngos med rnam pa'i gzugs su ni //	312b	The form of the aspect of nonentity
['BO_T02_D1211:312b-19']	thung du ru ni yongs su grags //	thung du ru ni yongs su grags //	312b	Is well known as short.
['BO_T02_D1211:312b-20']	snying gar h'um gi rnam pa ni //	snying gar h'um gi rnam pa ni //	312b	The form of hūṃ in the heart
['BO_T02_D1211:312b-21']	ring po ma mo gnyis dang gnas //	ring po ma mo gnyis dang gnas //	312b	Is long and resides in the two mothers.
['BO_T02_D1211:312b-22']	mgrin par aom gyi gzugs kyis ni //	mgrin par aom gyi gzugs kyis ni //	312b	At the throat, in the form of the syllable OṂ,
['BO_T02_D1211:312b-23']	ma mo gsum dang pu lu ta //	ma mo gsum dang pu lu ta //	312b	the three Mothers and the Pūla.
['BO_T02_D1211:312b-24']	dpral bar ham gi rnam pa 'di //	dpral bar ham gi rnam pa 'di //	312b	On the forehead, in the form of the syllable HAṂ,
['BO_T02_D1211:312b-25']	sgra dang thig le gzhom med pa'i //	sgra dang thig le gzhom med pa'i //	312b	the sound and the drop, which are indestructible.
['BO_T02_D1211:312b-26']	rdo rje sems dpa'i gzugs kyis ni //	rdo rje sems dpa'i gzugs kyis ni //	312b	In the form of Vajrasattva,
['BO_T02_D1211:312b-27']	'dir ni ji ltar bde bar rol //	'dir ni ji ltar bde bar rol //	312b	one should enjoy oneself here as one pleases.
['BO_T02_D1211:312b-28']	'dab ma rnams kyi bzhi la yang //	'dab ma rnams kyi bzhi la yang //	312b	And on the four petals as well,
['BO_T02_D1211:312b-29']	phyogs bzhi dag tu rnam par gnas //	phyogs bzhi dag tu rnam par gnas //	312b	one should abide in the four directions.
['BO_T02_D1211:312b-30']	'byung ba bzhi yi rtsa rnams ni //	'byung ba bzhi yi rtsa rnams ni //	312b	The channels of the four elements
['BO_T02_D1211:312b-31']	mar me'i rang bzhin lta bu'o //	mar me'i rang bzhin lta bu'o //	312b	are like the nature of a lamp.
['BO_T02_D1211:312b-32']	mi phyed ma ni spyi bor gnas //	mi phyed ma ni spyi bor gnas //	312b	The one called A-vi-d-ya resides in the head,
['BO_T02_D1211:312b-33']	so dang sen mo 'bab mar brjod //	so dang sen mo 'bab mar brjod //	312b	and is said to flow to the teeth and nails.
['BO_T02_D1211:312b-34']	spyi bo'i gtsug tu phra gzugs ma //	spyi bo'i gtsug tu phra gzugs ma //	312b	The one called Su-ksh-ma resides in the crown of the head,
['BO_T02_D1211:312b-35']	skra dang ba spu 'bab par brjod //	skra dang ba spu 'bab par brjod //	312b	and is said to flow to the hair and body hair.
['BO_T02_D1211:312b-36']	rna ba g-yas par brtse ba ma //	rna ba g-yas par brtse ba ma //	312b	The one called Sa-mya resides in the right ear,
['BO_T02_D1211:312b-37']	pags pa dang ni dri ma 'bab //	pags pa dang ni dri ma 'bab //	312b	and is said to flow to the skin and dirt.
['BO_T02_D1211:312b-38']	rgyab kyi ngos su g-yon pa ma //	rgyab kyi ngos su g-yon pa ma //	312b	The one called Va-ma resides on the back,
['BO_T02_D1211:312b-39']	sha ni 'bab pa nyid du brjod //	sha ni 'bab pa nyid du brjod //	312b	and is said to flow to the flesh.
['BO_T02_D1211:312b-40']	rna ba g-yon par thung du ma //	rna ba g-yon par thung du ma //	312b	The one called Hras-va resides in the left ear,
['BO_T02_D1211:312b-41']	chu rgyus 'bab par brjod pa'o //	chu rgyus 'bab par brjod pa'o //	312b	and is said to flow to the tendons.
['BO_T02_D1211:312b-42']	smin ma'i dbus su srus sbal skyes //	smin ma'i dbus su srus sbal skyes //	312b	In the middle of the eyebrows, the one called Kūrma
['BO_T02_D1211:312b-43']	rus pa'i phreng ba 'bab pa'o //	rus pa'i phreng ba 'bab pa'o //	312b	The bone-garland is the downward-voiding [channel].
['BO_T02_D1211:312b-44']	mig dag tu ni bsgom pa ma //	mig dag tu ni bsgom pa ma //	312b	The eye is the meditator.
['BO_T02_D1211:312b-45']	mkhal ma 'bab par brjod pa'o //	mkhal ma 'bab par brjod pa'o //	312b	The kidneys are said to be the downward-voiding [channel].
['BO_T02_D1211:312b-46']	lag pa'i rtsa bar dbang ma ni //	lag pa'i rtsa bar dbang ma ni //	312b	The arm-roots are the powerful.
['BO_T02_D1211:312b-47']	snying ni 'bab par brjod pa'o ;	snying ni 'bab par brjod pa'o ;	312b	The heart is said to be the downward-voider.
['BO_T02_D1211:312b-48']	/ skyon zhes bya ba skyon ldan ma //	/ skyon zhes bya ba skyon ldan ma //	312b	The one called the fault is the faulty.
['BO_T02_D1211:312b-49']	mchan khung dag tu mig 'bab ma //	mchan khung dag tu mig 'bab ma //	312b	The armpits are the eye-voiders.
['BO_T02_D1211:312b-50', 'BO_T02_D1211:312b-51']	'jug ma zhes bya'i 'jug chen mo //🔽nu ma dag tu mkhris pa 'bab pa //	'jug ma zhes bya'i 'jug chen mo // nu ma dag tu mkhris pa 'bab pa //	312b	The one called the entrance is the great-entrance.🔽The breasts are the bile-voiders.
['BO_T02_D1211:312b-52']	lte ba ma mo glo ba 'bab //	lte ba ma mo glo ba 'bab //	312b	The navel is the mother, and the lungs are the downward-voider.
['BO_T02_D1211:312b-53']	sna yi rtse mor mtshan mo ni //	sna yi rtse mor mtshan mo ni //	312b	The tip of the nose is the night.
['BO_T02_D1211:312b-54']	rgyu ma'i phreng ba 'bab pa nyid //	rgyu ma'i phreng ba 'bab pa nyid //	312b	The garland of the intestines is the downward-voider itself.
['BO_T02_D1211:313a-0']	kha dag la ni bsil sbyin @313a * //	kha dag la ni bsil sbyin @313a * //	313a	The mouth is the giver of coolness.
['BO_T02_D1211:313a-1']	ma ; / ngos kyi chu rgyus 'bab pa nyid //	ma ; / ngos kyi chu rgyus 'bab pa nyid //	313a	The side sinews are the downward-voiders.
['BO_T02_D1211:313a-2']	mgrin pa ru ni tsha ba ma //	mgrin pa ru ni tsha ba ma //	313a	The throat is the hot one.
['BO_T02_D1211:313a-3']	lto ba dag ni 'bab pa nyid //	lto ba dag ni 'bab pa nyid //	313a	The stomach is the downward-voider itself.
['BO_T02_D1211:313a-4']	brkyang ma dang / ro ma dang / kun 'dar ma zhes pa 'di gsum ni gong du bshad pa nyid do //	brkyang ma dang / ro ma dang / kun 'dar ma zhes pa 'di gsum ni gong du bshad pa nyid do //	313a	The three, namely the long one, the rasana, and the avadhauti, have already been explained above.
['BO_T02_D1211:313a-5']	snying gar gzhol ma bshad ba 'bab //	snying gar gzhol ma bshad ba 'bab //	313a	The one called the heart-inclined is the downward-voider.
['BO_T02_D1211:313a-6']	rangs ma zhes bya rangs ma'i gdong //	rangs ma zhes bya rangs ma'i gdong //	313a	The one called the joy is the joy-face.
['BO_T02_D1211:313a-7']	'khyud ma mtshams kyi mtha' nang son //	'khyud ma mtshams kyi mtha' nang son //	313a	The one called “embracer” is at the end of the junction.
['BO_T02_D1211:313a-8']	rtags la shin tu gzugs can ma //	rtags la shin tu gzugs can ma //	313a	The one called “very formed” is at the sign.
['BO_T02_D1211:313a-9']	bad kan 'bab pa nyid du brjod //	bad kan 'bab pa nyid du brjod //	313a	It is said that phlegm flows from it.
['BO_T02_D1211:313a-10']	bshang ba'i lam du gci ma ni //	bshang ba'i lam du gci ma ni //	313a	The one called “urinating” is in the path of feces.
['BO_T02_D1211:313a-11']	rnag 'bab par ni brjod pa yin //	rnag 'bab par ni brjod pa yin //	313a	It is said that pus flows from it.
['BO_T02_D1211:313a-12']	bral dag tu ni rgyu sbyin ma //	bral dag tu ni rgyu sbyin ma //	313a	The one called “giving” is in the separation.
['BO_T02_D1211:313a-13', 'BO_T02_D1211:313a-14']	khrag 'bab par ni brjod pa'o //🔽byin pa dag tu sbyor bral ma //	khrag 'bab par ni brjod pa'o // byin pa dag tu sbyor bral ma //	313a	It is said that blood flows from it.🔽The one called “separation from union” is in the hips.
['BO_T02_D1211:313a-15']	rdul ni 'bab pa ru ni brjod //	rdul ni 'bab pa ru ni brjod //	313a	It is said that semen flows from it.
['BO_T02_D1211:313a-16']	rkang pa'i sor mo sdu gu ma //	rkang pa'i sor mo sdu gu ma //	313a	The one called “beautiful toes”
['BO_T02_D1211:313a-17']	tshil bu 'bab par brjod pa nyid //	tshil bu 'bab par brjod pa nyid //	313a	is said to be the flow of marrow.
['BO_T02_D1211:313a-18', 'BO_T02_D1211:313a-19']	rkang pa'i rgyab tu 'grub ma ni //🔽mchi ma 'bab par brjod pa nyid //	rkang pa'i rgyab tu 'grub ma ni // mchi ma 'bab par brjod pa nyid //	313a	The one called “accomplishment” is on the back of the foot.🔽It is said that tears flow from it.🔽The one called “cooker” is on the big toe.
['BO_T02_D1211:313a-20']	mthe bor 'tshed ma mchil ma 'bab //	mthe bor 'tshed ma mchil ma 'bab //	313a	It is said that saliva flows from it.
['BO_T02_D1211:313a-21']	pus mo gnyis su yid bzangs ma //	pus mo gnyis su yid bzangs ma //	313a	The one called “good mind” is on the two knees.
['BO_T02_D1211:313a-22']	sha dang snabs ni 'bab pa nyid //	sha dang snabs ni 'bab pa nyid //	313a	It is said that flesh and mucus flow from it.
['BO_T02_D1211:313a-23']	snying gi padma'i ze 'bru ni //	snying gi padma'i ze 'bru ni //	313a	The stamens of the lotus of the heart🔽are the directions and petals,
['BO_T02_D1211:313a-24']	phyogs 'dab rim pa ji lta ba //	phyogs 'dab rim pa ji lta ba //	313a	in order,
['BO_T02_D1211:313a-25']	sum skor 'dab ma khyim ma dang // gtum mo dang ni bdud 'dral ma'o //	sum skor 'dab ma khyim ma dang // gtum mo dang ni bdud 'dral ma'o //	313a	the petal of the three circuits, the petal of the house, Caṇḍālī, and Mārajit.
['BO_T02_D1211:313a-26']	brkyang ma ro ma kun 'dar ma //	brkyang ma ro ma kun 'dar ma //	313a	The lalanā, rasanā, and avadhūti🔽are the three nāḍīs.
['BO_T02_D1211:313a-27']	gsum ni bdag med rnal 'byor ma //	gsum ni bdag med rnal 'byor ma //	313a	The three are Nairatmya, Yogini,
['BO_T02_D1211:313a-28']	mi phyed ma dang phra gzugs ma //	mi phyed ma dang phra gzugs ma //	313a	Acalas, and Sukumari.
['BO_T02_D1211:313a-29']	rgyal bas rdo rje ma ru bshad //	rgyal bas rdo rje ma ru bshad //	313a	The Victorious One has declared them to be Vajra,
['BO_T02_D1211:313a-30']	brtse ba ma dang g-yon pa ma //	brtse ba ma dang g-yon pa ma //	313a	Anuraga, and Varnini.
['BO_T02_D1211:313a-31']	gnyis ni goo r'i nyid du brjod //	gnyis ni goo r'i nyid du brjod //	313a	The two are said to be Gauri herself,
['BO_T02_D1211:313a-32', 'BO_T02_D1211:313a-33', 'BO_T02_D1211:313a-34']	thung ngu ma dang rus spal skyes //🔽chu yi rnal 'byor ma zhes zer //🔽sgom pa ma dang dbang ma nyid //	thung ngu ma dang rus spal skyes // chu yi rnal 'byor ma zhes zer // sgom pa ma dang dbang ma nyid //	313a	Hrasva, and Kurmapadma.🔽They are called Jalayogi.
['BO_T02_D1211:313a-35', 'BO_T02_D1211:313a-36']	rdo rje mkha' 'gro mar ni bshad //🔽skyon ldan ma dang 'jug chen ma //	rdo rje mkha' 'gro mar ni bshad // skyon ldan ma dang 'jug chen ma //	313a	The two are said to be Vajradaka and Dombini.
['BO_T02_D1211:313a-37', 'BO_T02_D1211:313a-38']	gnyis ni pukka s'i ru brjod //🔽ma mo dang ni mtshan mo yang //	gnyis ni pukka s'i ru brjod // ma mo dang ni mtshan mo yang //	313a	The two are said to be Pukkasl.🔽The two are said to be Dombini and Rajaki.🔽The two are said to be Candali and Sukra.🔽The two are said to be Gauri and Chandika.🔽The two are said to be Gauri and Vetali.🔽The two are said to be Gauri and Ghasmari.🔽The two are said to be Gauri and Pukkasi.🔽The two are said to be Gauri and Chandika.🔽The two are said to be Gauri and Dombi.🔽The two are said to be Gauri and Shavari.🔽The two are said to be Gauri and Chamundi.🔽The two are said to be Gauri and Mahalakshmi.🔽The two are said to be Gauri and Matarigi.🔽The two are said to be Gauri and Tara.
['BO_T02_D1211:313a-39', 'BO_T02_D1211:313a-40']	ri khrod mar ni rab tu grags //🔽bsil sbyin ma dang tsha ba ma //	ri khrod mar ni rab tu grags // bsil sbyin ma dang tsha ba ma //	313a	The two are said to be Gauri and Marici.🔽The two are said to be Gauri and Indrani.
['BO_T02_D1211:313a-41', 'BO_T02_D1211:313a-42']	gdol pa mer yang brjod pa nyid //🔽gzhol ma dang ni rangs ma'i gdong //	gdol pa mer yang brjod pa nyid // gzhol ma dang ni rangs ma'i gdong //	313a	The two are said to be Gauri and Uma.
['BO_T02_D1211:313a-43']	'di gnyis g-yung mor brjod pa nyid ;	'di gnyis g-yung mor brjod pa nyid ;	313a	The two are said to be Gauri and Parvati.
['BO_T02_D1211:313a-44']	/ shin tu gzugs can spyi ma gnyis //	/ shin tu gzugs can spyi ma gnyis //	313a	The two are said to be Gauri and Sarasvati.🔽The two are said to be Gauri and Lakshmi.🔽The two are said to be Gauri and Kali.
['BO_T02_D1211:313a-45']	goo r'i sgo ni skyong ba mo //	goo r'i sgo ni skyong ba mo //	313a	The two are said to be Gauri and Durga.🔽The two are said to be Gauri and Chinnamasta.🔽The two are said to be Gauri and Bhuvaneśvari.🔽The two are said to be Gauri and Bagalamukhi.🔽The two are said to be Gauri and Kamala.🔽The two are said to be Gauri and Varahi.🔽The two are said to be Gauri and Maheshvari.🔽The two are said to be Gauri and Nairatmya.
['BO_T02_D1211:313a-46']	sgyu sbyin ma dang sbyor bral ma //	sgyu sbyin ma dang sbyor bral ma //	313a	The two are said to be Gauri and Yogini.🔽The two are said to be Gauri and Acalas.
['BO_T02_D1211:313a-47']	chom rkun ma ru thub pas gsungs //	chom rkun ma ru thub pas gsungs //	313a	The two are said to be Gauri and Sukumari.🔽The
['BO_T02_D1211:313a-48']	sdu gu ma dang grub ma yang //	sdu gu ma dang grub ma yang //	313a	The one called “the beautiful one” and the one called “the accomplished one,”
['BO_T02_D1211:313a-49']	ro langs mar ni mngon par brjod //	ro langs mar ni mngon par brjod //	313a	are said to be the vetāla woman.
['BO_T02_D1211:313a-50']	'chod  ma dang ni yid bzangs ma //	'chod  ma dang ni yid bzangs ma //	313a	The one called “the one who is satisfied” and the one called “the one with a beautiful mind,”
['BO_T02_D1211:313a-51']	gha sma r'i ru dran par bya //	gha sma r'i ru dran par bya //	313a	are to be remembered as the ghasmarī.
['BO_T02_D1211:313b-0']	sum @313b skor ma dang 'dod ma nyid //	sum @313b skor ma dang 'dod ma nyid //	313b	The one called “the one who goes everywhere” and the one called “the one who is desired,”
['BO_T02_D1211:313b-1']	gnyis ni sa spyod ma ru brjod //	gnyis ni sa spyod ma ru brjod //	313b	are the two said to be the pūtanā.
['BO_T02_D1211:313b-2']	khyim pa gtum mo bdud 'dral ma //	khyim pa gtum mo bdud 'dral ma //	313b	The one called “the householder” and the one called “the fierce one” and the one called “the demoness,”
['BO_T02_D1211:313b-3']	rtsa rnams gsum ni mkha' spyod ma //	rtsa rnams gsum ni mkha' spyod ma //	313b	are the three said to be the dākinī.
['BO_T02_D1211:313b-4']	mkha' 'gro mar ni 'dod pa yi //	mkha' 'gro mar ni 'dod pa yi //	313b	The one called “the one who is desired” is the ḍākinī.
['BO_T02_D1211:313b-5']	bco lngas thams cad bsdus pa nyid //	bco lngas thams cad bsdus pa nyid //	313b	All are included in these fifteen.
['BO_T02_D1211:313b-6']	kye'i rdo rje'i de kho na nyid rnam par phye ba dang / kye'i rdo rje'i bshad pa'i rgyud yang dag par sbyor ba dang / rdo rje mkha' 'gro las /	kye'i rdo rje'i de kho na nyid rnam par phye ba dang / kye'i rdo rje'i bshad pa'i rgyud yang dag par sbyor ba dang / rdo rje mkha' 'gro las /	313b	The Tattvāvatāra of the Hevajra, the Yogasaṁcāra of the Hevajra, and the Vajradāka Tantra🔽say:
['BO_T02_D1211:313b-7']	rtsa'i 'khor lo'i skabs /	rtsa'i 'khor lo'i skabs /	313b	In the section on the cakras of the channels:
['BO_T02_D1211:313b-8']	dge slong sh'akya ye shes kyis bsgyur ba'o//	dge slong sh'akya ye shes kyis bsgyur ba'o//	313b	Translated by Śākya Ye-she.
