segmentnr	original	folio	stemmed
BO_TZ39_TI-034:0	@#// shasanapal	0	shasanapal 
BO_TZ39_TI-034:1	mahasamayasebikarma  sid+d+hililasar	0	mahasamayasebikarma sid+d+hililasar 
BO_TZ39_TI-034:2	namabihar  tisma //	0	namabihar tisma 
BO_TZ39_TI-034:3	@#// bstan pa skyong ba'i dam can chen po rnams kyi phrin las dngos grub kyi rol mtshho zhes bya ba bzhugs so //	0	ston ba skyong ba dam can chen po rnams kyi phrin las dngos grub kyi rol mtshho zhes byed ba bzhugs so 
BO_TZ39_TI-034:4	na mo badzra d+ha ra ya /	0	na mo badzra d+ha ra ya 
BO_TZ39_TI-034:5	rdo rje'i chos skyong rnams kyi las byang dngos grub kyi rol mtshho zhes bya ba /	0	rdo rje chos skyong rnams kyi las byang dngos grub kyi rol mtshho zhes byed ba 
BO_TZ39_TI-034:6	khyab bdag he ru ka dpal mchog gi zhabs kyi pad+mor gus pas phyag 'tshhal lo //	0	khyab bdag he ru ka dpal mchog gi zhabs kyi pad+mor gus ba phyag tshhal lo 
BO_TZ39_TI-034:7	gzod nas rab zhi 'gyur ba med gang sgyu 'phrul drwa ba'i rol pa las //	0	gzod nas rab zhi gyur ba med gang sgyu phrul drwa ba rol ba las 
BO_TZ39_TI-034:8	snying rje'i rang gzugs mi bzad 'jigs rung sgyu ma'i rnam rol khro bo'i dbang //	0	snying rje rang gzugs mi bzad jigs rung sgyu ma rnam rol khro bo dbang 
BO_TZ39_TI-034:9	dgra bgegs khrag gis kun nas rab myos drag shul gom pas sa gsum g.yo //	0	dgra bgegs khrag gis kun nas rab myos drag shul gom ba sa gsum g.yo 
BO_TZ39_TI-034:10	he ru ka dpal dpa' bo de yis bdud sde'i klad pa 'gem gyur  cig	1	he ru ka dpal dpa bo de yis bdud sde klad ba gem gyur cig 
BO_TZ39_TI-034:11	/de yi phrin las grub pa'i zhal gyi lung //	1	yi phrin las grub ba zhal gyi lung 
BO_TZ39_TI-034:12	'di dang gzhan du bde ba'i mchog ster ba'i //	1	di dang gzhan du bde ba mchog ster ba 
BO_TZ39_TI-034:13	srid pa'i nyes kun 'phrog byed bdud rtshi'i skyes //	1	srid ba nyes kun phrog byed bdud rtshi skye 
BO_TZ39_TI-034:14	skal bzang mchog 'dod rnams la bdag gis sbyin //	1	skal bzang mchog dod rnams la bdag gis sbyin 
BO_TZ39_TI-034:15	de yang srung ma'i dbang po rnams kyi dkyil 'khor du dbang bskur ba thob cing spyi bye brag gi dam tshhig la yang dag par gnas pa'i rnal 'byor pa /	1	de yang srung ma dbang po rnams kyi dkyil khor du dbang skur ba thob cing spyi bye brag gi dam tshhig la yang dag ba gnas ba rnal byor ba 
BO_TZ39_TI-034:16	dngos grub rnam pa gnyis kyi ched du lhag par mos pa brtan pa dag gis tshhul 'di la nan tan du bya ste /	1	dngos grub rnam ba gnyis kyi ched du lhag ba mos ba brtan ba dag gis tshhul di la nan tan du byed ste 
BO_TZ39_TI-034:17	de'i rim pa ni /	1	de rim ba ni 
BO_TZ39_TI-034:18	rdzas bsham bdag bskyed mchod byin rlob //	1	rdzas bsham bdag skyed mchod byin rlob 
BO_TZ39_TI-034:19	spyi gtor rnam bzhi sngon 'gro 'o //	1	spyi thor rnam bzhi sngon gro mang 
BO_TZ39_TI-034:20	so so'i las rim gtor ma 'bul //	2	so so las rim thor ma bul 
BO_TZ39_TI-034:21	bstod pa rjes 'brang bzlas pa bya //	2	bstod ba rjes brang bzlas ba byed 
BO_TZ39_TI-034:22	tshhogs mchod skong bshags drag bskul dang // stob pa rnam dgu dngos gzhi 'o //	2	tshhogs mchod skong chags drag skul dang stob ba rnam dgu dngos gzhi mang 
BO_TZ39_TI-034:23	mchod bstod nongs bshags brtan bzhugs bya //	2	mchod bstod nongs chags brtan bzhugs byed 
BO_TZ39_TI-034:24	gshegs gsol bsngo smon shis brjod rjes //	2	gshegs gsol sngo smon shis rjod rjes 
BO_TZ39_TI-034:25	zhes pa'i dang po sngon 'gro la bzhi'i dang po yo byad bsham pa ni /	2	zhes ba dang po sngon gro la bzhi dang po yo byad bsham ba ni 
BO_TZ39_TI-034:26	dur khrod dam sgrub pa'i khang pa mtshhan nyid tshhang zhing yid dang mthun pa'i gnas khang bla re lda ldi mda' dar phye phur rgyal mtshhan stag gzig gi pags pa go mtshhon rgyan phreng sogs kyis 'jigs par brgyan pa'i dbus su dam can chen po rnams kyi sku	2	dur khrod dam sgrub ba khang ba mtshhan nyid tshhang zhing yid dang mthun ba gnas khang bla re lda ldi mda dar byed phur rgyal mtshhan stag gzig gi pags ba go mtshhon rgyan phreng sogs kyis jigs ba rgyan ba dbus su dam can chen po rnams kyi sku 
BO_TZ39_TI-034:27	rten bris 'bur sogs bzhugs su gsol /	2	rten bri bur sogs bzhugs su gsol 
BO_TZ39_TI-034:28	de dag gi mdun du stegs bu sum rim la dngos sam bris pa'i g.yang gzhis bkab pa la /	2	de dag gi mdun du stegs bu sum rim la dngos sam bri ba g.yang gzhis gebs ba la 
BO_TZ39_TI-034:29	dang por thod pa la sogs pa'i snod bzang por gong gnon lha'i 'das gtor dang bka' srung lcam dral gyi gtor ma bcu tshhar bza' bca' btung ba ldag gzhib myang ba'i kha zas bzang dgu dang rin chen 'bru sman sogs kyis bskor /	2	dang por thod ba la sogs ba snod bzang por gong gnon lha da thor dang bka srung lcam dral gyi thor ma chu tshhar bza chos thung ba ldag jib myang ba kha zas bzang dgu dang rin chen bru sman sogs kyis skor 
BO_TZ39_TI-034:30	dar sna tshhogs pa'i gur phub kyis brgyan pa tshhar du dngar ba bsham /	3	dar sna tshhogs ba gur bubs kyis rgyan ba tshhar du dngar ba bsham 
BO_TZ39_TI-034:31	gnyis par skong gtor rnams dang spyi bye brag gi gter srung gzhi bdag gtor ma rnams rim par bshams pa'i g.yas su thod par myos byed bzang po bdud rtshi ril bus sbags pa'i sman phud /	3	gnyis ba skong thor rnams dang spyi bye brag gi gter srung gzhi bdag thor ma rnams rim ba bshams ba g.yas su thod ba myos byed bzang po bdud rtshi ril bud sbag ba sman bud 
BO_TZ39_TI-034:32	g.yon du khrag sna'i dwangs ma ga pur sogs kyis bzhur ba'i rak+ta /	3	g.yon du khrag sna dwangs ma ga pur sogs kyis jur ba rak+ta 
BO_TZ39_TI-034:33	gsum par mdun bskyed kyi g.yas nas brtsham ste chu gnyis nyer spyod lnga /	3	gsum ba mdun skyed kyi g.yas nas brtsham ste chu gnyis nyer spyod lnga 
BO_TZ39_TI-034:34	g.yon nas brtsham ste khrag gi ar+g+ham/	3	g.yon nas brtsham ste khrag gi 
BO_TZ39_TI-034:35	dug chu'i zhabs bsil /	3	dug chu zhabs bsil 
BO_TZ39_TI-034:36	dbang po lnga'i me tog	3	dbang po lnga me tog 
BO_TZ39_TI-034:37	/'dre 'jigs dang gsur chen gyi spos /	3	jigs dang gsur chen gyi spros 
BO_TZ39_TI-034:38	'bru mar dang tshhil zhun gyi mar me /	3	bru mar dang tshhil zhun gyi mar me 
BO_TZ39_TI-034:39	bdud rtshi dang mkhris pa'i dri chab /	3	bdud rtshi dang mkhris ba dri chab 
BO_TZ39_TI-034:40	sha khrag rus pa'i zhal zas /	4	sha khrag rus ba zhal zas 
BO_TZ39_TI-034:41	bshos bu dmar nag rnams bshams pa'i bar du thun mthar 'bul ba'i gtor ma bkod /	4	bshos bu dmar nag rnams bshams ba ba du thun mthar bul ba thor ma bkod 
BO_TZ39_TI-034:42	gzhan yang phyi nang gsang ba'i mchod rdzas dang mthun rdzas skong rdzas spyan gzigs la sogs pa bzang zhing bkod pas mdzes pa dang / rdo rje dril bu da ma ru sogs rol mo'i khyad par du ma dang / g.yab dar nang mchod tshhogs rdzas sogs dam tshhig gi yo byad thams cad mthong ba brgyud pa'i lag len bzhin tshhogs par bya'o //	4	gzhan yang phyi nang gsang ba mchod rdzas dang mthun rdzas skong rdzas spyan gzigs la sogs ba bzang zhing bkod ba mdzes ba dang rdo rje dril bu da ma ru sogs rol mo khyad ba du ma dang g.yab dar nang mchod tshhogs rdzas sogs dam tshhig gi yo byad thams cad mthong ba brgyud ba lag len bzhin tshhogs ba byed 
BO_TZ39_TI-034:43	gnyis pa bdag gi rnal 'byor ni /	4	gnyis ba bdag gi rnal byor ni 
BO_TZ39_TI-034:44	bka' brgyad dang phur pa la sogs pa lhag pa'i lha gang rung gi rnal 'byor so so'i gzhung bzhin byed /	4	bka brgyad dang phur ba la sogs ba lhag ba lha gang rung gi rnal byor so so gzhung bzhin byed 
BO_TZ39_TI-034:45	bsdus par spro na /	4	sdud ba spro na 
BO_TZ39_TI-034:46	skyabs sems dang tshhad med bzhi sgom pa sngon du 'gro bas /	4	skyob sems dang tshhad med bzhi sgom ba sngon du gro ba 
BO_TZ39_TI-034:47	a+o~m swa b+ha wa shud+d+hahsarba d+harmahswa b+ha wa shud+d+ho\u0f85 ham/	4	a+o~m swa b+ha wa shud+d+hahsarba d+harmahswa b+ha wa shud+d+ho\u0f85 
BO_TZ39_TI-034:48	'khor 'das kyi chos thams cad 'od gsal gyi rang mdangs rdo rje srung ba'i 'khor lo chen por dag pa'i dbus su /	4	khor da kyi chos thams cad d gsal gyi rang mdangs rdo rje srung ba khor lo chen por dag ba dbus su 
BO_TZ39_TI-034:49	pam las pad+ma dang ram las nyi ma'i dkyil 'khor gyi steng du hu~m las rdo rje hu~m gis mtshhan pa ye shes lnga'i 'od zer mchog tu 'bar ba yongs su gyur pa las /	4	pam las pad+ma dang ram las nyi ma dkyil khor gyi steng du hu~m las rdo rje hu~m gis mtshhan ba ye shes lnga d zer mchog tu bar ba yongs su gyur ba las 
BO_TZ39_TI-034:50	bdag nyid bcom ldan 'das che mchog he ru ka sku mdog mthing nag mthing dkar dmar ba'i zhal gsum phyag drug gi g.yas gsum rdo rje rtshe dgu rtshe lnga rtshe gsum pa dang / g.yon gsum thod pa khrag gis gang ba 'dzin pa /	5	bdag nyid joms ldan da che mchog he ru ka sku mdog mthing nag mthing dkar dmar ba zhal gsum phyag drug gi g.yas gsum rdo rje rtshe dgu rtshe lnga rtshe gsum ba dang g.yon gsum thod ba khrag gis gang ba dzin ba 
BO_TZ39_TI-034:51	dbyings phyug ma sngon mo kha t+wam dang thod pa 'dzin pa dang snyoms par 'jug pa /	5	dbyings phyug ma sngon mo kha t+wam dang thod ba dzin ba dang snyom ba jug ba 
BO_TZ39_TI-034:52	zhabs bzhi g.yon brkyang gis dregs pa pho mo'i gdan la gnas pa /	5	zhabs bzhi g.yon rkyong gis dregs ba pho mo gdan la gnas ba 
BO_TZ39_TI-034:53	dur khrod rol pa'i chas can /	5	dur khrod rol ba cha can 
BO_TZ39_TI-034:54	gar gyi nyams dgu dang ldan pa /	5	gar gyi nyams dgu dang ldan ba 
BO_TZ39_TI-034:55	de bzhin gshegs pa thams cad kyi bdag nyid du rnam par dag pa'i sku can bskal pa'i me dpung 'bar ba'i klong na bzhugs pa'o //	5	de bzhin gshegs ba thams cad kyi bdag nyid du rnam ba dag ba sku can bskal ba me dpung bar ba klong na bzhugs ba 
BO_TZ39_TI-034:56	de'i spyi bor a+o~m dkar po /	5	de spyi bor a+o~m dkar po 
BO_TZ39_TI-034:57	mgrin par ahdmar po /	5	mgrin ba ahdmar po 
BO_TZ39_TI-034:58	thugs kar hu~m mthing ga	5	thugs kar hu~m mthing ga 
BO_TZ39_TI-034:59	/hu~m las 'od zer 'phros pas rang bzhin gyi gnas nas bsgoms pa dang 'dra ba'i ye shes kyi 'khor lo bsam gyis mi khyab pa'i tshhogs badzra sa ma dzahsa spyan drang /	5	las d zer phro ba rang bzhin gyi gnas nas sgom ba dang dra ba ye shes kyi khor lo bsam gyis mi khyab ba tshhogs badzra sa ma dzahsa spyan dren 
BO_TZ39_TI-034:60	ar+g+ham la sogs pas mchod /	6	ar+g+ham la sogs ba mchod 
BO_TZ39_TI-034:61	dzahhu~m bam hohsa gnyis su med par bstim /	6	dzahhu~m bam hohsa gnyis su med ba stim 
BO_TZ39_TI-034:62	slar yang rang gi thugs ka'i hu~m gi 'od zer gyis dbang gi lha de bzhin gshegs pa rigs lnga 'khor bcas badzra sa ma dzahsa spyan drangs pa mchod de /	6	slar yang rang gi thugs ka hu~m gi d zer gyis dbang gi lha de bzhin gshegs ba rigs lnga khor cha badzra sa ma dzahsa spyan drangs ba mchod de 
BO_TZ39_TI-034:63	de bzhin gshegs pa thams cad kyis bdag la mngon par dbang bskur ba bstshal du gsol /	6	de bzhin gshegs ba thams cad kyis bdag la mngon ba dbang skur ba bstshal du gsol 
BO_TZ39_TI-034:64	zhes gsol ba btab pas /	6	zhes gsol ba debs ba 
BO_TZ39_TI-034:65	a+o~m sarba ta tha ga ta a b+hi she ka ta sa ma ya shri hu~m/	6	a+o~m sarba ta tha ga ta a b+hi she ka ta sa ma ya shri 
BO_TZ39_TI-034:66	zhes gsung zhing bum pa bzang po las byung ba'i bdud rtshi'i chus spyi bo nas dbang bskur /	6	zhes gsung zhing bum ba bzang po las byung ba bdud rtshi chus spyi bo nas dbang skur 
BO_TZ39_TI-034:67	sku gang dri ma dag	6	sku gang dri ma dag 
BO_TZ39_TI-034:68	/chu'i lhag ma yar lud pa las kun bzang yab yum gyis dbu brgyan par bsam zhing /	6	lhag ma yar lud ba las kun bzang yab yum gyis dbu rgyan ba bsam zhing 
BO_TZ39_TI-034:69	sangs rgyas thams cad kyi sku gsung thugs mi zad pa rgyan gyi 'khor lo'i bdag nyid du snyems pa mchog tu brtan pos /	6	sangs rgya thams cad kyi sku gsung thugs mi zad ba rgyan gyi khor lo bdag nyid du snyems ba mchog tu brtan pos 
BO_TZ39_TI-034:70	rang gi thugs kar nyi ma la gnas pa'i rdo rje sngon po rtshe lnga pa'i lte bar hu~m yig gi mthar sngags phreng bai dur+ya'i phreng ba lta bus g.yas su 'khor bar bltas la spro bsdu'i dmigs pa dang sbyar te /	7	rang gi thugs kar nyi ma la gnas ba rdo rje sngon po rtshe lnga ba lte ba hu~m yig gi mthar sngags phreng bai dur+ya phreng ba lta bud g.yas su khor ba lta la spro sdud dmigs ba dang sbyor te 
BO_TZ39_TI-034:71	a+o~m badzra kro d+ha ma ha shri he ru ka hu~m phat/	7	a+o~m badzra kro d+ha ma ha shri he ru ka hu~m 
BO_TZ39_TI-034:72	ma ha kro d+hi shwa ri satwam/	7	ma ha kro d+hi shwa ri 
BO_TZ39_TI-034:73	zhes pa ci nus bzlas la nyer bsdu byas te thun mtshhams kyi he ru ka'i skur ldang ngo //	7	zhes ba ci nus bzlas la nyer sdud byed te thun mtshhams kyi he ru ka skur ldang ngo 
BO_TZ39_TI-034:74	gsum pa mchod rdzas byin gyis rlob pa ni /	7	gsum ba mchod rdzas byin gyis rlob ba ni 
BO_TZ39_TI-034:75	a+o~m badzra a mr-ita kun+da li ha na ha na hu~m phat kyis bsang /	7	a+o~m badzra a mr-ita kun+da li ha na ha na hu~m phat kyis bsang 
BO_TZ39_TI-034:76	a+o~m swa b+ha wa shud+d+hahsarba d+harmahswa b+ha wa shud+d+ho\u0f85 ham/	7	a+o~m swa b+ha wa shud+d+hahsarba d+harmahswa b+ha wa shud+d+ho\u0f85 
BO_TZ39_TI-034:77	zhes pas sbyang /	7	zhes ba sbyong 
BO_TZ39_TI-034:78	stong pa'i ngang las gnas khang thar pa chen po'i gzhal med phun sum tshhogs par a las b+hany+dza 'bar ba'i snod bzang zhing rgya che ba rnams su hu~m yig las byung ba'i mchod yon /	7	stong ba ngang las gnas khang thar ba chen po jal med phun sum tshhogs ba a las b+hany+dza bar ba snod bzang zhing rgya che ba rnams su hu~m yig las byung ba mchod yon 
BO_TZ39_TI-034:79	zhabs bsil / me tog	7	zhabs bsil me tog 
BO_TZ39_TI-034:80	/bdug spos / mar me /	8	spros mar me 
BO_TZ39_TI-034:81	dri chab / zhal zas /	8	dri chab zhal zas 
BO_TZ39_TI-034:82	rol mo la sogs pa mchod pa'i dngos po rnams 'dod yon gyi rnam pa ma tshhang ba med pa /	8	rol mo la sogs ba mchod ba dngos po rnams dod yon gyi rnam ba ma tshhang ba med ba 
BO_TZ39_TI-034:83	'phags pa kun tu bzang po'i mchod pa'i sprin gyi phung po lta bus nam mkha'i mtha' klas par gang bar gyur /	8	phag ba kun tu bzang po mchod ba sprin gyi phung po lta bud nam mkha mtha klas ba gang ba gyur 
BO_TZ39_TI-034:84	a+o~m badzra ar+g+ham ahhu~m nas shab+da'i bar gyis byin gyis brlab /	8	a+o~m badzra ar+g+ham ahhu~m nas shab+da ba gyis byin gyis brlab 
BO_TZ39_TI-034:85	bdud rtshi ram yam kham gis bsang sbyang /	8	bdud rtshi ram yam kham gis bsang sbyong 
BO_TZ39_TI-034:86	stong pa'i ngang las yam las rlung /	8	stong ba ngang las yam las rlung 
BO_TZ39_TI-034:87	ram las me /	8	ram las me 
BO_TZ39_TI-034:88	kam las mi mgo'i sgyed pu gsum la brten pa'i a yig las byung ba'i thod pa'i snod du bcud thams cad hu~m a+o~m swa amhha mum lam mam pam tam las bdud rtshi lnga dang sgron ma lngar gyur pa /	8	kam las mi mgo sgyed pu gsum la rten ba a yig las byung ba thod ba snod du bcud thams cad hu~m a+o~m swa amhha mum lam mam pam tam las bdud rtshi lnga dang sgron ma lngar gyur ba 
BO_TZ39_TI-034:89	so so'i sa bon gyis mtshhan pa dang bcas pa'i 'og gi rlung g.yos me sbar rdzas thams cad zhu zhing 'dres pa'i steng gi nam mkha' la a+o~m ahhu~m gi yi ge gsum gnas pa las 'phros pa'i 'od zer gyis /	8	so so sa bon gyis mtshhan ba dang cha ba g gi rlung g.yos me sbor rdzas thams cad ju zhing dre ba steng gi nam mkha la a+o~m ahhu~m gi yi ge gsum gnas ba las phro ba d zer gyis 
BO_TZ39_TI-034:90	de bzhin gshegs pa thams cad kyi thugs ka nas ye shes kyi bdud rtshi bkug	9	de bzhin gshegs ba thams cad kyi thugs ka nas ye shes kyi bdud rtshi gugs 
BO_TZ39_TI-034:91	/yi ge gsum la thim ste rim par zhu ba las dam tshhig gi rdzas dang ro gcig tu gyur /	9	ge gsum la thim ste rim ba ju ba las dam tshhig gi rdzas dang ro gcig tu gyur 
BO_TZ39_TI-034:92	a+o~m ahhu~m sarba pany+tsha a mr-ita hu~m hrihtha /	9	a+o~m ahhu~m sarba pany+tsha a mr-ita hu~m hrihtha 
BO_TZ39_TI-034:93	lan gsum / rak+ta ram yam kham gis bsang sbyang /	9	lan gsum rak+ta ram yam kham gis bsang sbyong 
BO_TZ39_TI-034:94	stong pa'i ngang las a las byung ba'i pad+ma 'bar ba'i snod du ra las chags med rak+ta'i rgya mtshho rba rlabs mkha' la 'phyo zhing 'khrugs pa zegs ma las 'dod yon gyi lha mo 'phro bar gyur /	9	stong ba ngang las a las byung ba pad+ma bar ba snod du ra las chags med rak+ta rgya mtshho rba rlabs mkha la phyo zhing khrugs ba zegs ma las dod yon gyi lha mo phro ba gyur 
BO_TZ39_TI-034:95	a+o~m ahhu~m ma ha rak+ta dz+wa la man+da la hu~m hrihtha /	9	a+o~m ahhu~m ma ha rak+ta dz+wa la man+da la hu~m hrihtha 
BO_TZ39_TI-034:96	lan gsum / gtor ma ram yam kham gis bsang sbyang /	9	lan gsum thor ma ram yam kham gis bsang sbyong 
BO_TZ39_TI-034:97	stong pa'i ngang las rlung me thod pa'i sgyed pu gsum la gnas pa'i ye shes kyi ka pa la stong gsum dang mnyam pa'i nang du /	9	stong ba ngang las rlung me thod ba sgyed pu gsum la gnas ba ye shes kyi ka ba la stong gsum dang mnyam ba nang du 
BO_TZ39_TI-034:98	sha lnga bdud rtshi lnga gtsho bor gyur pa'i bza' bca' btung ba bldag gzhib 'dod yon lnga'i phung po zad mi shes par gyur /	9	sha lnga bdud rtshi lnga gtsho bor gyur ba bza chos thung ba ldag jib dod yon lnga phung po zad mi shes ba gyur 
BO_TZ39_TI-034:99	a+o~m ahhu~m ma ha ba lim ta te dzo ba lim ta ba la ba te gu h+ya sa ma ya hu~m hrihtha /	9	a+o~m ahhu~m ma ha ba lim ta te dzo ba lim ta ba la ba te gu h+ya sa ma ya hu~m hrihtha 
BO_TZ39_TI-034:100	lan gsum gyis byin gyis brlab /	10	lan gsum gyis byin gyis brlab 
BO_TZ39_TI-034:101	bzhi pa bla ma yi dam spyi'i gtor 'bul ni /	10	bzhi ba bla ma yi dam spyi thor bul ni 
BO_TZ39_TI-034:102	rang gi thugs ka'i sa bon las byung ba'i 'od zer gyis phyogs bcur bzhugs pa'i bla ma rig 'dzin rgyal ba rgya mtshho'i dkyil 'khor gyi lha tshhogs thams cad mkha' khyab kyi 'khor lor sad par bsam zhing /	10	rang gi thugs ka sa bon las byung ba d zer gyis phyogs jur bzhugs ba bla ma rig dzin rgyal ba rgya mtshho dkyil khor gyi lha tshhogs thams cad mkha khyab kyi khor lor sad ba bsam zhing 
BO_TZ39_TI-034:103	hu~m/ dmigs med mkha' ltar khyab cing dag pa'i sku	10	dmigs med mkha ltar khyab cing dag ba sku 
BO_TZ39_TI-034:104	/spyan 'dren gshegs su gsol bar mi dmigs kyang //	10	bgrang gshegs su gsol ba mi dmigs kyang 
BO_TZ39_TI-034:105	thugs rje'i ngang nyid chos skur dag pa las //	10	thugs rje ngang nyid chos skur dag ba las 
BO_TZ39_TI-034:106	ye shes sgyu mar rol cing gshegs su gsol //	10	ye shes sgyu mar rol cing gshegs su gsol 
BO_TZ39_TI-034:107	a+o~m e h+ye hi b+ha ga ban ma ha ka ru ni ka dr-i sh+ya hoh	10	a+o~m e h+ye hi b+ha ga ban ma ha ka ru ni ka dr-i sh+ya hoh 
BO_TZ39_TI-034:108	sa ma ya hoh	10	sa ma ya hoh 
BO_TZ39_TI-034:109	sa ma ya satwam:	10	sa ma ya satwam: 
BO_TZ39_TI-034:110	dzahhu~m bam hoh zhes pas spyan drangs la mchod pa ni /	11	dzahhu~m bam hoh zhes ba spyan drangs la mchod ba ni 
BO_TZ39_TI-034:111	hu~m/ bla med mchog gi mchod pa dam pa ni //	11	bla med mchog gi mchod ba dam ba ni 
BO_TZ39_TI-034:112	ye shes lnga yi 'od zer rnam par 'phro //	11	ye shes lnga yi d zer rnam ba phro 
BO_TZ39_TI-034:113	'dod pa'i yon tan lnga yis rab brgyan te //	11	dod ba yon tan lnga yis rab rgyan te 
BO_TZ39_TI-034:114	dam tshhig bzhin las ci bder bzhes su gsol //	11	dam tshhig bzhin las ci bder bzhes su gsol 
BO_TZ39_TI-034:115	a+o~m ahhu~m gu ru man+da la de ba ga na sa pa ri wa ra b+h+yah	11	a+o~m ahhu~m gu ru man+da la de ba ga na sa ba ri wa ra b+h+yah 
BO_TZ39_TI-034:116	badzra ar+g+ham pra titsh+tshha swa ha nas /	11	badzra ar+g+ham pra titsh+tshha swa ha nas 
BO_TZ39_TI-034:117	shab+da'i bar gyis phyi mchod dang / badzra pany+tsha a mr-ita kha ram kha hi /	11	shab+da ba gyis phyi mchod dang badzra pany+tsha a mr-ita kha ram kha hi 
BO_TZ39_TI-034:118	ma ha rak+ta kha ram kha hi /	11	ma ha rak+ta kha ram kha hi 
BO_TZ39_TI-034:119	zhes sman raka stob /	11	zhes sman raka stob 
BO_TZ39_TI-034:120	rdo rje'i thal mo kha gyen du phyes la lha rnams kyi ljags hu~m las byung ba'i rdo rje sbu gu can gyi 'od zer gyis gtor ma'i bcud drangs te gsol bar bsam zhing /	12	rdo rje thal mo kha gyen du phyes la lha rnams kyi ljags hu~m las byung ba rdo rje sbu gu can gyi d zer gyis thor ma bcud drangs te gsol ba bsam zhing 
BO_TZ39_TI-034:121	gong gi sngags mthar sa pa ri wa ra i dam ba lim ta gr-ih+nan+tu ma ma sarba sid+d+hi m+me pra yatsh+tshhah	12	gong gi sngags mthar sa ba ri wa ra i dam ba lim ta gr-ih+nan+tu ma ma sarba sid+d+hi m+me pra yatsh+tshhah 
BO_TZ39_TI-034:122	zhes lan gsum gyis gtor ma 'bul /	12	zhes lan gsum gyis thor ma bul 
BO_TZ39_TI-034:123	bstod pa ni /	12	bstod ba ni 
BO_TZ39_TI-034:124	gang gi drin gyis bde chen nyid //	12	gang gi drin gyis bde chen nyid 
BO_TZ39_TI-034:125	skad cig nyid la 'char ba gang //	12	skad cig nyid la char ba gang 
BO_TZ39_TI-034:126	bla ma rin chen lta bu'i sku	12	bla ma rin chen lta bu sku 
BO_TZ39_TI-034:127	/rdo rje can zhabs pad la 'dud //	12	rje can zhabs pad la dud 
BO_TZ39_TI-034:128	bcom ldan khro bo'i rgyal po ni //	12	joms ldan khro bo rgyal po ni 
BO_TZ39_TI-034:129	sangs rgyas kun gyi 'khor los bsgyur //	12	sangs rgya kun gyi khor los sgyur 
BO_TZ39_TI-034:130	gdul dka' ma lus 'dul ba po /	13	gdul dka ma lus dul ba po 
BO_TZ39_TI-034:131	khro bo'i rgyal la phyag 'tshhal lo //	13	khro bo rgyal la phyag tshhal lo 
BO_TZ39_TI-034:132	hu~m/ mthing nag mi bzad srin po'i gzugs //	13	mthing nag mi bzad srin po gzugs 
BO_TZ39_TI-034:133	gar dgu'i nyams ldan rngam zhing khro //	13	gar dgu nyams ldan rngam zhing khro 
BO_TZ39_TI-034:134	gtum chen nyi ma 'bum gyi gzi //	13	thum chen nyi ma bum gyi gzi 
BO_TZ39_TI-034:135	rdo rje'i sku la phyag 'tshhal bstod //	13	rdo rje sku la phyag tshhal bstod 
BO_TZ39_TI-034:136	rab 'jigs ha ha hu~m phat kyi //	13	rab jigs ha ha hu~m phat kyi 
BO_TZ39_TI-034:137	rngam pa'i nga ro 'brug stong ldir //	13	rngam ba nga ro brug stong ldir 
BO_TZ39_TI-034:138	rdo rje'i gad mos sa gsum g.yo /	13	rdo rje gad mos sa gsum g.yo 
BO_TZ39_TI-034:139	khro rgyal gsung la phyag 'tshhal bstod //	13	khro rgyal gsung la phyag tshhal bstod 
BO_TZ39_TI-034:140	mi dmigs khyab brdal zab gsal ba //	14	mi dmigs khyab rdal zab gsal ba 
BO_TZ39_TI-034:141	spros pa kun bral ye shes che //	14	spros ba kun bral ye shes che 
BO_TZ39_TI-034:142	smra bsam brjod med rdo rje'i thugs /	14	smra bsam rjod med rdo rje thugs 
BO_TZ39_TI-034:143	khro rgyal thugs la phyag 'tshhal bstod //	14	khro rgyal thugs la phyag tshhal bstod 
BO_TZ39_TI-034:144	phyag byar 'os pa thams cad la //	14	phyag byar s ba thams cad la 
BO_TZ39_TI-034:145	zhing rdul kun gyi grangs snyed kyis //	14	zhing rdul kun gyi grangs snyed kyis 
BO_TZ39_TI-034:146	lus btud pa yis rnam kun tu //	14	lus dud ba yis rnam kun tu 
BO_TZ39_TI-034:147	mchog tu dad pas phyag 'tshhal lo //	14	mchog tu dad ba phyag tshhal lo 
BO_TZ39_TI-034:148	zhes bstod cing /	14	zhes bstod cing 
BO_TZ39_TI-034:149	mchod sbyin gtor ma 'di bzhes la //	14	mchod sbyin thor ma di bzhes la 
BO_TZ39_TI-034:150	rnal 'byor bdag cag 'khor bcas la //	15	rnal byor bdag cag khor cha la 
BO_TZ39_TI-034:151	nad med tshhe dang dbang phyug dang // dpal dang grags dang skal pa bzang //	15	nad med tshhe dang dbang phyug dang dpal dang grags dang skal ba bzang 
BO_TZ39_TI-034:152	longs spyod rgya chen kun thob cing //	15	longs spyod rgya chen kun thob cing 
BO_TZ39_TI-034:153	zhi dang rgyas la sogs pa yi //	15	zhi dang rgya la sogs ba yi 
BO_TZ39_TI-034:154	las kyi dngos grub bdag la stshol //	15	las kyi dngos grub bdag la stshol 
BO_TZ39_TI-034:155	dam tshhig can gyis bdag la srungs //	15	dam tshhig can gyis bdag la srungs 
BO_TZ39_TI-034:156	dngos grub kun gyi sdongs grogs mdzod //	15	dngos grub kun gyi sdongs grogs mdzod 
BO_TZ39_TI-034:157	dus min 'chi dang nad rnams dang // gdon dang bgegs rnams med par mdzod //	15	dus min chi dang nad rnams dang don dang bgegs rnams med ba mdzod 
BO_TZ39_TI-034:158	rmi lam ngan dang mtshhan ma ngan //	15	rmi lam ngan dang mtshhan ma ngan 
BO_TZ39_TI-034:159	bya byed ngan pa med par mdzod //	15	byed byed ngan ba med ba mdzod 
BO_TZ39_TI-034:160	'jig rten bde zhing lo legs dang // 'bru rnams 'phel zhing phyugs 'phel ba //	16	jig rten bde zhing lo legs dang bru rnams phel zhing phyugs phel ba 
BO_TZ39_TI-034:161	dge legs thams cad 'byung ba'i gnas //	16	dge legs thams cad byung ba gnas 
BO_TZ39_TI-034:162	yid la 'dod pa kun 'grub mdzod //	16	yid la dod ba kun grub mdzod 
BO_TZ39_TI-034:163	ces pas 'dod don gsol /	16	ces ba dod don gsol 
BO_TZ39_TI-034:164	gnyis pa dngos gzhi la dgu yi dang po dam can so so'i las rim las /	16	gnyis ba dngos gzhi la dgu yi dang po dam can so so las rim las 
BO_TZ39_TI-034:165	dpal mgon legs ldan tshhogs kyi bdag po'i phrin las ni /	16	dpal mgon legs ldan tshhogs kyi bdag po phrin las ni 
BO_TZ39_TI-034:166	a+o~m badzra a mr-ita kun+da li ha na ha na hu~m phat  kyis bsang /	16	a+o~m badzra a mr-ita kun+da li ha na ha na hu~m phat kyis bsang 
BO_TZ39_TI-034:167	a+o~m swa b+ha wa shud+d+hahsarba d+harmahswa b+ha wa shud+d+ho\u0f85 ham gis sbyang /	16	a+o~m swa b+ha wa shud+d+hahsarba d+harmahswa b+ha wa shud+d+ho\u0f85 ham gis sbyong 
BO_TZ39_TI-034:168	stong pa'i ngang las mdun gyi nam mkhar khrag zhag 'khrug pa'i klong /	16	stong ba ngang las mdun gyi nam mkhar khrag zhag khrug ba klong 
BO_TZ39_TI-034:169	ma la ya gnam lcags 'bar ba'i do /	16	ma la ya gnam lcags bar ba do 
BO_TZ39_TI-034:170	rab tu 'jigs shing skyi g.ya' ba'i gnas su dur khrod rol pa'i gzhal yas khang chen po'i lte bar pad+ma dang nyi ma'i steng du mi ro dang rta ro la gnas pa'i hu~m las gri gug hu~m gis mtshhan pa yongs su gyur pa las /	17	rab tu jigs shing skyi g.ya ba gnas su dur khrod rol ba jal yas khang chen po lte ba pad+ma dang nyi ma steng du mi ro dang rta ro la gnas ba hu~m las gri gug hu~m gis mtshhan ba yongs su gyur ba las 
BO_TZ39_TI-034:171	dpal ye shes kyi mgon po legs ldan nag po chen po rdo rje srin po'i gzugs can sku mdog mthing nag thung zhing sbom la yan lag rags pa nyi ma 'bum gyi gzi brjid can /	17	dpal ye shes kyi mgon po legs ldan nag po chen po rdo rje srin po gzugs can sku mdog mthing nag thung zhing sbom la yan lag rags ba nyi ma bum gyi gzi brjid can 
BO_TZ39_TI-034:172	zhal gcig phyag gnyis spyan gsum pa /	17	zhal gcig phyag gnyis spyan gsum ba 
BO_TZ39_TI-034:173	zhal gdangs shing mche ba gtshigs pa'i gra nas khrag 'dzag pa /	17	zhal gdang shing mche ba gtshigs ba gra nas khrag dzag ba 
BO_TZ39_TI-034:174	ljags 'dril zhing drag po'i rkan sgra rdeb pa /	17	ljags dril zhing drag po rkan sgra rdeb ba 
BO_TZ39_TI-034:175	khro gnyer bsdus pa'i shangs nas 'thor byed kyi rlung sgra 'byin pa /	17	khro gnyer sdud ba shangs nas thor byed kyi rlung sgra byin ba 
BO_TZ39_TI-034:176	dmar la zlum pa'i spyan gsum sdang mig tu ldog pa /	17	dmar la zlum ba spyan gsum sdang mig tu ldog ba 
BO_TZ39_TI-034:177	dbu skra dang sma ra smin ma kham nag gyen du 'bar ba las skar chen gyi 'od 'phro ba /	17	dbu skra dang sma ra smin ma kham nag gyen du bar ba las skar chen gyi d phro ba 
BO_TZ39_TI-034:178	phyag g.yas 'bar ba'i gri gug dang g.yon gdug pa can gyi khrag gis gang ba'i thod pa thugs kar steng 'og tu 'dzin pa /	17	phyag g.yas bar ba gri gug dang g.yon gdug ba can gyi khrag gis gang ba thod ba thugs kar steng g tu dzin ba 
BO_TZ39_TI-034:179	mchan g.yas su tshan+dan gyi beng chen gzer ba'i beng stod nas lha dmag 'bum dang / beng smad nas bdud dmag nyis khri chig stong 'gyed pa /	17	mchan g.yas su tshan+dan gyi beng chen gzer ba beng stod nas lha dmag bum dang beng smad nas bdud dmag nyis khri chig stong gyed ba 
BO_TZ39_TI-034:180	sku la dar nag gi 'jol ber brtshegs mar gsol zhing /	18	sku la dar nag gi jol ber brtshegs mar gsol zhing 
BO_TZ39_TI-034:181	gser sked nor bu'i mig tshhangs can bcings pa /	18	gser sked nor bu mig tshhangs can ching ba 
BO_TZ39_TI-034:182	thod pa skam po rigs lnga'i rtshe bran can gyi dbu rgyan dang / rlon pa khrag 'dzag pa lnga bcu dang rdo rje'i do shal 'phyang ba /	18	thod ba skam po rigs lnga rtshe bran can gyi dbu rgyan dang rlon ba khrag dzag ba lnga chu dang rdo rje do shal phyang ba 
BO_TZ39_TI-034:183	yan lag sbrul gyis dkris shing mi lpags kyi stod g.yogs sogs dur khrod 'jigs pa'i chas can /	18	yan lag sbrul gyis dkri shing mi lpags kyi stod g.yogs sogs dur khrod jigs ba cha can 
BO_TZ39_TI-034:184	sag ti'i lham yu ring gsol nas g.yon brkyang ba'i stabs kyis 'gying zhing brjid pas dgra bgegs rnams brdzis pa /	18	sag ti lham yu ring gsol nas g.yon rkyong ba stabs kyis gying zhing brjid ba dgra bgegs rnams brdzis ba 
BO_TZ39_TI-034:185	gtum zhing mi bsrun pa'i nyams can /	18	thum zhing mi bsrun ba nyams can 
BO_TZ39_TI-034:186	spyi bor bya khyung nag po 'phur zhing lding ba /	18	spyi bor byed khyung nag po phur zhing lding ba 
BO_TZ39_TI-034:187	sta zur gnyis na seng ge ral pa sprug pa /	18	sta zur gnyis na seng ge ral ba sprug ba 
BO_TZ39_TI-034:188	rtshib logs la 'phar dred 'khyug pa /	18	rtshib logs la phar dred khyug ba 
BO_TZ39_TI-034:189	zhabs las stag 'phro ba /	18	zhabs las stag phro ba 
BO_TZ39_TI-034:190	ye shes kyi me dpung 'bar ba'i klong na khams gsum dbang du sdud cing srid gsum zil gyis gnon pa'i bdag nyid can du bzhugs pa'o //	19	ye shes kyi me dpung bar ba klong na khams gsum dbang du sdud cing srid gsum zil gyis gnon ba bdag nyid can du bzhugs ba 
BO_TZ39_TI-034:191	de'i g.yon du nyi ma dang ro'i gdan la yum kro d+hi shwa ri ma sku mdog sngon mo zhal gcig phyag gnyis spyan gsum pa /	19	de g.yon du nyi ma dang ro gdan la yum kro d+hi shwa ri ma sku mdog sngon mo zhal gcig phyag gnyis spyan gsum ba 
BO_TZ39_TI-034:192	ral pa thur du gtibs pa'i gseb nas me stag 'phro ba /	19	ral ba thur du gtibs ba gseb nas me stag phro ba 
BO_TZ39_TI-034:193	zhing gi pags pas stod g.yogs shing nyi zla gza' skar dang 'ja' 'od 'khrug pa /	19	zhing gi pags ba stod g.yogs shing nyi zla gza skar dang ja d khrug ba 
BO_TZ39_TI-034:194	stag lpags dang re lde'i smad dkris can /	19	stag lpags dang re lde smad dkri can 
BO_TZ39_TI-034:195	sbrul nag gi 'phyang 'phrul dang chu srin gyi thod pas brgyan pa /	19	sbrul nag gi phyang phrul dang chu srin gyi thod ba rgyan ba 
BO_TZ39_TI-034:196	g.yas sbrul zhags dang g.yon thod skyogs rus bcud rkang klad dang 'bru mar khrag chang gis gang ba rol zhing stob pa /	19	g.yas sbrul zhags dang g.yon thod skyogs rus bcud rkang klad dang bru mar khrag chang gis gang ba rol zhing stob ba 
BO_TZ39_TI-034:197	g.yas su las kyi mgon po mdog nag cing mi sdug pa'i gzugs can skra kham pa gyen du brdzes pa /	19	g.yas su las kyi mgon po mdog nag cing mi sdug ba gzugs can skra kham ba gyen du brdzes ba 
BO_TZ39_TI-034:198	g.yas gri gug dang g.yon thod khrag thogs pa /	19	g.yas gri gug dang g.yon thod khrag thogs ba 
BO_TZ39_TI-034:199	g.yon brkyang gis ro'i gdan la bka' nod pa'i tshhul gyis gnas pa'o //	19	g.yon rkyong gis ro gdan la bka nod ba tshhul gyis gnas ba 
BO_TZ39_TI-034:200	de dag gi shar du hu~m las khro chen badzra king+ka ra sku mdog mthing nag rngam zhing khros pa'i nyams can /	20	de dag gi char du hu~m las khro chen badzra king+ka ra sku mdog mthing nag rngam zhing khro ba nyams can 
BO_TZ39_TI-034:201	zhal gcig phyag gnyis pa g.yas mtshhon cha'i 'khor lo bskor zhing dmigs pa'i mgo lus 'bral ba /	20	zhal gcig phyag gnyis ba g.yas mtshhon cha khor lo skor zhing dmigs ba mgo lus bral ba 
BO_TZ39_TI-034:202	g.yon thod pa dgra bo'i snying khrag gis gang ba zhal du gsol ba /	20	g.yon thod ba dgra bo snying khrag gis gang ba zhal du gsol ba 
BO_TZ39_TI-034:203	mi lpags kyi stod g.yogs dang stag lpags kyi smad dkris can sbrul dang thod pas brgyan pa /	20	mi lpags kyi stod g.yogs dang stag lpags kyi smad dkri can sbrul dang thod ba rgyan ba 
BO_TZ39_TI-034:204	gri thogs ging chen bcu gnyis sogs las byed dregs pa'i tshhogs kyis bskor ba /	20	gri thogs ging chen chu gnyis sogs las byed dregs ba tshhogs kyis skor ba 
BO_TZ39_TI-034:205	lhor ya las gnod sbyin zangs mdog dmar nag kha gdangs shing skan sgra rdeb pa /	20	lhor ya las gnod sbyin zangs mdog dmar nag kha gdang shing skan sgra rdeb ba 
BO_TZ39_TI-034:206	sdang mig gis dgra dpung sreg cing ral pa dmar po sprin ltar gtibs pa /	20	sdang mig gis dgra dpung sreg cing ral ba dmar po sprin ltar gtibs ba 
BO_TZ39_TI-034:207	g.yas gser gyi spu gri 'phyar zhing g.yon bse mdung 'dzin pa /	20	g.yas gser gyi spu gri phyor zhing g.yon bse mdung dzin ba 
BO_TZ39_TI-034:208	yum bse gdong zangs mgrin can dmar nag 'ja' tshhon gyi gos can byad thag dang nad rkyal thogs pa /	20	yum bse gdong zangs mgrin can dmar nag ja tshhon gyi gos can byad thag dang nad rkyal thogs ba 
BO_TZ39_TI-034:209	bse'i gyad chen bzhi /	20	bse gyad chen bzhi 
BO_TZ39_TI-034:210	bse mo bzhi /	21	bse mo bzhi 
BO_TZ39_TI-034:211	mi dmar bshan pa bzhi bcu rtsha gnyis sogs las byed dregs pa'i tshhogs kyis bskor ba /	21	mi dmar bshan ba bzhi chu rtsha gnyis sogs las byed dregs ba tshhogs kyis skor ba 
BO_TZ39_TI-034:212	nub tu dza las gza' bdud chen po ra hu la sku mdog dud kha srin po'i gzugs can mgo bo dgu pa lus kun mig gis gang zhing gtum rngams 'khrugs pa'i nyams can /	21	nub tu dza las gza bdud chen po ra hu la sku mdog dud kha srin po gzugs can mgo bo dgu ba lus kun mig gis gang zhing thum rngams khrugs ba nyams can 
BO_TZ39_TI-034:213	g.yas gri gug 'phyar ba'i rtshe las skyin thang gi 'khor lo bskor zhing /	21	g.yas gri gug phyor ba rtshe las skyin thang gi khor lo skor zhing 
BO_TZ39_TI-034:214	g.yon thod khrag rngub cing chu srin gyi zhags pa 'phen pa /	21	g.yon thod khrag rngub cing chu srin gyi zhags ba phen ba 
BO_TZ39_TI-034:215	sku smad sbrul du 'khyil zhing /	21	sku smad sbrul du khyil zhing 
BO_TZ39_TI-034:216	zhing gi g.yang gzhi dang thod sbrul gyi phreng ba sogs 'jigs pa'i chas kyis brgyan pa /	21	zhing gi g.yang gzhi dang thod sbrul gyi phreng ba sogs jigs ba cha kyis rgyan ba 
BO_TZ39_TI-034:217	srid mo gdong mo bzhi /	21	srid mo gdong mo bzhi 
BO_TZ39_TI-034:218	gza' chen brgyad /	21	gza chen brgyad 
BO_TZ39_TI-034:219	rgyu skar nyi shu rtsha brgyad sogs srid gsum dregs pa'i tshhogs kyis bskor ba /	21	rgyu skar nyi shu rtsha brgyad sogs srid gsum dregs ba tshhogs kyis skor ba 
BO_TZ39_TI-034:220	byang du ma las 'dod khams bdag mo re ma ti nag mo skem zhing rid la gtum pa'i nyams can /	22	byang du ma las dod khams bdag mo re ma ti nag mo skem zhing rid la thum ba nyams can 
BO_TZ39_TI-034:221	zhal gdangs shing mche ba gtshigs pa'i bar du mi ro rangs po gsol ba /	22	zhal gdang shing mche ba gtshigs ba ba du mi ro rangs po gsol ba 
BO_TZ39_TI-034:222	drag po'i skan sgra rdeb cing shangs nas nad kyi na bun 'thul ba /	22	drag po skan sgra rdeb cing shangs nas nad kyi na bun thul ba 
BO_TZ39_TI-034:223	lte ba nas nyi ma 'char zhing spyi bor zla ba tshhes pa /	22	lte ba nas nyi ma char zhing spyi bor zla ba tshhes ba 
BO_TZ39_TI-034:224	thod skam gyi dbu rgyan dang thod rlon gyi do shal can /	22	thod skam gyi dbu rgyan dang thod rlon gyi do shal can 
BO_TZ39_TI-034:225	snyan g.yas seng ge dang g.yon pa sbrul dang dril bus brgyan pa /	22	snyan g.yas seng ge dang g.yon ba sbrul dang dril bud rgyan ba 
BO_TZ39_TI-034:226	g.yas khram shing 'phyar zhing g.yon nad rkyal dgra la 'gyed pa /	22	g.yas khram shing phyor zhing g.yon nad rkyal dgra la gyed ba 
BO_TZ39_TI-034:227	mi lpags kyi stod g.yogs dang re lde'i smad dkris sbrul gyi ska rags can /	22	mi lpags kyi stod g.yogs dang re lde smad dkri sbrul gyi ska rags can 
BO_TZ39_TI-034:228	drel rta rkang gsum srin po'i thod pa'i sga dang sbrul gyi gong smed can la bcibs nas rak+ta'i rgya mtshhor rol pa /	22	drel rta rkang gsum srin po thod ba sga dang sbrul gyi gong smed can la chib nas rak+ta rgya mtshhor rol ba 
BO_TZ39_TI-034:229	nad kyi rkyal pa tshhon gyi gru gu sho rde'u dkar nag bdud kyi khram shing ste sprul pa'i mtshhon cha lnga 'chang ba nag mo 'bum sde'i 'khor dang bcas te rlung nag 'tshhubs ma'i dbus na bzhugs pa /	22	nad kyi rkyal ba tshhon gyi gru gu sho rdeu dkar nag bdud kyi khram shing ste sprul ba mtshhon cha lnga chang ba nag mo bum sde khor dang cha te rlung nag tshhubs ma dbus na bzhugs ba 
BO_TZ39_TI-034:230	de dag gi phyi rol du sprul pa dang yang sprul pho nya las byed sde brgyad dregs pa'i dmag tshhogs bsam gyis mi khyab pas bskor ba /	23	de dag gi phyi rol du sprul ba dang yang sprul pho nya las byed sde brgyad dregs ba dmag tshhogs bsam gyis mi khyab ba skor ba 
BO_TZ39_TI-034:231	thams cad kyang phrin las 'dod dgur sgyur zhing sgrub pa po'i re ba skong bas nam mkha' bar snang sa gzhi thams cad yongs su gang bar gyur /	23	thams cad kyang phrin las dod dgur sgyur zhing sgrub ba po re ba skong ba nam mkha ba snang sa gzhi thams cad yongs su gang ba gyur 
BO_TZ39_TI-034:232	gtsho 'khor thams cad kyi dpral bar a+o~m dkar po /	23	gtsho khor thams cad kyi dpral ba a+o~m dkar po 
BO_TZ39_TI-034:233	mgrin par ahdmar po /	23	mgrin ba ahdmar po 
BO_TZ39_TI-034:234	thugs kar hu~m sngon po /	23	thugs kar hu~m sngon po 
BO_TZ39_TI-034:235	hu~m las 'od zer lcags kyu lta bu 'phros pas rang bzhin lhun gyis grub pa'i gnas mchog 'og min chos kyi dbyings kyi pho brang /	23	hu~m las d zer lcags kyu lta bu phro ba rang bzhin lhun gyis grub ba gnas mchog g min chos kyi dbyings kyi pho brang 
BO_TZ39_TI-034:236	ma la ya gnam lcags 'bar ba'i ri bo /	23	ma la ya gnam lcags bar ba ri bo 
BO_TZ39_TI-034:237	dur khrod chen po brgyad sogs rang bzhin gyi gnas nas dpal mgon legs ldan tshhogs kyi bdag po 'khor dang bcas pa mdun gyi nam mkhar sprin phung gtibs pa bzhin byon par bsam la /	23	dur khrod chen po brgyad sogs rang bzhin gyi gnas nas dpal mgon legs ldan tshhogs kyi bdag po khor dang cha ba mdun gyi nam mkhar sprin phung gtibs ba bzhin byon ba bsam la 
BO_TZ39_TI-034:238	lcags kyu'i phyag rgya bcings te /	23	lcags kyu phyag rgya ching te 
BO_TZ39_TI-034:239	a+o~m ru lu ru lu hu~m b+h+yo hu~m phat/	23	a+o~m ru lu ru lu hu~m b+h+yo hu~m 
BO_TZ39_TI-034:240	a+o~m b+hurkur ma ha ka la sa ma ya hrim hrim ang+ku sha dzahdzah	24	a+o~m b+hurkur ma ha ka la sa ma ya hrim hrim ang+ku sha dzahdzah 
BO_TZ39_TI-034:241	zhes dang / hu~m/	24	zhes dang 
BO_TZ39_TI-034:242	lang ka'i yul gyi grong brdal gyi //	24	lang ka yul gyi grong rdal gyi 
BO_TZ39_TI-034:243	dbus kyi ri bo ma la ya //	24	dbus kyi ri bo ma la ya 
BO_TZ39_TI-034:244	ko ka thang dmar rgya mtshho'i do //	24	ko ka thang dmar rgya mtshho do 
BO_TZ39_TI-034:245	drag shul yod pa'i rtshe mo ru //	24	drag shul yod ba rtshe mo ru 
BO_TZ39_TI-034:246	dpal chen rdo rje srin po yis //	24	dpal chen rdo rje srin po yis 
BO_TZ39_TI-034:247	bdud kyi sde rnams btul nas kyang //	24	bdud kyi sde rnams dul nas kyang 
BO_TZ39_TI-034:248	gsang sngags 'khor lo bskor ba'i tshhe //	24	gsang sngags khor lo skor ba tshhe 
BO_TZ39_TI-034:249	ming gis dbang bskur bran du khas blangs pa //	24	ming gis dbang skur bran du khas blangs ba 
BO_TZ39_TI-034:250	rdo rje ro langs dur khrod tshhogs kyi bdag	25	rdo rje ro ldang dur khrod tshhogs kyi bdag 
BO_TZ39_TI-034:251	/mgon po nag po chen po dang // nye gnas kro d+hi shwa ri ma //	25	po nag po chen po dang nye gnas kro d+hi shwa ri ma 
BO_TZ39_TI-034:252	yab yum gnyis su med pa'i 'khor //	25	yab yum gnyis su med ba khor 
BO_TZ39_TI-034:253	lang+ka'i bdag po la sogs dang // slas dang byi mo bran mo'i tshhogs //	25	lang+ka bdag po la sogs dang slas dang byi mo bran mo tshhogs 
BO_TZ39_TI-034:254	'dus pa chen po'i rnal 'byor pa //	25	du ba chen po rnal byor ba 
BO_TZ39_TI-034:255	pho mo 'khor dang bcas pa rnams //	25	pho mo khor dang cha ba rnams 
BO_TZ39_TI-034:256	sangs rgyas bstan pa bsrung ba'i phyir //	25	sangs rgya ston ba bsrung ba phyir 
BO_TZ39_TI-034:257	gnas 'dir spyan 'dren gshegs su gsol //	25	gnas dir spyan bgrang gshegs su gsol 
BO_TZ39_TI-034:258	a+o~m e h+ye hi shri ma ha ka la ga na pa ti sa pa ri wa ra ma ha ka ru ni ka dr-i sh+ya ho sa ma ya satwam a kar+sha ya hu~m dzah	25	a+o~m e h+ye hi shri ma ha ka la ga na ba ti sa ba ri wa ra ma ha ka ru ni ka dr-i sh+ya ho sa ma ya satwam a kar+sha ya hu~m dzah 
BO_TZ39_TI-034:259	e a ral+li hrim hrim dzahdzah	25	e a ral+li hrim hrim dzahdzah 
BO_TZ39_TI-034:260	zhes pas spyan drangs la /	26	zhes ba spyan drangs la 
BO_TZ39_TI-034:261	hu~m/ rdo rje brag chen gtams pa dang // nyi zla pad+ma rin chen khri //	26	rdo rje brag chen gtams ba dang nyi zla pad+ma rin chen khri 
BO_TZ39_TI-034:262	bam chen bsnol ba'i gdan steng du //	26	bam chen snol ba gdan steng du 
BO_TZ39_TI-034:263	rab 'jigs dpa' bo 'khor bcas bzhugs su gsol //	26	rab jigs dpa bo khor cha bzhugs su gsol 
BO_TZ39_TI-034:264	a+o~m b+hurkur ma ha ka la rak+mo kro d+hi shwa ri nag mo ting lam sa ma ya satwam tish+tha badzra zhes bzhugs su gsol /	26	a+o~m b+hurkur ma ha ka la rak+mo kro d+hi shwa ri nag mo ting lam sa ma ya satwam tish+tha badzra zhes bzhugs su gsol 
BO_TZ39_TI-034:265	a+o~m ru lu ru lu hu~m b+h+yo hu~m phat/	26	a+o~m ru lu ru lu hu~m b+h+yo hu~m 
BO_TZ39_TI-034:266	a+o~m badzra sa ma ya ha na ha na hu~m phat/	26	a+o~m badzra sa ma ya ha na ha na hu~m 
BO_TZ39_TI-034:267	dpal rdo rje nag po chen po legs ldan tshhogs kyi bdag po lcam dral 'khor dang bcas pa rnams kyis rtsha ba dang brgyud par bcas pa'i bla ma dam pa rnams kyi bka' dang dam las ma 'da' bar sangs rgyas kyi bstan pa srungs /	26	dpal rdo rje nag po chen po legs ldan tshhogs kyi bdag po lcam dral khor dang cha ba rnams kyis rtsha ba dang brgyud ba cha ba bla ma dam ba rnams kyi bka dang dam las ma da ba sangs rgya kyi ston ba srungs 
BO_TZ39_TI-034:268	dkon mchog gi dbu 'phang bstod /	26	dkon(d) mchog gi dbu phen bstod 
BO_TZ39_TI-034:269	dge 'dun dang chos kyi rgyal srid skyongs /	26	dge dun dang chos kyi rgyal srid skyongs 
BO_TZ39_TI-034:270	'jig rten gyi rgud pa sol /	27	jig rten gyi rgud ba sol 
BO_TZ39_TI-034:271	sems can gyi phan bde spel /	27	sems can gyi phan bde spel 
BO_TZ39_TI-034:272	rnal 'byor pa rnams kyi sdongs grogs mdzod /	27	rnal byor ba rnams kyi sdongs grogs mdzod 
BO_TZ39_TI-034:273	sngags 'chang rnams kyi 'phrin las sgrubs /	27	sngags chang rnams kyi phrin las sgrubs 
BO_TZ39_TI-034:274	sdang ba'i dgra thul /	27	sdang ba dgra thul 
BO_TZ39_TI-034:275	gnod pa'i bgegs choms /	27	gnod ba bgegs choms 
BO_TZ39_TI-034:276	khyad par dam tshhig 'dir 'dus pa rnams kyi phyi nang gsang ba'i 'gal rkyen zhi ba dang / mthun rkyen smon pa'i legs tshhogs thams cad 'phel zhing rgyas pa dang / mchog dang thun mong gi dngos grub ma lus pa myur du 'grub pa'i phrin las mdzod cig	27	khyad ba dam tshhig dir du ba rnams kyi phyi nang gsang ba gal rkyen zhi ba dang mthun rkyen smon ba legs tshhogs thams cad phel zhing rgya ba dang mchog dang thun mong gi dngos grub ma lus ba myur du grub ba phrin las mdzod cig 
BO_TZ39_TI-034:277	/ces dam tshhig gi gnyer gtad /	27	dam tshhig gi gnyer gtod 
BO_TZ39_TI-034:278	lha yi sde dpon tshhogs kyi bdag	27	lha yi sde dpon tshhogs kyi bdag 
BO_TZ39_TI-034:279	/legs ldan nag po mthu bo che //	27	ldan nag po mthu bo che 
BO_TZ39_TI-034:280	dur khrod bdag po sgrol ba'i ging //	28	dur khrod bdag po sgrol ba ging 
BO_TZ39_TI-034:281	'khor dang bcas la phyag 'tshhal lo //	28	khor dang cha la phyag tshhal lo 
BO_TZ39_TI-034:282	a ti pu hoh	28	a ti pu hoh 
BO_TZ39_TI-034:283	pra titsh+tshha hoh zhes pas phyag bya /	28	pra titsh+tshha hoh zhes ba phyag byed 
BO_TZ39_TI-034:284	hu~m/ stong gsum 'di 'am stong gsum gzhan dag na //	28	stong gsum di mang stong gsum gzhan dag na 
BO_TZ39_TI-034:285	me tog phreng ba la sogs rin chen dbyig	28	me tog phreng ba la sogs rin chen dbyig 
BO_TZ39_TI-034:286	/la du la phug la sogs yid bzhin zas //	28	du la bugs la sogs yid bzhin zas 
BO_TZ39_TI-034:287	thang skyes chu skyes la sogs longs spyod rkyen //	28	thang skye chu skye la sogs longs spyod rkyen 
BO_TZ39_TI-034:288	'chi med bdud rtshi la sogs dam tshhig chu //	28	chi med bdud rtshi la sogs dam tshhig chu 
BO_TZ39_TI-034:289	gu gul tshhil chen la sogs bdug pa'i sprin //	28	gu gul tshhil chen la sogs bdug ba sprin 
BO_TZ39_TI-034:290	zhun chen mar me la sogs snang gsal mchog	29	zhun chen mar me la sogs snang gsal mchog 
BO_TZ39_TI-034:291	/bshos gtshang bza' btung longs spyod sna tshhogs pas //	29	gtshang bza thung longs spyod sna tshhogs ba 
BO_TZ39_TI-034:292	rim gsum mchod pas tshhogs bdag mnyes gyur cig	29	rim gsum mchod ba tshhogs bdag mnyes gyur cig 
BO_TZ39_TI-034:293	/a+o~m shri ma ha ka la ga na pa ti sa pa ri wa ra push+pe /	29	shri ma ha ka la ga na ba ti sa ba ri wa ra push+pe 
BO_TZ39_TI-034:294	d+hu pe / a lo ke	29	d+hu pe a lo ke 
BO_TZ39_TI-034:295	/gan+d+he / nai wid+ya/	29	nai 
BO_TZ39_TI-034:296	shab+da pu dza hoh	29	shab+da pu dza hoh 
BO_TZ39_TI-034:297	badzra ru pa shab+da gan+d+he ra sa spar+she pu dza hu~m/	29	badzra ru ba shab+da gan+d+he ra sa spar+she pu dza 
BO_TZ39_TI-034:298	zhes pas spyir mchod nas khyad par gyi mchod pa /	29	zhes ba spyir mchod nas khyad ba gyi mchod ba 
BO_TZ39_TI-034:299	sman phud rak+ta gtor ma gsum 'bul tshhig cho ga rigs mthun gzhan nas blangs pa'i mthar mtshhan sngags la /	29	sman bud rak+ta thor ma gsum bul tshhig cho ga rigs mthun gzhan nas blangs ba mthar mtshhan sngags la 
BO_TZ39_TI-034:300	ma ha pany+tsha a mr-ita kha ram kha hi /	30	ma ha pany+tsha a mr-ita kha ram kha hi 
BO_TZ39_TI-034:301	ma ha rak+ta kha ram kha hi /	30	ma ha rak+ta kha ram kha hi 
BO_TZ39_TI-034:302	ma ha ba lim ta kha ram kha hi /	30	ma ha ba lim ta kha ram kha hi 
BO_TZ39_TI-034:303	zhes sman phud rak+ta gtor ma gsum so so'i sngags btags nas 'bul /	30	zhes sman bud rak+ta thor ma gsum so so sngags dogs nas bul 
BO_TZ39_TI-034:304	bye brag tu gtor ma la rak+ta bran nas dmigs bya dgug bstim rgyas pa'am bsdu na /	30	bye brag tu thor ma la rak+ta bran nas dmigs byed gugs stim rgya ba sdud na 
BO_TZ39_TI-034:305	nr-i tri badzra ang+ku sha dzah	30	nr-i tri badzra ang+ku sha dzah 
BO_TZ39_TI-034:306	dzahhu~m bam hoh zhes dang / nang mchod bran la /	30	dzahhu~m bam hoh zhes dang nang mchod bran la 
BO_TZ39_TI-034:307	a+o~m ahhu~m gis sha khrag bdud rtshi spel /	30	a+o~m ahhu~m gis sha khrag bdud rtshi spel 
BO_TZ39_TI-034:308	hu~m/ rnal 'byor kun gyi dpal mgon mchog	30	rnal byor kun gyi dpal mgon mchog 
BO_TZ39_TI-034:309	/ma ha ka la mthu rtshal can //	30	ha ka la mthu rtshal can 
BO_TZ39_TI-034:310	dka' thub nag po tshhur gson cig	31	dka thub nag po tshhur gson cig 
BO_TZ39_TI-034:311	/legs ldan nag po ma rungs pa //	31	ldan nag po ma rungs ba 
BO_TZ39_TI-034:312	sha khrag dmar gyi mchod pa bzhes //	31	sha khrag dmar gyi mchod ba bzhes 
BO_TZ39_TI-034:313	rang gi rgyal srid la gnas te //	31	rang gi rgyal srid la gnas te 
BO_TZ39_TI-034:314	gzhan gyi sde rnams pham mdzad pa /	31	gzhan gyi sde rnams pham mdzad ba 
BO_TZ39_TI-034:315	khram la btab pa'i dgra bgegs rnams //	31	khram la debs ba dgra bgegs rnams 
BO_TZ39_TI-034:316	rol cig dgongs shig dam tshhig gtsho /	31	rol cig dgongs shig dam tshhig gtsho 
BO_TZ39_TI-034:317	khyod kyi dam tshhig dus la bab //	31	khyod kyi dam tshhig dus la bab 
BO_TZ39_TI-034:318	ces pa tsham gyi mthar gtsho 'khor gyi sngags kyi gsham du /	31	ces ba tsham gyi mthar gtsho khor gyi sngags kyi gsham du 
BO_TZ39_TI-034:319	ma ha mam sa kha hi /	31	ma ha mam sa kha hi 
BO_TZ39_TI-034:320	ma ha rak+ta kha hi /	32	ma ha rak+ta kha hi 
BO_TZ39_TI-034:321	ma ha go ro tsha na kha hi /	32	ma ha go ro tsha na kha hi 
BO_TZ39_TI-034:322	ma ha ba su ta kha hi /	32	ma ha ba su ta kha hi 
BO_TZ39_TI-034:323	ma ha tshit+ta kha hi /	32	ma ha tshit+ta kha hi 
BO_TZ39_TI-034:324	ma ha a mr-ita kha hi /	32	ma ha a mr-ita kha hi 
BO_TZ39_TI-034:325	i dam d+hu pe push+pe gan+d+he nai wid+ya ba lin+ta pi pa to hoh	32	i dam d+hu pe push+pe gan+d+he nai wid+ya ba lin+ta pi ba to hoh 
BO_TZ39_TI-034:326	zhes mchod /	32	zhes mchod 
BO_TZ39_TI-034:327	gnyis pa dpal ye shes kyi mgon po phyag bzhi pa'i phrin las ni /	32	gnyis ba dpal ye shes kyi mgon po phyag bzhi ba phrin las ni 
BO_TZ39_TI-034:328	a+o~m ma ha shun+ya ta dz+nya na badzra swa b+ha wa at+ma ko\u0f85 ham/	32	a+o~m ma ha shun+ya ta dz+nya na badzra swa b+ha wa at+ma ko\u0f85 
BO_TZ39_TI-034:329	stong pa nyid kyi ngang las mdun gyi nam mkhar dur khrod kyi sa gzhi 'jigs su rung ba ro gsar rnying sna tshhogs gcal du bkram zhing phung por spungs pa /	32	stong ba nyid kyi ngang las mdun gyi nam mkhar dur khrod kyi sa gzhi jigs su rung ba ro gsar rnying sna tshhogs gcal du grem zhing phung por spung ba 
BO_TZ39_TI-034:330	khrag gis sbags pa'i ro langs rnams rgod cing gar rtshe ba /	33	khrag gis sbag ba ro ldang rnams rgod cing gar rtshe ba 
BO_TZ39_TI-034:331	las kyi bshan pa 'bum kun tu rgyu zhing nyams pa rnams 'gugs 'ching gsod gcod kyi las byed pa /	33	las kyi bshan ba bum kun tu rgyu zhing nyams ba rnams gugs ching gsod gcod kyi las byed ba 
BO_TZ39_TI-034:332	ma rungs pa'i srog chags gdug pa can rnams ngu 'bod kyi sgra dang bcas pas sha za zhing lang long du 'phyo ba /	33	ma rungs ba srog chags gdug ba can rnams ngu bod kyi sgra dang cha ba sha za zhing lang long du phyo ba 
BO_TZ39_TI-034:333	phyogs thams cad du me rlung dmar nag drag tu 'bar zhing 'khrug pa'i dbus su b+h+ru~m las dur khrod 'bar ba'i gzhal med khang chen po gru bzhi sgo khang rta babs dang bcas pa /	33	phyogs thams cad du me rlung dmar nag drag tu bar zhing khrug ba dbus su b+h+ru~m las dur khrod bar ba jal med khang chen po gru bzhi sgo khang rta bab dang cha ba 
BO_TZ39_TI-034:334	drag po'i rgyan dang bkod pa phun sum tshhogs pas spras pa /	33	drag po rgyan dang bkod ba phun sum tshhogs ba spras ba 
BO_TZ39_TI-034:335	nang khrag zhag gi rgya mtshhor 'khyil ba'i dbus su 'khor lo nag po rtshibs brgyad pa'i lte bar sna tshhogs pad+ma'i ze'u 'brur nyi ma dang dgra bgegs kyi gdan la hu~m las rdo rje'i gri gug hu~m gis mtshhan pa las 'od zer 'phros /	33	nang khrag zhag gi rgya mtshhor khyil ba dbus su khor lo nag po rtshibs brgyad ba lte ba sna tshhogs pad+ma zeu brur nyi ma dang dgra bgegs kyi gdan la hu~m las rdo rje gri gug hu~m gis mtshhan ba las d zer phro 
BO_TZ39_TI-034:336	'phags pa mchod /	33	phag ba mchod 
BO_TZ39_TI-034:337	sems can gyi don byas /	33	sems can gyi don byed 
BO_TZ39_TI-034:338	tshhur 'dus / yongs su gyur pa las dpal ye shes kyi mgon po khrag 'thung nag po chen po sku mdog char sprin ltar gnag cing 'jigs su rung ba /	33	tshhur du yongs su gyur ba las dpal ye shes kyi mgon po khrag thung nag po chen po sku mdog char sprin ltar gnag cing jigs su rung ba 
BO_TZ39_TI-034:339	zhal gcig phyag bzhi pa /	33	zhal gcig phyag bzhi ba 
BO_TZ39_TI-034:340	thung zhing sbom la gsus khyim che ba /	34	thung zhing sbom la gsus khyim che ba 
BO_TZ39_TI-034:341	khro gnyer dang bcas pa'i zhal gdangs shing mche ba drag tu gtshigs pa /	34	khro gnyer dang cha ba zhal gdang shing mche ba drag tu gtshigs ba 
BO_TZ39_TI-034:342	dmar la zlum pa'i spyan gsum sdang mig tu blta ba /	34	dmar la zlum ba spyan gsum sdang mig tu lta ba 
BO_TZ39_TI-034:343	smin ma dang ag tshhom dmar ser me lce ltar 'bar zhing 'khrug pa /	34	smin ma dang ag tshhom dmar ser me lce ltar bar zhing khrug ba 
BO_TZ39_TI-034:344	phyag dang po gnyis kyis dgra snying gis mtshhan pa'i gri gug dang thod khrag steng 'og tu 'dzin pas yum la 'khyud pa /	34	phyag dang po gnyis kyis dgra snying gis mtshhan ba gri gug dang thod khrag steng g tu dzin ba yum la khyud ba 
BO_TZ39_TI-034:345	'og ma gnyis kyis ral gri me 'bar ba dang kha t+wam ga 'phyar ba /	34	g ma gnyis kyis ral gri me bar ba dang kha t+wam ga phyor ba 
BO_TZ39_TI-034:346	dbu skra kham nag gyen du brdzes shing /	34	dbu skra kham nag gyen du brdzes shing 
BO_TZ39_TI-034:347	thod pa skam po lnga'i dbu rgyan dang / rlon pa khrag 'dzag pa lnga bcu'i do shal can /	34	thod ba skam po lnga dbu rgyan dang rlon ba khrag dzag ba lnga chu do shal can 
BO_TZ39_TI-034:348	rus pa'i rgyan drug dang sbrul gyi chun pos brgyan pa /	34	rus ba rgyan drug dang sbrul gyi chun pos rgyan ba 
BO_TZ39_TI-034:349	dar sna tshhogs pa'i cod pan dang / stag gi pags pa'i sham thabs 'phyang ba /	34	dar sna tshhogs ba cod pan dang stag gi pags ba sham thabs phyang ba 
BO_TZ39_TI-034:350	dpa' zhing mi sdug pa'i cha byad yongs su rdzogs pa /	35	dpa zhing mi sdug ba cha byad yongs su rdzogs ba 
BO_TZ39_TI-034:351	he ru ka'i cod pan can /	35	he ru ka cod pan can 
BO_TZ39_TI-034:352	mkha' lding bya khyi ce spyang la sogs pa sprul pa'i pho nya grangs med du spro ba /	35	mkha lding byed khyi ce spyang la sogs ba sprul ba pho nya grangs med du spro ba 
BO_TZ39_TI-034:353	zhabs gnyis rgyal po rol pa'i 'dug stangs kyis bzhugs pa'i pang du ma las yum tshan+di ka nag mo /	35	zhabs gnyis rgyal po rol ba dug stangs kyis bzhugs ba pang du ma las yum tshan+di ka nag mo 
BO_TZ39_TI-034:354	g.yas gri gug dang g.yon thod khrag yab la stob pa /	35	g.yas gri gug dang g.yon thod khrag yab la stob ba 
BO_TZ39_TI-034:355	gcer bu phyag rgya lnga dang sbrul dang thod pa'i phreng bas spras pa /	35	bcer bu phyag rgya lnga dang sbrul dang thod ba phreng ba spras ba 
BO_TZ39_TI-034:356	gnyis ka'ang drag la rngam pa'i cha lugs can ye shes kyi me 'bar ba'i dbus na bzhugs pa'o //	35	gnyis ka drag la rngam ba cha lugs can ye shes kyi me bar ba dbus na bzhugs ba 
BO_TZ39_TI-034:357	shar du hu~m las las kyi mgon po bya rog gdong can mthing nag gri gug dang thod khrag 'dzin pa /	35	char du hu~m las las kyi mgon po byed rog gdong can mthing nag gri gug dang thod khrag dzin ba 
BO_TZ39_TI-034:358	mi lpags kyi g.yang gzhi can bya rog la zhon pa /	35	mi lpags kyi g.yang gzhi can byed rog la zhon ba 
BO_TZ39_TI-034:359	lhor ru las 'bar ma nag mo rtshe gsum dang thun khrag 'phen pa za 'og gi gos can bya rog la zhon pa /	35	lhor ru las bar ma nag mo rtshe gsum dang thun khrag phen ba za g gi gos can byed rog la zhon ba 
BO_TZ39_TI-034:360	nub tu tri las sha za seng gdong mthing nag mdung dang dmar gtor thogs pa dar nag po'i ber gyon nas rta nag la zhon pa /	36	nub tu tri las sha za seng gdong mthing nag mdung dang dmar thor thogs ba dar nag po ber gyon nas rta nag la zhon ba 
BO_TZ39_TI-034:361	byang du pa las gza' bdud smug nag mgo bo dgu pa chu srin gyi zhags pa dang ra'i mda' gzhu 'dzin pa sku smad sbrul du 'khyil ba /	36	byang du ba las gza bdud smug nag mgo bo dgu ba chu srin gyi zhags ba dang ra mda gzhu dzin ba sku smad sbrul du khyil ba 
BO_TZ39_TI-034:362	shar lhor ra las tshhangs pa dkar po dar mdung dang mtshhon cha'i 'khor lo bskor ba rta dkar la zhon pa /	36	char lhor ra las tshhangs ba dkar po dar mdung dang mtshhon cha khor lo skor ba rta dkar la zhon ba 
BO_TZ39_TI-034:363	lho nub tu ya las gshin rje dmar nag spu gri dang zhags pa 'dzin pa ra dmar la zhon pa /	36	lho nub tu ya las gshin rje dmar nag spu gri dang zhags ba dzin ba ra dmar la zhon ba 
BO_TZ39_TI-034:364	nub byang du tsha las rdo rje legs pa sngon po rdo rje dang dgra snying 'dzin pa gdong lnga la zhon pa /	36	nub byang du tsha las rdo rje legs ba sngon po rdo rje dang dgra snying dzin ba gdong lnga la zhon ba 
BO_TZ39_TI-034:365	byang shar du du las gnod sbyin nag po ber ka dang dgra snying khyer ba bdud rta la zhon pa'o //	36	byang char du du las gnod sbyin nag po ber ka dang dgra snying khyer ba bdud rta la zhon ba 
BO_TZ39_TI-034:366	de thams cad kyang khro zhing gtum pa mi sdug pa'i gzugs can /	36	de thams cad kyang khro zhing thum ba mi sdug ba gzugs can 
BO_TZ39_TI-034:367	thod skam lnga'i cod pan dang / khrag 'dzag pa'i mgo bo'i do shal rgyu ma'i ga sha la sogs pa dur khrod kyi chas sna tshhogs kyis brgyan pa /	36	thod skam lnga cod pan dang khrag dzag ba mgo bo do shal rgyu ma ga sha la sogs ba dur khrod kyi cha sna tshhogs kyis rgyan ba 
BO_TZ39_TI-034:368	gzhan yang de dag gi phyi rol gyi shar du nag po stong /	36	gzhan yang de dag gi phyi rol gyi char du nag po stong 
BO_TZ39_TI-034:369	lhor sha za 'bum /	36	lhor sha za bum 
BO_TZ39_TI-034:370	nub tu ma mo bye ba /	37	nub tu ma mo bye ba 
BO_TZ39_TI-034:371	byang du gnod sbyin khri sogs dam can rgya mtshho'i dmag tshhogs bsam gyis mi khyab pas bskor ba'i /	37	byang du gnod sbyin khri sogs dam can rgya mtshho dmag tshhogs bsam gyis mi khyab ba skor ba 
BO_TZ39_TI-034:372	gtsho 'khor thams cad kyi dpral bar a+o~m/	37	gtsho khor thams cad kyi dpral ba 
BO_TZ39_TI-034:373	mgrin par ah thugs kar hu~m/	37	mgrin ba ah thugs kar 
BO_TZ39_TI-034:374	thugs ka'i hu~m las 'od zer 'phros pas 'og min rnam snang chen po'i pho brang /	37	thugs ka hu~m las d zer phro ba g min rnam snang chen po pho brang 
BO_TZ39_TI-034:375	rdo rje gdan /	37	rdo rje gdan 
BO_TZ39_TI-034:376	na len+d+ra / dur khrod chen po brgyad la sogs pa nas dpal ye shes kyi mgon po 'khor dang bcas pa badzra sa ma dzahsa spyan drangs par mos la sbyar ba'i spos bsreg cing dbyangs kyi nga ro rol mo du ma'i 'gyur ba dang bcas pas /	37	na len+d+ra dur khrod chen po brgyad la sogs ba nas dpal ye shes kyi mgon po khor dang cha ba badzra sa ma dzahsa spyan drangs ba mos la sbyor ba spros bsreg cing dbyangs kyi nga ro rol mo du ma gyur ba dang cha ba 
BO_TZ39_TI-034:377	hu~m/ yul gyi ming ni rgya gar rdo rje gdan //	37	yul gyi ming ni rgya gar rdo rje gdan 
BO_TZ39_TI-034:378	dur khrod ming ni rab 'jigs bsil ba'i tshhal //	37	dur khrod ming ni rab jigs bsil ba tshhal 
BO_TZ39_TI-034:379	bskal pa'i me ltar 'bar ba'i klong dkyil nas //	37	bskal ba me ltar bar ba klong dkyil nas 
BO_TZ39_TI-034:380	rdo rje nag po chen po 'khor dang bcas //	38	rdo rje nag po chen po khor dang cha 
BO_TZ39_TI-034:381	dad pa dam tshhig dbang gis spyan 'dren na //	38	dad ba dam tshhig dbang gis spyan bgrang na 
BO_TZ39_TI-034:382	tshhur gshegs tshhur gshegs ma ha ka la'i tshhogs //	38	tshhur gshegs tshhur gshegs ma ha ka la tshhogs 
BO_TZ39_TI-034:383	ye shes mgon po yab yum 'khor dang bcas //	38	ye shes mgon po yab yum khor dang cha 
BO_TZ39_TI-034:384	las kyi mgon po 'jigs byed bya rog gdong //	38	las kyi mgon po jigs byed byed rog gdong 
BO_TZ39_TI-034:385	ma gcig lha mo 'bar ma nag mo dang // dpal ldan phrin las mgon po seng ge'i gdong //	38	ma gcig lha mo bar ma nag mo dang dpal ldan phrin las mgon po seng ge gdong 
BO_TZ39_TI-034:386	sha za srin po gtum chen ra hu la //	38	sha za srin po thum chen ra hu la 
BO_TZ39_TI-034:387	sgrol ging gshin rje btshan dang gnod sbyin tshhogs //	38	sgrol ging gshin rje btshan dang gnod sbyin tshhogs 
BO_TZ39_TI-034:388	bstan pa bsrung ba'i slad du spyan 'dren na //	38	ston ba bsrung ba slad du spyan bgrang na 
BO_TZ39_TI-034:389	sngon gyi thugs dam gnyan po brtsher dgongs la //	38	sngon gyi thugs dam gnyan po brtsher dgongs la 
BO_TZ39_TI-034:390	dur khrod brgyad sogs zhing khams rgya mtshho nas //	39	dur khrod brgyad sogs zhing khams rgya mtshho nas 
BO_TZ39_TI-034:391	ma thogs myur du gnas 'dir gshegs su gsol //	39	ma thogs myur du gnas dir gshegs su gsol 
BO_TZ39_TI-034:392	a+o~m shri ma ha ka la sa pa ri wa ra e h+ye hi badzra sa ma dzah	39	a+o~m shri ma ha ka la sa ba ri wa ra e h+ye hi badzra sa ma dzah 
BO_TZ39_TI-034:393	dzahhu~m bam hoh zhes spyan drangs /	39	dzahhu~m bam hoh zhes spyan drangs 
BO_TZ39_TI-034:394	bzhugs su gsol ba ni /	39	bzhugs su gsol ba ni 
BO_TZ39_TI-034:395	hu~m/ sangs rgyas bstan pa srung ba'i mthu rtshal can //	39	sangs rgya ston ba srung ba mthu rtshal can 
BO_TZ39_TI-034:396	ma ha ka la yab yum 'khor dang bcas //	39	ma ha ka la yab yum khor dang cha 
BO_TZ39_TI-034:397	drag po'i gzhal yas dkyil 'khor chen po 'dir //	39	drag po jal yas dkyil khor chen po dir 
BO_TZ39_TI-034:398	gnyis med brtan par bzhugs la phrin las mdzod //	39	gnyis med brtan ba bzhugs la phrin las mdzod 
BO_TZ39_TI-034:399	a+o~m shri ma ha ka la sa pa ri wa ra sa ma ya tish+than+tu /	39	a+o~m shri ma ha ka la sa ba ri wa ra sa ma ya tish+than+tu 
BO_TZ39_TI-034:400	dam la bzhag pa ni /	40	dam la jog ba ni 
BO_TZ39_TI-034:401	yi dam gyi nga rgyal brtan pos rdo rje rtshe lnga pa'i phyag rgya mgon po 'khor bcas kyi spyi bor bzhag par mos te /	40	yi dam gyi nga rgyal brtan pos rdo rje rtshe lnga ba phyag rgya mgon po khor cha kyi spyi bor jog ba mos te 
BO_TZ39_TI-034:402	a+o~m badzra sa ma ya ha na ha na hu~m phat/	40	a+o~m badzra sa ma ya ha na ha na hu~m 
BO_TZ39_TI-034:403	dpal rdo rje nag po chen po phyag bzhi pa 'khor dang bcas pa rnams kyis khrag 'thung khro bo'i rgyal po /	40	dpal rdo rje nag po chen po phyag bzhi ba khor dang cha ba rnams kyis khrag thung khro bo rgyal po 
BO_TZ39_TI-034:404	slob dpon sangs rgyas gnyis pa /	40	slob dpon sangs rgya gnyis ba 
BO_TZ39_TI-034:405	mnga' bdag nyang nyi ma 'od zer nas 'khor lo'i mgon po dpal ldan rtsha ba'i bla ma'i bar du byon pa'i rtsha ba dang brgyud par bcas pa'i bla ma dam pa rnams kyi bka' dang dam las ma 'da' bar sangs rgyas kyi bstan pa srungs sogs nas /	40	mnga bdag nyang nyi ma d zer nas khor lo mgon po dpal ldan rtsha ba bla ma ba du byon ba rtsha ba dang brgyud ba cha ba bla ma dam ba rnams kyi bka dang dam las ma da ba sangs rgya kyi ston ba srungs sogs nas 
BO_TZ39_TI-034:406	phrin las mdzod cig	40	phrin las mdzod cig 
BO_TZ39_TI-034:407	/a+o~m badzra sa ma ya rak+shan+tu pany+tsha a mr-ito da ka tha tha tha hu~m/	40	badzra sa ma ya rak+shan+tu pany+tsha a mr-ito da ka tha tha tha 
BO_TZ39_TI-034:408	zhes dam la bzhag pas ci bsgo ba'i las thams cad sgrub cing bka' nod par bsam /	40	zhes dam la jog ba ci sgo ba las thams cad sgrub cing bka nod ba bsam 
BO_TZ39_TI-034:409	phyag bya ba ni /	40	phyag byed ba ni 
BO_TZ39_TI-034:410	chos sku 'gyur med dpal ldan nag po che //	41	chos sku gyur med dpal ldan nag po che 
BO_TZ39_TI-034:411	phrin las lhun grub dpa' brjid phyag bzhi pa //	41	phrin las lhun grub dpa brjid phyag bzhi ba 
BO_TZ39_TI-034:412	dgra bgegs kun 'dul chos skyong yongs kyi rje //	41	dgra bgegs kun dul chos skyong yongs kyi rje 
BO_TZ39_TI-034:413	mgon po 'khor dang bcas la phyag 'tshhal lo //	41	mgon po khor dang cha la phyag tshhal lo 
BO_TZ39_TI-034:414	a ti pu hoh	41	a ti pu hoh 
BO_TZ39_TI-034:415	pra titsh+tshha hoh phyi'i mchod pa ni /	41	pra titsh+tshha hoh phyi mchod ba ni 
BO_TZ39_TI-034:416	hu~m/ yan lag brgyad ldan yid 'ong mchod yon ldan //	41	yan lag brgyad ldan yid ng mchod yon ldan 
BO_TZ39_TI-034:417	rab gtshang dwangs pa'i zhabs bsil rgya mtshhor bskyil //	41	rab gtshang dwangs ba zhabs bsil rgya mtshhor skyil 
BO_TZ39_TI-034:418	sna tshhogs lta sdug chu skyes lang tshho bzhad //	41	sna tshhogs lta sdug chu skye lang tshho bzhad 
BO_TZ39_TI-034:419	grub dang sbyar ba'i bdug pa sprin ltar gtibs //	41	grub dang sbyor ba bdug ba sprin ltar gtibs 
BO_TZ39_TI-034:420	mun snang mthar byed sgron me'i nyin mor byed //	42	mun snang mthar byed sgron me nyin mor byed 
BO_TZ39_TI-034:421	yid 'ong byug pa lha yi chu bo'i rgyun //	42	yid ng byug ba lha yi chu bo rgyun 
BO_TZ39_TI-034:422	ro bcud phun tshhogs zhal zas lhun por spungs //	42	ro bcud phun tshhogs zhal zas lhun por spung 
BO_TZ39_TI-034:423	snyan brjid rol mo sgra dbyangs dang bcas pa'i //	42	snyan brjid rol mo sgra dbyangs dang cha ba 
BO_TZ39_TI-034:424	phyi yi mchod sprin 'dod yon 'dzad med gter //	42	phyi yi mchod sprin dod yon dzad med gter 
BO_TZ39_TI-034:425	'bul gyis tshhim zhing dgyes nas dngos grub stshol //	42	bul gyis tshhim zhing dgyes nas dngos grub stshol 
BO_TZ39_TI-034:426	a+o~m shri ma ha ka la sa pa ri wa ra badzra ar+g+ham nas shab+da'i bar dang / pany+tsha ka ma gu na pra titsh+tshha swa ha/	42	a+o~m shri ma ha ka la sa ba ri wa ra badzra ar+g+ham nas shab+da ba dang pany+tsha ka ma gu na pra titsh+tshha swa 
BO_TZ39_TI-034:427	nang gi mchod pa ni /	42	nang gi mchod ba ni 
BO_TZ39_TI-034:428	hu~m/ gdug pa'i snying khrag mchod yon mtshho ltar bskyil //	42	gdug ba snying khrag mchod yon mtshho ltar skyil 
BO_TZ39_TI-034:429	myos byed dug khrag zhabs bsil rngam zhing brjid //	42	myos byed dug khrag zhabs bsil rngam zhing brjid 
BO_TZ39_TI-034:430	dbang po sna lnga'i me tog tshhar du dngar //	43	dbang po sna lnga me tog tshhar du dngar 
BO_TZ39_TI-034:431	sha chen dud pa'i sprin phung lang long g.yo //	43	sha chen dud ba sprin phung lang long g.yo 
BO_TZ39_TI-034:432	zhun chen mar me bskal pa'i me ltar 'bar /	43	zhun chen mar me bskal ba me ltar bar 
BO_TZ39_TI-034:433	khrag zhag bdud rtshi'i dri chab rlabs phreng g.yo //	43	khrag zhag bdud rtshi dri chab rlabs phreng g.yo 
BO_TZ39_TI-034:434	sha khrag rus pa'i zhal zas che brjid rngam //	43	sha khrag rus ba zhal zas che brjid rngam 
BO_TZ39_TI-034:435	drag po'i rol mos sa gsum 'dar zhing g.yo //	43	drag po rol mos sa gsum dar zhing g.yo 
BO_TZ39_TI-034:436	dur khrod nang gi mchod sprin bsam mi khyab //	43	dur khrod nang gi mchod sprin bsam mi khyab 
BO_TZ39_TI-034:437	'bul gyis tshhim zhing dgyes nas dngos grub stshol //	43	bul gyis tshhim zhing dgyes nas dngos grub stshol 
BO_TZ39_TI-034:438	a+o~m shri ma ha ka la sa pa ri wa ra ma ha sh+ma sha nam pu dza ar+g+ham nas shab+da pra titsh+tshha swa ha/	43	a+o~m shri ma ha ka la sa ba ri wa ra ma ha sh+ma sha nam pu dza ar+g+ham nas shab+da pra titsh+tshha swa 
BO_TZ39_TI-034:439	gsang ba'i mchod pa ni /	43	gsang ba mchod ba ni 
BO_TZ39_TI-034:440	hu~m/ sgrib pa'i dri ma kun spangs shing //	44	sgrib ba dri ma kun spong shing 
BO_TZ39_TI-034:441	rtog pa kun las nges grol ba //	44	rtogs ba kun las nges grol ba 
BO_TZ39_TI-034:442	bla na med pa'i byang chub sems //	44	bla na med ba byang chub sems 
BO_TZ39_TI-034:443	bde ba chen pos mnyes gyur cig	44	bde ba chen pos mnyes gyur cig 
BO_TZ39_TI-034:444	/a+o~m shri ma ha ka la sa pa ri wa ra ma ha a nu ra ga pra titsh+tshha swa ha/	44	shri ma ha ka la sa ba ri wa ra ma ha a nu ra ga pra titsh+tshha swa 
BO_TZ39_TI-034:445	sman mchod ni /	44	sman mchod ni 
BO_TZ39_TI-034:446	hu~m/ dman pa'i yul las rab 'das shing //	44	dman ba yul las rab da shing 
BO_TZ39_TI-034:447	rgyal ba kun gyi dam tshhig mchog	44	rgyal ba kun gyi dam tshhig mchog 
BO_TZ39_TI-034:448	/dngos grub kun gyi gzhir gyur pa //	44	grub kun gyi gzhir gyur ba 
BO_TZ39_TI-034:449	bdud rtshi mchog gis mchod par bgyi //	44	bdud rtshi mchog gis mchod ba bgyid 
BO_TZ39_TI-034:450	a+o~m shri ma ha ka la sa pa ri wa ra ma ha pany+tsha a mr-ita kha ram kha hi /	45	a+o~m shri ma ha ka la sa ba ri wa ra ma ha pany+tsha a mr-ita kha ram kha hi 
BO_TZ39_TI-034:451	rak+ta'i mchod pa ni /	45	rak+ta mchod ba ni 
BO_TZ39_TI-034:452	stong gsum b+hany+dza'i snod yangs su //	45	stong gsum b+hany+dza snod yangs su 
BO_TZ39_TI-034:453	dam nyams bsgral pa'i mam sa dang // rak+ta'i rgya mtshho chen por bskyil //	45	dam nyams bsgral ba mam sa dang rak+ta rgya mtshho chen por skyil 
BO_TZ39_TI-034:454	bsad khrag rba klong 'khrug pas mchod //	45	bsad khrag rba klong khrug ba mchod 
BO_TZ39_TI-034:455	a+o~m shri ma ha ka la sa pa ri wa ra ma ha rak+ta kha ram kha hi /	45	a+o~m shri ma ha ka la sa ba ri wa ra ma ha rak+ta kha ram kha hi 
BO_TZ39_TI-034:456	gtor ma'i mchod pa ni /	45	thor ma mchod ba ni 
BO_TZ39_TI-034:457	hu~m/ mtshhan dang ldan pa'i b+hany+dza ru //	45	mtshhan dang ldan ba b+hany+dza ru 
BO_TZ39_TI-034:458	sha lnga bdud rtshi'i dam tshhig lnga //	45	sha lnga bdud rtshi dam tshhig lnga 
BO_TZ39_TI-034:459	bza' bca'i 'dod yon bsam mi khyab //	45	bza bca dod yon bsam mi khyab 
BO_TZ39_TI-034:460	rmad byung bdud rtshir byin brlabs pa'i //	46	rmad byung bdud rtshir byin brlabs ba 
BO_TZ39_TI-034:461	mchog gi mchod pa dam pa 'di //	46	mchog gi mchod ba dam ba di 
BO_TZ39_TI-034:462	dpal ldan rdo rje nag po che //	46	dpal ldan rdo rje nag po che 
BO_TZ39_TI-034:463	lcam dral 'khor dang bcas la 'bul //	46	lcam dral khor dang cha la bul 
BO_TZ39_TI-034:464	dgyes par rol la phrin las mdzod //	46	dgyes ba rol la phrin las mdzod 
BO_TZ39_TI-034:465	a+o~m shri ma ha ka la sa pa ri wa ra ma ha ba lim ta kha kha kha hi kha hi /	46	a+o~m shri ma ha ka la sa ba ri wa ra ma ha ba lim ta kha kha kha hi kha hi 
BO_TZ39_TI-034:466	gsum pa dpal mgon ma ning gi phrin las ni /	46	gsum ba dpal mgon ma ning gi phrin las ni 
BO_TZ39_TI-034:467	a+o~m ma ha shun+ya ta dz+nya na badzra swa b+ha wa at+ma ko\u0f85 ham/	46	a+o~m ma ha shun+ya ta dz+nya na badzra swa b+ha wa at+ma ko\u0f85 
BO_TZ39_TI-034:468	stong pa'i ngang las mdun gyi nam mkhar dur khrod thod mkhar 'bar ba'i gzhal yas khang chen por sna tshhogs pad+ma dang nyi ma la gnas pa'i hu~m mthing nag yongs su gyur pa las /	46	stong ba ngang las mdun gyi nam mkhar dur khrod thod mkhar bar ba jal yas khang chen por sna tshhogs pad+ma dang nyi ma la gnas ba hu~m mthing nag yongs su gyur ba las 
BO_TZ39_TI-034:469	dpal ye shes kyi mgon po ma ning nag po sku mdog mthing nag gtum zhing khros pa'i nyams can /	46	dpal ye shes kyi mgon po ma ning nag po sku mdog mthing nag thum zhing khro ba nyams can 
BO_TZ39_TI-034:470	zhal gcig phyag gnyis pa /	47	zhal gcig phyag gnyis ba 
BO_TZ39_TI-034:471	g.yas 'bar ba'i ru mtshhon rnon po gnam du 'phyar zhing /	47	g.yas bar ba ru mtshhon rnon po gnam du phyor zhing 
BO_TZ39_TI-034:472	g.yon gdug pa can gyi snying dang zhags pa 'dzin pa /	47	g.yon gdug ba can gyi snying dang zhags ba dzin ba 
BO_TZ39_TI-034:473	spyan gsum dmar la zlum pa /	47	spyan gsum dmar la zlum ba 
BO_TZ39_TI-034:474	zhal mche ba gtshigs shing ljags 'dril ba /	47	zhal mche ba gtshigs shing ljags dril ba 
BO_TZ39_TI-034:475	sbrul nag po'i ral pa thur du 'phyang ba /	47	sbrul nag po ral ba thur du phyang ba 
BO_TZ39_TI-034:476	thod pa skam po lnga'i dbu rgyan dang rlon pa lnga bcu'i do shal can /	47	thod ba skam po lnga dbu rgyan dang rlon ba lnga chu do shal can 
BO_TZ39_TI-034:477	snying phreng dang sbrul gyi chun pos brgyan pa /	47	snying phreng dang sbrul gyi chun pos rgyan ba 
BO_TZ39_TI-034:478	dar nag gi 'jol ber brtshegs mar gsol zhing /	47	dar nag gi jol ber brtshegs mar gsol zhing 
BO_TZ39_TI-034:479	gser sked dang mi lpags rlon pa'i ska rags can /	47	gser sked dang mi lpags rlon ba ska rags can 
BO_TZ39_TI-034:480	tshan dan gyi bing chen rked la btshugs pa'i sgo gsum nas sprul pa'i dmag dpung 'gyed pa /	48	tshan dan gyi bing chen rked la btshugs ba sgo gsum nas sprul ba dmag dpung gyed ba 
BO_TZ39_TI-034:481	kha dog sna tshhogs pa'i cod pan lhab lhub dang 'jigs pa'i rgyan thams cad kyis bklubs pa /	48	kha dog sna tshhogs ba cod pan lhab lhub dang jigs ba rgyan thams cad kyis bklubs ba 
BO_TZ39_TI-034:482	g.yon brkyang gis ro'i gdan la bzhugs pa /	48	g.yon rkyong gis ro gdan la bzhugs ba 
BO_TZ39_TI-034:483	de'i g.yon du yum dpal 'bar ma dkar mo g.yas shel gri 'phyar zhing g.yon thod khrag gtsho la stob pa ma mo'i chas can /	48	de g.yon du yum dpal bar ma dkar mo g.yas shel gri phyor zhing g.yon thod khrag gtsho la stob ba ma mo cha can 
BO_TZ39_TI-034:484	rol pa'i stabs kyis 'gying ba /	48	rol ba stabs kyis gying ba 
BO_TZ39_TI-034:485	g.yas su las mgon srog bdud nag po gri gug dang lcags par bzung nas mda' gzhu 'geng zhing kha t+wam gru mor bkal ba /	48	g.yas su las mgon srog bdud nag po gri gug dang lcags ba bzung nas mda gzhu geng zhing kha t+wam gru mor khel ba 
BO_TZ39_TI-034:486	stag ral dang gzig shubs btags nas bra nag rting dkar la 'chib pa /	48	stag ral dang gzig shubs dogs nas bra nag rting dkar la chib ba 
BO_TZ39_TI-034:487	de'i phyi rol gyi rtshibs la mdun nas g.yas skor du rim pa bzhin /	48	de phyi rol gyi rtshibs la mdun nas g.yas skor du rim ba bzhin 
BO_TZ39_TI-034:488	sku'i mgon po stag zhon nag po g.yas tshan dan gyi beng gsor zhing g.yon bdud kyi zhags pa thogs nas dpa' gtum stag la zhon pa /	48	sku mgon po stag zhon nag po g.yas tshan dan gyi beng gsor zhing g.yon bdud kyi zhags ba thogs nas dpa thum stag la zhon ba 
BO_TZ39_TI-034:489	gsung gi mgon po beng dmar smug g.yas tshan dan gyi beng 'phyar zhing g.yon bdud rtshi'i lcags par 'dzin pa /	48	gsung gi mgon po beng dmar smug g.yas tshan dan gyi beng phyor zhing g.yon bdud rtshi lcags ba dzin ba 
BO_TZ39_TI-034:490	thugs kyi mgon po gri gug mthing nag g.yas gri gug mkha' la 'phyar zhing g.yon thod khrag 'dzin pa /	49	thugs kyi mgon po gri gug mthing nag g.yas gri gug mkha la phyor zhing g.yon thod khrag dzin ba 
BO_TZ39_TI-034:491	yon tan gyi mgon po legs ldan nag po g.yas rin po che dang g.yon thod khrag 'dzin pa seng ge la zhon pa /	49	yon tan gyi mgon po legs ldan nag po g.yas rin po che dang g.yon thod khrag dzin ba seng ge la zhon ba 
BO_TZ39_TI-034:492	phrin las kyi mgon po trag shad mthing nag g.yas beng gsor zhing g.yon dgra snying bsnams pa bra nag rting dkar la 'chib pa /	49	phrin las kyi mgon po trag shad mthing nag g.yas beng gsor zhing g.yon dgra snying snom ba bra nag rting dkar la chib ba 
BO_TZ39_TI-034:493	lnga ga'ang mi bzad pa'i khro bo gtum drag 'jigs pa'i nyams can /	49	lnga ga mi bzad ba khro bo thum drag jigs ba nyams can 
BO_TZ39_TI-034:494	dar nag gi 'jol ber dang dur khrod rol pa'i chas thams cad kyis brgyan te bam gyi khar bzhugs pa /	49	dar nag gi jol ber dang dur khrod rol ba cha thams cad kyis rgyan te bam gyi khar bzhugs ba 
BO_TZ39_TI-034:495	'dod khams dbang phyug re ma ti nag mo skem zhing sgeg la gtum pa'i gzugs can g.yas khram shing 'phyar zhing g.yon b+hany+dza bzung ba'i mchan na nad rkyal thogs pa ma mo'i chas brgyad kyis spras te rdzu 'phrul drel rta'i steng na btshan skyil gyis bzhugs pa /	49	dod khams dbang phyug re ma ti nag mo skem zhing sgeg la thum ba gzugs can g.yas khram shing phyor zhing g.yon b+hany+dza bzung ba mchan na nad rkyal thogs ba ma mo cha brgyad kyis spras te rdzu phrul drel rta steng na btshan skyil gyis bzhugs ba 
BO_TZ39_TI-034:496	gzhan yang ru 'dren gyi dmag dpon sde bzhi /	49	gzhan yang ru bgrang gyi dmag dpon sde bzhi 
BO_TZ39_TI-034:497	bka' sdod dregs pa sde brgyad /	49	bka sdod dregs ba sde brgyad 
BO_TZ39_TI-034:498	myur mgyogs kyi pho nya las byed sogs srid gsum dregs pa'i tshhogs bsam gyis mi khyab pas bskor ba /	49	myur mgyog kyi pho nya las byed sogs srid gsum dregs ba tshhogs bsam gyis mi khyab ba skor ba 
BO_TZ39_TI-034:499	thams cad kyang khros shing 'khrugs pa'i nyams can /	49	thams cad kyang khro shing khrugs ba nyams can 
BO_TZ39_TI-034:500	mi sdug pa'i rgyan sna tshhogs pas brgyan cing 'bar ba'i me'i phreng ba drag por 'khrug pa'i dbus na gnas pa'o //	50	mi sdug ba rgyan sna tshhogs ba rgyan cing bar ba me phreng ba drag por khrug ba dbus na gnas ba 
BO_TZ39_TI-034:501	thams cad kyi dpral bar a+o~m/	50	thams cad kyi dpral ba 
BO_TZ39_TI-034:502	mgrin par ah thugs kar hu~m/	50	mgrin ba ah thugs kar 
BO_TZ39_TI-034:503	thugs ka'i hu~m las 'od zer 'phros pas lho nub rnga yab gling phran /	50	thugs ka hu~m las d zer phro ba lho nub rnga yab gling phran 
BO_TZ39_TI-034:504	ma la ya gnam lcags 'bar ba'i ri bo /	50	ma la ya gnam lcags bar ba ri bo 
BO_TZ39_TI-034:505	u tsha la yi dur khrod chen po rnams nas dpal ye shes kyi mgon po ma ning nag po 'khor dang bcas pa badzra sa ma dzahsa spyan drangs par bsam zhing /	50	u tsha la yi dur khrod chen po rnams nas dpal ye shes kyi mgon po ma ning nag po khor dang cha ba badzra sa ma dzahsa spyan drangs ba bsam zhing 
BO_TZ39_TI-034:506	hu~m/ dad pa dang ni dam tshhig gis //	50	dad ba dang ni dam tshhig gis 
BO_TZ39_TI-034:507	tshhur gshegs tshhur gshegs lha chen po //	50	tshhur gshegs tshhur gshegs lha chen po 
BO_TZ39_TI-034:508	ma ha ka la mthu bo che //	50	ma ha ka la mthu bo che 
BO_TZ39_TI-034:509	gsang ba'i khro rgyal stobs po che //	50	gsang ba khro rgyal stobs po che 
BO_TZ39_TI-034:510	ma ning nag po kun gyi rje //	51	ma ning nag po kun gyi rje 
BO_TZ39_TI-034:511	gnas 'dir spyan 'dren gshegs su gsol //	51	gnas dir spyan bgrang gshegs su gsol 
BO_TZ39_TI-034:512	'og min gnas mchog dam pa dang // gsang chen lhun grub gtshug lag khang //	51	g min gnas mchog dam ba dang gsang chen lhun grub gtshug lag khang 
BO_TZ39_TI-034:513	dur khrod rab 'jigs gzhal yas nas //	51	dur khrod rab jigs jal yas nas 
BO_TZ39_TI-034:514	thugs dam dbang gis gshegs su gsol //	51	thugs dam dbang gis gshegs su gsol 
BO_TZ39_TI-034:515	lha chen dpal 'bar gshegs su gsol //	51	lha chen dpal bar gshegs su gsol 
BO_TZ39_TI-034:516	legs ldan nag po gshegs su gsol //	51	legs ldan nag po gshegs su gsol 
BO_TZ39_TI-034:517	tshhogs bdag chen po gshegs\u0f8e	51	tshhogs bdag chen po gshegs\u0f8e 
BO_TZ39_TI-034:518	ma ning nag po gshegs\u0f8e	51	ma ning nag po gshegs\u0f8e 
BO_TZ39_TI-034:519	srog bdud nag po gshegs\u0f8e	51	srog bdud nag po gshegs\u0f8e 
BO_TZ39_TI-034:520	mkha' 'gro'i gtsho mo gshegs\u0f8e	52	mkha gro gtsho mo gshegs\u0f8e 
BO_TZ39_TI-034:521	mgon po sde lnga gshegs\u0f8e	52	mgon po sde lnga gshegs\u0f8e 
BO_TZ39_TI-034:522	sring gcig chen mo gshegs\u0f8e	52	sring gcig chen mo gshegs\u0f8e 
BO_TZ39_TI-034:523	mthu chen sde brgyad gshegs\u0f8e	52	mthu chen sde brgyad gshegs\u0f8e 
BO_TZ39_TI-034:524	bdud 'dul dmag tshhogs gshegs su gsol //	52	bdud dul dmag tshhogs gshegs su gsol 
BO_TZ39_TI-034:525	ye shes mgon po 'khor dang bcas //	52	ye shes mgon po khor dang cha 
BO_TZ39_TI-034:526	bstan pa bsrung phyir gshegs su gsol //	52	ston ba bsrung phyir gshegs su gsol 
BO_TZ39_TI-034:527	a+o~m shri ma ha ka la sa pa ri wa ra e h+ye hi badzra sa ma dzah	52	a+o~m shri ma ha ka la sa ba ri wa ra e h+ye hi badzra sa ma dzah 
BO_TZ39_TI-034:528	dzahhu~m bam hoh zhes pas spyan drangs la /	52	dzahhu~m bam hoh zhes ba spyan drangs la 
BO_TZ39_TI-034:529	bzhugs gsol ni /	52	bzhugs gsol ni 
BO_TZ39_TI-034:530	hu~m/ dur khrod rab 'jigs rngam pa'i gzhal yas dbus //	53	dur khrod rab jigs rngam ba jal yas dbus 
BO_TZ39_TI-034:531	sna tshhogs pad+ma nyi zla brtshegs pa'i steng //	53	sna tshhogs pad+ma nyi zla brtshegs ba steng 
BO_TZ39_TI-034:532	ru dra pho mo bsnol ba'i gdan khri la /	53	ru dra pho mo snol ba gdan khri la 
BO_TZ39_TI-034:533	khro rgyal ma ning 'khor bcas bzhugs su gsol //	53	khro rgyal ma ning khor cha bzhugs su gsol 
BO_TZ39_TI-034:534	a+o~m shri ma ha ka la sa pa ri wa ra sa ma ya tish+than+tu /	53	a+o~m shri ma ha ka la sa ba ri wa ra sa ma ya tish+than+tu 
BO_TZ39_TI-034:535	a+o~m badzra sa ma ya ha na ha na hu~m phat kyis dam la bzhag	53	a+o~m badzra sa ma ya ha na ha na hu~m phat kyis dam la jog 
BO_TZ39_TI-034:536	/phyag bya ba ni /	53	byed ba ni 
BO_TZ39_TI-034:537	hu~m/ mnyam med mthu mnga' gtum chen me ltar 'bar //	53	mnyam med mthu mnga thum chen me ltar bar 
BO_TZ39_TI-034:538	ma rungs 'joms mdzad bdud dpung thal bar rlog	53	ma rungs joms mdzad bdud dpung thal ba rlog 
BO_TZ39_TI-034:539	/mthar byed gzhon nu 'jigs pa'i gad rgyangs can //	53	byed gzhon nu jigs ba gad rgyangs can 
BO_TZ39_TI-034:540	ma ha ka la khyod la phyag 'tshhal lo //	54	ma ha ka la khyod la phyag tshhal lo 
BO_TZ39_TI-034:541	a ti pu hoh	54	a ti pu hoh 
BO_TZ39_TI-034:542	pra titsh+tshha hoh mchod pa ni	54	pra titsh+tshha hoh mchod ba ni 
BO_TZ39_TI-034:543	hu~m/ dpal mgon ma ning nag po 'khor bcas dgongs /	54	dpal mgon ma ning nag po khor cha dgongs 
BO_TZ39_TI-034:544	khyed la dgyes pa'i mchod pa 'bul ba ni //	54	khyed la dgyes ba mchod ba bul ba ni 
BO_TZ39_TI-034:545	thod chen b+hany+dza rlon pa'i snod mchog tu //	54	thod chen b+hany+dza rlon ba snod mchog tu 
BO_TZ39_TI-034:546	ba lim gtor ma'i mchod pa rongs se rong //	54	ba lim thor ma mchod ba rongs se rong 
BO_TZ39_TI-034:547	bdud rtshi sman gyi mchod pa brengs se breng //	54	bdud rtshi sman gyi mchod ba brengs se breng 
BO_TZ39_TI-034:548	rak+ta dmar gyi ar+g+ham chi li li //	54	rak+ta dmar gyi ar+g+ham chi li li 
BO_TZ39_TI-034:549	dza gad gser skyems btung ba me re re //	54	dza gad gser skyem thung ba me re re 
BO_TZ39_TI-034:550	mam sa sha chen gsur dud thu lu lu //	55	mam sa sha chen gsur dud thu lu lu 
BO_TZ39_TI-034:551	b+hany+dza rus pa'i tshhogs ni khra la la //	55	b+hany+dza rus ba tshhogs ni khra la la 
BO_TZ39_TI-034:552	bza' dang bca' dang btung ba'i bye brag dang // gzugs sgra dri ro reg bya chos la sogs //	55	bza dang chos dang thung ba bye brag dang gzugs sgra dri ro reg byed chos la sogs 
BO_TZ39_TI-034:553	'dod yon lnga ldan mchod pa sna tshhogs kun //	55	dod yon lnga ldan mchod ba sna tshhogs kun 
BO_TZ39_TI-034:554	dpal mgon ma ning nag po 'khor bcas la //	55	dpal mgon ma ning nag po khor cha la 
BO_TZ39_TI-034:555	dad pa'i blo yis 'bul lo bzhes su gsol //	55	dad ba blo yis bul lo bzhes su gsol 
BO_TZ39_TI-034:556	a+o~m shri ma ha ka la sa pa ri wa ra push+pe nas shab+da'i bar dang / a mr-ita rak+ta ba lim pany+tsha ka ma gu na pra titsh+tshha swa ha/	55	a+o~m shri ma ha ka la sa ba ri wa ra push+pe nas shab+da ba dang a mr-ita rak+ta ba lim pany+tsha ka ma gu na pra titsh+tshha swa 
BO_TZ39_TI-034:557	bzhi pa dpal mgon zhal bzhi pa'i phrin las ni /rtsha gsum yongs rdzogs lha la phyag 'tshhal lo :	55	bzhi ba dpal mgon zhal bzhi ba phrin las ni gsum yongs rdzogs lha la phyag tshhal lo 
BO_TZ39_TI-034:558	bdag 'dra pad+ma 'byung gnas kyis :	55	bdag dra pad+ma byung gnas kyis 
BO_TZ39_TI-034:559	bstan srung kun gyi snying po'i bcud :	55	ston srung kun gyi snying po bcud 
BO_TZ39_TI-034:560	bdud dgra 'joms pa'i gnam lcags 'di :	56	bdud dgra joms ba gnam lcags di 
BO_TZ39_TI-034:561	dus ngan snyigs mar sangs rgyas kyi :	56	dus ngan snyigs mar sangs rgya kyi 
BO_TZ39_TI-034:562	bstan pa srung ba'i lcags rir bzhag :	56	ston ba srung ba lcags rir jog 
BO_TZ39_TI-034:563	las 'phro can dang 'phrad par shog :	56	las phro can dang phrad ba shog 
BO_TZ39_TI-034:564	sa ma ya :	56	sa ma ya 
BO_TZ39_TI-034:565	rgya rgya rgya :	56	rgya rgya rgya 
BO_TZ39_TI-034:566	'di nyid bsgrub cing mchod pa la :	56	di nyid sgrub cing mchod ba la 
BO_TZ39_TI-034:567	sngon 'gro dngos gzhi rjes gsum las :	56	sngon gro dngos gzhi rjes gsum las 
BO_TZ39_TI-034:568	dang po dur khrod drag po'i sar :	56	dang po dur khrod drag po sar 
BO_TZ39_TI-034:569	man+dal gzhi ma nag po'i steng :	56	man+dal gzhi ma nag po steng 
BO_TZ39_TI-034:570	sgrub rdzas mchod sprin tshhang bar bsham :	57	sgrub rdzas mchod sprin tshhang ba bsham 
BO_TZ39_TI-034:571	gzhan yang gnas kyi khang pa de :	57	gzhan yang gnas kyi khang ba de 
BO_TZ39_TI-034:572	bag dro lhun chags nyid du bya :	57	bag dro lhun chags nyid du byed 
BO_TZ39_TI-034:573	de nas bde ba'i stan la 'dug :	57	de nas bde ba stan la dug 
BO_TZ39_TI-034:574	skyabs sems bgegs bsal bdag bskyed sogs :	57	skyob sems bgegs bsal bdag skyed sogs 
BO_TZ39_TI-034:575	las gzhung bzhin du shes byas la :	57	las gzhung bzhin du shes byed la 
BO_TZ39_TI-034:576	de nas mchod pa'i yo byad la :	57	de nas mchod ba yo byad la 
BO_TZ39_TI-034:577	ram yam kham gis bsregs sbyangs bkrus :	57	ram yam kham gis bsregs sbyong khrud 
BO_TZ39_TI-034:578	stong pa'i ngang las rlung me thod sgyed steng :	57	stong ba ngang las rlung me thod sgyed steng 
BO_TZ39_TI-034:579	a las thod par sha lnga bdud rtshi lnga :	57	a las thod ba sha lnga bdud rtshi lnga 
BO_TZ39_TI-034:580	sa bon gyis mtshhan steng du 'bru gsum gyi :	58	sa bon gyis mtshhan steng du bru gsum gyi 
BO_TZ39_TI-034:581	'phro 'dus rdzas zhu nyes skyon dri ma sbyangs :	58	phro du rdzas ju nyes skyon dri ma sbyong 
BO_TZ39_TI-034:582	ye shes bcud drangs gnyis med bdud rtshi ches :	58	ye shes bcud drangs gnyis med bdud rtshi ches 
BO_TZ39_TI-034:583	bka' srung 'khor bcas dgyes skong nus par bsam :	58	bka srung khor cha dgyes skong nus ba bsam 
BO_TZ39_TI-034:584	a+o~m ahhu~m ha ho hri:	58	a+o~m ahhu~m ha ho hri: 
BO_TZ39_TI-034:585	zhes pas mchod pa byin brlabs te :	58	zhes ba mchod ba byin brlabs te 
BO_TZ39_TI-034:586	bdag nyid rnal 'byor la gnas pa'i :	58	bdag nyid rnal byor la gnas ba 
BO_TZ39_TI-034:587	mdun du srung ma gsal ba ni :	58	mdun du srung ma gsal ba ni 
BO_TZ39_TI-034:588	a+o~m ma ha shun+ya ta dz+nya na d+harma d+ha tu dz+nya na badzra swa b+ha wa at+ma ko\u0f85 ham:	58	a+o~m ma ha shun+ya ta dz+nya na d+harma d+ha tu dz+nya na badzra swa b+ha wa at+ma ko\u0f85 ham: 
BO_TZ39_TI-034:589	snang grags 'khor 'das chos kun stong par gyur :	58	snang grags khor da chos kun stong ba gyur 
BO_TZ39_TI-034:590	stong pa'i ngang las mdun du rab 'jigs kyi :	59	stong ba ngang las mdun du rab jigs kyi 
BO_TZ39_TI-034:591	dur khrod chen po 'jigs shing skyi g.ya'i dbus :	59	dur khrod chen po jigs shing skyi g.ya dbus 
BO_TZ39_TI-034:592	b+h+ru~m las mthing nag gru gsum gzhal yas khang :	59	b+h+ru~m las mthing nag gru gsum jal yas khang 
BO_TZ39_TI-034:593	rgya khyon chos dbyings dang mnyam lte ba ru :	59	rgya khyon chos dbyings dang mnyam lte ba ru 
BO_TZ39_TI-034:594	pad+ma nyi zla dregs pa bsnol ba'i steng :	59	pad+ma nyi zla dregs ba snol ba steng 
BO_TZ39_TI-034:595	mthing nag hu~m las skyes pa'i khro bo'i rgyal :	59	mthing nag hu~m las skye ba khro bo rgyal 
BO_TZ39_TI-034:596	ma ha ka la dregs pa kun 'dul ni :	59	ma ha ka la dregs ba kun dul ni 
BO_TZ39_TI-034:597	zhal bzhi phyag bzhi mi bzad rngam pa'i gzugs :	59	zhal bzhi phyag bzhi mi bzad rngam ba gzugs 
BO_TZ39_TI-034:598	g.yas dkar g.yon dmar dbus mthing steng zhal ljang :	59	g.yas dkar g.yon dmar dbus mthing steng zhal ljang 
BO_TZ39_TI-034:599	g.yas pa'i phyag gnyis gri gug ral gri gdengs :	59	g.yas ba phyag gnyis gri gug ral gri gdeng 
BO_TZ39_TI-034:600	g.yon gnyis thod khrag rdo rje'i dbyug pa bsnams :	60	g.yon gnyis thod khrag rdo rje dbyug ba snom 
BO_TZ39_TI-034:601	dmar ser ral pa gyen brdzes khro chung spro :	60	dmar ser ral ba gyen brdzes khro chung spro 
BO_TZ39_TI-034:602	g.yas g.yon rdo rje'i gshog pa rnam par gdengs :	60	g.yas g.yon rdo rje gshog ba rnam ba gdeng 
BO_TZ39_TI-034:603	dur khrod chas dang dpal gyi chas bcus spras :	60	dur khrod cha dang dpal gyi cha chu spras 
BO_TZ39_TI-034:604	zhabs gnyis dor stabs dregs pa'i snying gar brdzis :	60	zhabs gnyis dor stabs dregs ba snying gar brdzis 
BO_TZ39_TI-034:605	gsang ba'i yum mchog re ti sngo skya'i mdog :	60	gsang ba yum mchog re ti sngo skya mdog 
BO_TZ39_TI-034:606	kha t+wam nad rkyal 'dzin cing yab dang 'khril :	60	kha t+wam nad rkyal dzin cing yab dang khril 
BO_TZ39_TI-034:607	rab 'jigs me dpung 'bar ba'i klong du gsal :	60	rab jigs me dpung bar ba klong du gsal 
BO_TZ39_TI-034:608	shar du na las klu bdud rngam pa'i gzugs :	60	char du na las klu bdud rngam ba gzugs 
BO_TZ39_TI-034:609	mthing nag sbrul zhags gri gug phyag na bsnams :	60	mthing nag sbrul zhags gri gug phyag na snom 
BO_TZ39_TI-034:610	ral pa gyen brdzes sku smad sbrul du 'khyil :	61	ral ba gyen brdzes sku smad sbrul du khyil 
BO_TZ39_TI-034:611	dur khrod chas gsol dregs pa'i 'khor gyis bskor :	61	dur khrod cha gsol dregs ba khor gyis skor 
BO_TZ39_TI-034:612	lho ru ya ma ra dza gshin rje'i gtsho :	61	lho ru ya ma ra dza gshin rje gtsho 
BO_TZ39_TI-034:613	dmar nag rdo rje'i thod dbyug dung khrag 'thung :	61	dmar nag rdo rje thod dbyug dung khrag thung 
BO_TZ39_TI-034:614	dur khrod chas ldan ma he ser nag zhon :	61	dur khrod cha ldan ma he ser nag zhon 
BO_TZ39_TI-034:615	rab 'jigs dregs pa mang po'i 'khor gyis bskor :	61	rab jigs dregs ba mang po khor gyis skor 
BO_TZ39_TI-034:616	nub tu ra hu la nyid dmar nag mdog :	61	nub tu ra hu la nyid dmar nag mdog 
BO_TZ39_TI-034:617	chu srin zhags pa thod khrag phyag na bsnams :	61	chu srin zhags ba thod khrag phyag na snom 
BO_TZ39_TI-034:618	mig stong dang ldan chu srin dmar skya zhon :	61	mig stong dang ldan chu srin dmar skya zhon 
BO_TZ39_TI-034:619	dur khrod chas gsol dregs pa'i 'khor gyis bskor :	61	dur khrod cha gsol dregs ba khor gyis skor 
BO_TZ39_TI-034:620	byang du k+sha las srin po smug nag ni :	62	byang du k+sha las srin po smug nag ni 
BO_TZ39_TI-034:621	g.yas g.yon ral gri dung khrag zhal du rngub :	62	g.yas g.yon ral gri dung khrag zhal du rngub 
BO_TZ39_TI-034:622	dur khrod chas ldan zhabs gnyis dor stabs bgrad :	62	dur khrod cha ldan zhabs gnyis dor stabs bgrad 
BO_TZ39_TI-034:623	las byed dregs pa mang po'i 'khor gyis bskor :	62	las byed dregs ba mang po khor gyis skor 
BO_TZ39_TI-034:624	gzhan yang bka' sdod dregs pa las byed dang : sha za bshan pa sprul dang yang sprul bcas :	62	gzhan yang bka sdod dregs ba las byed dang sha za bshan ba sprul dang yang sprul cha 
BO_TZ39_TI-034:625	gsal ba'i thugs ka'i 'od kyis rang 'dra ba'i :	62	gsal ba thugs ka d kyis rang dra ba 
BO_TZ39_TI-034:626	ye shes sems dpa' 'khor bcas spyan drangs bsam :	62	ye shes sems dpa khor cha spyan drangs bsam 
BO_TZ39_TI-034:627	sbyar spos bsreg cing rol mo sgrog :	62	sbyor spros bsreg cing rol mo sgrog 
BO_TZ39_TI-034:628	nga ro'i dbyangs kyis spyan 'dren ni :	62	nga ro dbyangs kyis spyan bgrang ni 
BO_TZ39_TI-034:629	hu~m: chos dbyings rnam dag dbyings las ma g.yos kyang :	62	hu~m: chos dbyings rnam dag dbyings las ma g.yos kyang 
BO_TZ39_TI-034:630	gdug pa 'dul phyir khro bo'i skur ston pa :	63	gdug ba dul phyir khro bo skur ston ba 
BO_TZ39_TI-034:631	srin po'i gzugs can dregs pa spyan 'dren na :	63	srin po gzugs can dregs ba spyan bgrang na 
BO_TZ39_TI-034:632	thugs rje'i dbang gis gnas 'dir gshegs su gsol :	63	thugs rje dbang gis gnas dir gshegs su gsol 
BO_TZ39_TI-034:633	las byed dregs pa klu bdud gshin rje'i rgyal :	63	las byed dregs ba klu bdud gshin rje rgyal 
BO_TZ39_TI-034:634	drang srong chen po sha za srin po sogs :	63	dren srong chen po sha za srin po sogs 
BO_TZ39_TI-034:635	rang rang sprul dang yang sprul bka' nyan bcas :	63	rang rang sprul dang yang sprul bka nyan cha 
BO_TZ39_TI-034:636	dam tshhig dbang gis gnas 'dir gshegs su gsol :	63	dam tshhig dbang gis gnas dir gshegs su gsol 
BO_TZ39_TI-034:637	bzhad pa'i nga ro 'brug sgra stong ldir zhing :	63	bzhad ba nga ro brug sgra stong ldir zhing 
BO_TZ39_TI-034:638	rngam pa'i stangs stabs srid pa gsum g.yo ba :	63	rngam ba stangs stabs srid ba gsum g.yo ba 
BO_TZ39_TI-034:639	'jig rten 'das dang ma 'das 'khor gyi tshhogs :	63	jig rten da dang ma da khor gyi tshhogs 
BO_TZ39_TI-034:640	phyogs bcu'i zhing nas gnas 'dir gshegs su gsol :	64	phyogs chu zhing nas gnas dir gshegs su gsol 
BO_TZ39_TI-034:641	a+o~m shri ma ha ka la dz+nya na na tha re ma ti sa ma ya dzahna ga rak+sha ya ma ra dza ra hu la rak+sha sa badzra sa ma dza :	64	a+o~m shri ma ha ka la dz+nya na na tha re ma ti sa ma ya dzahna ga rak+sha ya ma ra dza ra hu la rak+sha sa badzra sa ma dza 
BO_TZ39_TI-034:642	dzahhu~m bam ho :	64	dzahhu~m bam ho 
BO_TZ39_TI-034:643	spyan drangs bzhugs su gsol ba ni :	64	spyan drangs bzhugs su gsol ba ni 
BO_TZ39_TI-034:644	hu~m: rab 'jigs dur khrod bskal me 'khrug pa'i dbus :	64	hu~m: rab jigs dur khrod bskal me khrug ba dbus 
BO_TZ39_TI-034:645	log 'dren dregs pa pad+ma nyi zla'i steng :	64	log bgrang dregs ba pad+ma nyi zla steng 
BO_TZ39_TI-034:646	dregs pa kun 'dul lha mchog 'khor dang bcas :	64	dregs ba kun dul lha mchog khor dang cha 
BO_TZ39_TI-034:647	phrin las bsgrub phyir brtan par bzhugs su gsol :	64	phrin las sgrub phyir brtan ba bzhugs su gsol 
BO_TZ39_TI-034:648	pad+ma tshan+d+ra sur+ya ti ra sa ma ya tish+tha lhan :	64	pad+ma tshan+d+ra sur+ya ti ra sa ma ya tish+tha lhan 
BO_TZ39_TI-034:649	zhes pas bzhugs gsol dam la bzhag :	64	zhes ba bzhugs gsol dam la jog 
BO_TZ39_TI-034:650	de nas mchod pa'i las rim ni :	65	de nas mchod ba las rim ni 
BO_TZ39_TI-034:651	hu~m: dpal chen mthu stobs dbang phyug 'khor bcas la :	65	hu~m: dpal chen mthu stobs dbang phyug khor cha la 
BO_TZ39_TI-034:652	ma rungs log 'dren dgra dang bgegs rnams kyi :	65	ma rungs log bgrang dgra dang bgegs rnams kyi 
BO_TZ39_TI-034:653	dbang po lnga dang tshhil chen don snying lnga :	65	dbang po lnga dang tshhil chen don snying lnga 
BO_TZ39_TI-034:654	sha khrag dmar gyis brgyan pa'i gtor ma dang : dmar chen rak+ta pany+tsha a mr-i ta :	65	sha khrag dmar gyis rgyan ba thor ma dang dmar chen rak+ta pany+tsha a mr-i ta 
BO_TZ39_TI-034:655	mthun rdzas 'dod pa'i longs spyod bsam mi khyab :	65	mthun rdzas dod ba longs spyod bsam mi khyab 
BO_TZ39_TI-034:656	ma lus dngos bshams yid sprul dam pa 'di :	65	ma lus dngos bshams yid sprul dam ba di 
BO_TZ39_TI-034:657	bstan srung rgyal po 'khor dang bcas la 'bul :	65	ston srung rgyal po khor dang cha la bul 
BO_TZ39_TI-034:658	thugs rje thugs dam dbang gis bzhes nas kyang :	65	thugs rje thugs dam dbang gis bzhes nas kyang 
BO_TZ39_TI-034:659	sangs rgyas bstan pa gnyan po bsrung du gsol :	65	sangs rgya ston ba gnyan po bsrung du gsol 
BO_TZ39_TI-034:660	sarba pu dza i dam ba lim ta kha kha kha hi kha hi :	66	sarba pu dza i dam ba lim ta kha kha kha hi kha hi 
BO_TZ39_TI-034:661	zhes mchod :	66	zhes mchod 
BO_TZ39_TI-034:662	lnga pa sngags srung ma'i phrin las ni /	66	lnga ba sngags srung ma phrin las ni 
BO_TZ39_TI-034:663	a+o~m ma ha shun+ya ta dz+nya na badzra swa b+ha wa at+ma ko\u0f85 ham/	66	a+o~m ma ha shun+ya ta dz+nya na badzra swa b+ha wa at+ma ko\u0f85 
BO_TZ39_TI-034:664	stong pa'i ngang las mdun gyi nam mkhar dur khrod chen po'i dbus su yam las bskal pa'i me rlung dmar nag 'bar zhing 'tshhub pa'i klong du ra las rak+ta'i rgya mtshho rba klong 'khrug pa /	66	stong ba ngang las mdun gyi nam mkhar dur khrod chen po dbus su yam las bskal ba me rlung dmar nag bar zhing tshhub ba klong du ra las rak+ta rgya mtshho rba klong khrug ba 
BO_TZ39_TI-034:665	kem las rus pa'i ri rab 'dzings stabs su brtshigs pa'i steng du b+h+ru~m las b+hany+dza 'bar ba'i gzhal yas khang rgya khyon tshhad med pa 'jigs shing rngam pa'i rgyan thams cad kyis brgyan pa'i dbus su /	66	kem las rus ba ri rab dzings stabs su brtshigs ba steng du b+h+ru~m las b+hany+dza bar ba jal yas khang rgya khyon tshhad med ba jigs shing rngam ba rgyan thams cad kyis rgyan ba dbus su 
BO_TZ39_TI-034:666	pad+ma dang nyi ma dgra bgegs kyi gdan la trag yig smug nag yongs su gyur pa las dpal ye shes kyi ma mo sngags kyi srung ma sku mdog smug nag dud sprin 'khrigs pa lta bu /	66	pad+ma dang nyi ma dgra bgegs kyi gdan la trag yig smug nag yongs su gyur ba las dpal ye shes kyi ma mo sngags kyi srung ma sku mdog smug nag dud sprin khrig ba lta bu 
BO_TZ39_TI-034:667	zhal gcig phyag gnyis pa khro gtum mi bzad pa'i gzugs can /	66	zhal gcig phyag gnyis ba khro thum mi bzad ba gzugs can 
BO_TZ39_TI-034:668	dpral ba'i dbyings na ye shes kyi spyan gcig dmar zlum gzir zhing blta ba /	66	dpral ba dbyings na ye shes kyi spyan gcig dmar zlum gzir zhing lta ba 
BO_TZ39_TI-034:669	zhal rab tu gdangs shing zla tshhes lta bu'i mche ba gcig thur du gtshigs pa /	66	zhal rab tu gdang shing zla tshhes lta bu mche ba gcig thur du gtshigs ba 
BO_TZ39_TI-034:670	ljags 'dril zhing hu~m dang b+h+yo'i nga ro drag po sgrog pa /	67	ljags dril zhing hu~m dang b+h+yo nga ro drag po sgrog ba 
BO_TZ39_TI-034:671	ral pa kham nag thur du grol ba'i dbus na lcags kyi ral pa nyag gcig gyen du gzengs pa /	67	ral ba kham nag thur du grol ba dbus na lcags kyi ral ba nyag gcig gyen du gzengs ba 
BO_TZ39_TI-034:672	thugs ka na bdud rtshi'i rgyun 'dzag pa'i nu ma gcig 'phyang ba /	67	thugs ka na bdud rtshi rgyun dzag ba nu ma gcig phyang ba 
BO_TZ39_TI-034:673	phyag g.yas zhing gi dbyug pa klad la 'phyar zhing /	67	phyag g.yas zhing gi dbyug ba klad la phyor zhing 
BO_TZ39_TI-034:674	g.yon dgra snying dang lcags spyang khra thabs su 'gyed pa /	67	g.yon dgra snying dang lcags spyang khra thabs su gyed ba 
BO_TZ39_TI-034:675	thod pa skam po'i cod pan dang do shal can /	67	thod ba skam po cod pan dang do shal can 
BO_TZ39_TI-034:676	mi lpags kyi g.yang gzhi dang 'ja' sprin gyis stod g.yogs shing stag gi pags pa'i sham thabs 'phyang ba /	67	mi lpags kyi g.yang gzhi dang ja sprin gyis stod g.yogs shing stag gi pags ba sham thabs phyang ba 
BO_TZ39_TI-034:677	phyag rgya lngas brgyan te g.yon brkyang ba'i gar stabs kyis ro'i gdan la rol ba /	67	phyag rgya lngas rgyan te g.yon rkyong ba gar stabs kyis ro gdan la rol ba 
BO_TZ39_TI-034:678	'khor sprul pa'i ma mo rnam gsum /	67	khor sprul ba ma mo rnam gsum 
BO_TZ39_TI-034:679	sbyor sgrol srog gcod kyi ging gsum /	67	sbyor sgrol srog gcod kyi ging gsum 
BO_TZ39_TI-034:680	ye shes kyi ma mo lnga /	68	ye shes kyi ma mo lnga 
BO_TZ39_TI-034:681	rje mo bcu bzhi /	68	rje mo chu bzhi 
BO_TZ39_TI-034:682	sman mo lnga bcu rtsha brgyad sogs snang srid ma mo'i 'khor tshhogs bsam gyis mi khyab pas bskor ba /	68	sman mo lnga chu rtsha brgyad sogs snang srid ma mo khor tshhogs bsam gyis mi khyab ba skor ba 
BO_TZ39_TI-034:683	ma mo'i mdun du b+h+yo las bshan pa srog sgrub nag mo rngam zhing khros pa /	68	ma mo mdun du b+h+yo las bshan ba srog sgrub nag mo rngam zhing khro ba 
BO_TZ39_TI-034:684	g.yas chu gri rnon po 'phyar zhing g.yon dgra bo'i glo snying za ba /	68	g.yas chu gri rnon po phyor zhing g.yon dgra bo glo snying za ba 
BO_TZ39_TI-034:685	mi lpags kyi gos dang thod rus sbrul gyis brgyan cing srid pa'i rlung nag zhon pa /	68	mi lpags kyi gos dang thod rus sbrul gyis rgyan cing srid ba rlung nag zhon ba 
BO_TZ39_TI-034:686	g.yas na ce spyang gdong ma /	68	g.yas na ce spyang gdong ma 
BO_TZ39_TI-034:687	g.yon na wa gdong ma /	68	g.yon na wa gdong ma 
BO_TZ39_TI-034:688	mdun na 'ug gdong ma sogs sha za dang ma mo 'bum sdes bskor ba /	68	mdun na ug gdong ma sogs sha za dang ma mo bum sdes skor ba 
BO_TZ39_TI-034:689	ma mo'i g.yas su tri las gza' bdud ra hu la smug nag mgo bo dgu pa phyag bzhi'i dang po gnyis chu srin gyi rgyal mtshhan dang sbrul zhags /	68	ma mo g.yas su tri las gza bdud ra hu la smug nag mgo bo dgu ba phyag bzhi dang po gnyis chu srin gyi rgyal mtshhan dang sbrul zhags 
BO_TZ39_TI-034:690	'og ma gnyis mda' gzhus dgra snying gzir ba /	69	g ma gnyis mda gzhus dgra snying gzir ba 
BO_TZ39_TI-034:691	lus kun mig gis gang zhing ro smad sbrul du 'khyil ba /	69	lus kun mig gis gang zhing ro smad sbrul du khyil ba 
BO_TZ39_TI-034:692	dur khrod 'jigs pa'i chas can /	69	dur khrod jigs ba cha can 
BO_TZ39_TI-034:693	gza' dang gdong mo rgyu skar sogs 'jigs byed dregs pa'i tshhogs kyis bskor ba /	69	gza dang gdong mo rgyu skar sogs jigs byed dregs ba tshhogs kyis skor ba 
BO_TZ39_TI-034:694	ma mo'i rgyab tu k+sha las gnod sbyin bshan pa dmar nag	69	ma mo rgyab tu k+sha las gnod sbyin bshan ba dmar nag 
BO_TZ39_TI-034:695	/zhal gcig phyag bzhi pa g.yas gnyis gri gug dang ral gri	69	gcig phyag bzhi ba g.yas gnyis gri gug dang ral gri 
BO_TZ39_TI-034:696	/g.yon gnyis thod pa dang sbrul zhags 'dzin pa /	69	gnyis thod ba dang sbrul zhags dzin ba 
BO_TZ39_TI-034:697	dar dmar gyi ber dang dur khrod kyi chas can /	69	dar dmar gyi ber dang dur khrod kyi cha can 
BO_TZ39_TI-034:698	mkha' lding la zhon pa /	69	mkha lding la zhon ba 
BO_TZ39_TI-034:699	las byed pho nya sde brgyad sogs sha za bshan pa'i tshhogs kyis bskor ba /	69	las byed pho nya sde brgyad sogs sha za bshan ba tshhogs kyis skor ba 
BO_TZ39_TI-034:700	ma mo'i g.yon du tri las skyes mchog rdo rje legs pa dmar po /	70	ma mo g.yon du tri las skye mchog rdo rje legs ba dmar po 
BO_TZ39_TI-034:701	phyag g.yas rdo rjes dgra mgo gzir zhing /	70	phyag g.yas rdo rjes dgra mgo gzir zhing 
BO_TZ39_TI-034:702	g.yon mi snying 'dzin pa /	70	g.yon mi snying dzin ba 
BO_TZ39_TI-034:703	dar dkar gyi ber dang brjid pa'i chas can /	70	dar dkar gyi ber dang brjid ba cha can 
BO_TZ39_TI-034:704	ra skyes kham pa la zhon pa /	70	ra skye kham ba la zhon ba 
BO_TZ39_TI-034:705	'khor ging chen sde bzhi lha btshan bdud kyi dge bsnyen sum brgya drug cu dgyes sde mo bcu gnyis za byed mche ba can sogs dregs pa'i tshhogs kyis bskor ba /	70	khor ging chen sde bzhi lha btshan bdud kyi dge snyen sum brgya drug cu dgyes sde mo chu gnyis za byed mche ba can sogs dregs ba tshhogs kyis skor ba 
BO_TZ39_TI-034:706	gzhan yang phyi'i khor yug la ye shes dang las las grub pa'i dregs pa pho rgyud mo rgyud pho nya las byed bsam gyis mi khyab pa'i tshhogs kyis bskor ba /	70	gzhan yang phyi khor yug la ye shes dang las las grub ba dregs ba pho brgyud mo brgyud pho nya las byed bsam gyis mi khyab ba tshhogs kyis skor ba 
BO_TZ39_TI-034:707	thams cad kyang 'jigs shing rngam pa'i gzugs 'chang zhing phrin las 'dod dgur bsgyur bas sgrub pa po'i re 'dod yid bzhin du skong ba'i tshhul gyis gnas pa'o //	70	thams cad kyang jigs shing rngam ba gzugs chang zhing phrin las dod dgur sgyur ba sgrub ba po re dod yid bzhin du skong ba tshhul gyis gnas ba 
BO_TZ39_TI-034:708	thams cad kyi dpral bar a+o~m/	70	thams cad kyi dpral ba 
BO_TZ39_TI-034:709	mgrin par ah thugs kar hu~m/	70	mgrin ba ah thugs kar 
BO_TZ39_TI-034:710	thugs ka'i hu~m las 'od zer 'phros pas chos dbyings yum gyi mkha'/	71	thugs ka hu~m las d zer phro ba chos dbyings yum gyi 
BO_TZ39_TI-034:711	lho phyogs rgya mtshho'i gling /	71	lho phyogs rgya mtshho gling 
BO_TZ39_TI-034:712	ri rab kyi rtshe /	71	ri rab kyi rtshe 
BO_TZ39_TI-034:713	dur khrod chen po brgyad sogs grub pa'i gnas yul dgyes par spyod pa'i zhing khams thams cad nas ye shes kyi ma mo 'khor dang bcas pa badzra sa ma dzahsa spyan drangs par bsam zhing /	71	dur khrod chen po brgyad sogs grub ba gnas yul dgyes ba spyod ba zhing khams thams cad nas ye shes kyi ma mo khor dang cha ba badzra sa ma dzahsa spyan drangs ba bsam zhing 
BO_TZ39_TI-034:714	b+h+yoh bde chen kun bzang yum gyi mkha'//	71	b+h+yoh bde chen kun bzang yum gyi 
BO_TZ39_TI-034:715	rang byung ye shes spros bral dbyings //	71	rang byung ye shes spros bral dbyings 
BO_TZ39_TI-034:716	dmigs med chos sku'i dkyil 'khor nas //	71	dmigs med chos sku dkyil khor nas 
BO_TZ39_TI-034:717	thugs rjes sprul pa'i skur bzhengs ma //	71	thugs rjes sprul ba skur bzhengs ma 
BO_TZ39_TI-034:718	mkha' 'gro kun gyi gtsho mo che //	71	mkha gro kun gyi gtsho mo che 
BO_TZ39_TI-034:719	srid gsum dbang bsgyur ral gcig ma //	71	srid gsum dbang sgyur ral gcig ma 
BO_TZ39_TI-034:720	gsang sngags bka' srung sgrol ba'i yum //	72	gsang sngags bka srung sgrol ba yum 
BO_TZ39_TI-034:721	smug nag khros ma gshegs su gsol //	72	smug nag khro ma gshegs su gsol 
BO_TZ39_TI-034:722	dad pa dang ni dam tshhig gis //	72	dad ba dang ni dam tshhig gis 
BO_TZ39_TI-034:723	tshhur gshegs tshhur gshegs ma gcig kye //	72	tshhur gshegs tshhur gshegs ma gcig kye 
BO_TZ39_TI-034:724	ming po rdo rjes deng 'bod kyis //	72	ming po rdo rjes deng bod kyis 
BO_TZ39_TI-034:725	sring mo dam can da tshhur byon //	72	sring mo dam can da tshhur byon 
BO_TZ39_TI-034:726	b+h+yoh dur khrod gnas nas mkha' 'gro ma //	72	b+h+yoh dur khrod gnas nas mkha gro ma 
BO_TZ39_TI-034:727	mi bsrun bshan pa gshegs su gsol //	72	mi bsrun bshan ba gshegs su gsol 
BO_TZ39_TI-034:728	bar snang khams nas 'jigs byed gtsho /	72	ba snang khams nas jigs byed gtsho 
BO_TZ39_TI-034:729	khyab 'jug chen po gshegs su gsol //	72	khyab jug chen po gshegs su gsol 
BO_TZ39_TI-034:730	he chen brdal nas sgrol ba'i ging //	73	he chen rdal nas sgrol ba ging 
BO_TZ39_TI-034:731	gnod sbyin chen po gshegs su gsol //	73	gnod sbyin chen po gshegs su gsol 
BO_TZ39_TI-034:732	dam tshhig gnas nas thig le rtshal //	73	dam tshhig gnas nas thig le rtshal 
BO_TZ39_TI-034:733	rdo rje legs pa gshegs su gsol //	73	rdo rje legs ba gshegs su gsol 
BO_TZ39_TI-034:734	bstan pa skyong ba'i dam can rnams //	73	ston ba skyong ba dam can rnams 
BO_TZ39_TI-034:735	so so'i mngag gzhug pho nyar bcas //	73	so so mngag jug pho nyar cha 
BO_TZ39_TI-034:736	dam tshhig gnas 'dir spyan 'dren gyis //	73	dam tshhig gnas dir spyan bgrang gyis 
BO_TZ39_TI-034:737	phrin las bsgrub phyir gshegs su gsol //	73	phrin las sgrub phyir gshegs su gsol 
BO_TZ39_TI-034:738	a+o~m ro ru e ka tsha ti snying kha rag+mo ru lu ru lu hu~m b+h+yo hu~m dzahdzah	73	a+o~m ro ru e ka tsha ti snying kha rag+mo ru lu ru lu hu~m b+h+yo hu~m dzahdzah 
BO_TZ39_TI-034:739	trag rak+sha sa pa ri wa ra e h+ye hi badzra sa ma dzah	73	trag rak+sha sa ba ri wa ra e h+ye hi badzra sa ma dzah 
BO_TZ39_TI-034:740	dzahhu~m bam hoh zhes spyan drangs la /	74	dzahhu~m bam hoh zhes spyan drangs la 
BO_TZ39_TI-034:741	bzhugs gsol ni /	74	bzhugs gsol ni 
BO_TZ39_TI-034:742	hu~m/ chos kyi dbyings nas bzhengs pa ni //	74	chos kyi dbyings nas bzhengs ba ni 
BO_TZ39_TI-034:743	smug nag khros ma rag gdong ma //	74	smug nag khro ma rag gdong ma 
BO_TZ39_TI-034:744	sngags kyi srung ma 'khor dang bcas //	74	sngags kyi srung ma khor dang cha 
BO_TZ39_TI-034:745	'dir bshams 'bar ba'i gdan la bzhugs //	74	dir bshams bar ba gdan la bzhugs 
BO_TZ39_TI-034:746	trag rak+sha sa ma ya tish+than+tu /	74	trag rak+sha sa ma ya tish+than+tu 
BO_TZ39_TI-034:747	phyag bya ba ni /	74	phyag byed ba ni 
BO_TZ39_TI-034:748	hu~m/ dpal ldan ye shes mkha' 'gro'i gtsho //	74	dpal ldan ye shes mkha gro gtsho 
BO_TZ39_TI-034:749	sngags srung ma mo ral gcig ma //	74	sngags srung ma mo ral gcig ma 
BO_TZ39_TI-034:750	mthu chen dregs pa chen po bzhi //	75	mthu chen dregs ba chen po bzhi 
BO_TZ39_TI-034:751	'khor dang bcas la phyag 'tshhal lo //	75	khor dang cha la phyag tshhal lo 
BO_TZ39_TI-034:752	a ti pu hoh	75	a ti pu hoh 
BO_TZ39_TI-034:753	pra titsh+tshha hoh mchod pa ni /	75	pra titsh+tshha hoh mchod ba ni 
BO_TZ39_TI-034:754	hu~m/ rab 'byams zhing kun gang ba'i mchod pa'i sprin //	75	rab byam zhing kun gang ba mchod ba sprin 
BO_TZ39_TI-034:755	me tog phreng mdzes bdug spos sprin phung g.yo //	75	me tog phreng mdzes bdug spros sprin phung g.yo 
BO_TZ39_TI-034:756	'od 'bar snang gsal dri chab lbu phreng bzhad //	75	d bar snang gsal dri chab lbu phreng bzhad 
BO_TZ39_TI-034:757	ro brgya'i zhal zas snyan brjid rol mo 'khrol //	75	ro brgya zhal zas snyan brjid rol mo khrol 
BO_TZ39_TI-034:758	sha rus don snying nang rol sna tshhogs dang // rmad byung bdud rtshi rak+ta btung ba'i mtshho //	75	sha rus don snying nang rol sna tshhogs dang rmad byung bdud rtshi rak+ta thung ba mtshho 
BO_TZ39_TI-034:759	'dod yon bza' bca'i gtor ma bsam mi khyab //	75	dod yon bza bca thor ma bsam mi khyab 
BO_TZ39_TI-034:760	gzugs mdzes sgra snyan dri zhim ro bda' dang // reg 'jam lha mi'i mchod sprin ji snyed kyis //	76	gzugs mdzes sgra snyan dri zhim ro ded dang reg jam lha mi mchod sprin ji snyed kyis 
BO_TZ39_TI-034:761	mchod do dgyes par rol la phrin las mdzod //	76	mchod do dgyes ba rol la phrin las mdzod 
BO_TZ39_TI-034:762	a+o~m trag rak+sha sa pa ri wa ra push+pe nas shab+da'i bar dang / a mr-ita rak+ta ba lim pany+tsha ka ma gu na pra titsh+tshha swa ha/	76	a+o~m trag rak+sha sa ba ri wa ra push+pe nas shab+da ba dang a mr-ita rak+ta ba lim pany+tsha ka ma gu na pra titsh+tshha swa 
BO_TZ39_TI-034:763	drug pa lha chen dbang phyug chen po'i phrin las ni /	76	drug ba lha chen dbang phyug chen po phrin las ni 
BO_TZ39_TI-034:764	a+o~m swa b+ha wa sogs kyis stong pa nyid du sbyangs /	76	a+o~m swa b+ha wa sogs kyis stong ba nyid du sbyong 
BO_TZ39_TI-034:765	stong pa'i ngang las rang gi mdun du pad+ma ra ga las grub pa'i gzhal yas khang zla gam sgo gcig pa 'od zer 'bar ba'i dbus su /	76	stong ba ngang las rang gi mdun du pad+ma ra ga las grub ba jal yas khang zla gam sgo gcig ba d zer bar ba dbus su 
BO_TZ39_TI-034:766	pad+ma dang nyi ma'i dkyil 'khor gyi steng du am yig dmar po 'bar ba /	76	pad+ma dang nyi ma dkyil khor gyi steng du am yig dmar po bar ba 
BO_TZ39_TI-034:767	de las 'od zer 'phros /	76	de las d zer phro 
BO_TZ39_TI-034:768	'phags pa mchod /	76	phag ba mchod 
BO_TZ39_TI-034:769	snod bcud thams cad dbang du bsdus nas 'od zer dmar po'i rnam pas am la thim /	76	snod bcud thams cad dbang du sdud nas d zer dmar po rnam ba am la thim 
BO_TZ39_TI-034:770	de yongs su gyur pa las /	77	de yongs su gyur ba las 
BO_TZ39_TI-034:771	lha chen dbang phyug chen po sku mdog pad+ma ra ga ltar dmar zhing 'od 'bar ba /	77	lha chen dbang phyug chen po sku mdog pad+ma ra ga ltar dmar zhing d bar ba 
BO_TZ39_TI-034:772	zhal gcig phyag gnyis spyan gsum pa chags pa dang sgeg pa'i nyams can /	77	zhal gcig phyag gnyis spyan gsum ba chags ba dang sgeg ba nyams can 
BO_TZ39_TI-034:773	cung zad khro la 'dzum pa /	77	cung zad khro la dzum ba 
BO_TZ39_TI-034:774	g.yas khams gsum 'gugs pa'i lcags kyu 'phyar stabs su 'dzin cing /	77	g.yas khams gsum gugs ba lcags kyu phyor stabs su dzin cing 
BO_TZ39_TI-034:775	g.yon sdigs mdzub dang bcas pas rlung gi zhags pa 'dzin pa /	77	g.yon sdigs mdzub dang cha ba rlung gi zhags ba dzin ba 
BO_TZ39_TI-034:776	zhabs g.yas bskum zhing g.yon brkyang ba'i dor stabs kyis bzhugs pa /	77	zhabs g.yas skum zhing g.yon rkyong ba dor stabs kyis bzhugs ba 
BO_TZ39_TI-034:777	dbu skra ral pa'i thor tshhugs can zur phud la zla ba tshhes pas brgyan pa /	77	dbu skra ral ba thor tshhugs can zur bud la zla ba tshhes ba rgyan ba 
BO_TZ39_TI-034:778	gcer bu ling+ga sgreng zhing bde ba rgyas pa'i nyams gsal ba /	77	bcer bu ling+ga sgreng zhing bde ba rgya ba nyams gsal ba 
BO_TZ39_TI-034:779	dar sna tshhogs pa'i stod g.yogs dang cod pan 'chang zhing /	77	dar sna tshhogs ba stod g.yogs dang cod pan chang zhing 
BO_TZ39_TI-034:780	ut+pal dmar po'i do shal dang rin po che'i rgyan gyis brgyan pa /	78	ut+pal dmar po do shal dang rin po che rgyan gyis rgyan ba 
BO_TZ39_TI-034:781	de'i g.yon du yum u ma de bi dmar gsal mdzes 'dzum lang tshho rgyas shing lcags kyu dang zhags pa 'dzin pa /	78	de g.yon du yum u ma de bi dmar gsal mdzes dzum lang tshho rgya shing lcags kyu dang zhags ba dzin ba 
BO_TZ39_TI-034:782	dar dang me tog dmar po'i rgyan can skra grol ba /	78	dar dang me tog dmar po rgyan can skra grol ba 
BO_TZ39_TI-034:783	lha mo'i cha byad rdzogs pas yab la brten te bzhengs stabs su gnas pa /	78	lha mo cha byad rdzogs ba yab la rten te bzhengs stabs su gnas ba 
BO_TZ39_TI-034:784	phyogs kyi 'dab ma bzhi la gsang ba'i da ki 'gugs byed ma /	78	phyogs kyi dab ma bzhi la gsang ba da ki gugs byed ma 
BO_TZ39_TI-034:785	'ching byed ma /	78	ching byed ma 
BO_TZ39_TI-034:786	rmongs byed ma /	78	rmongs byed ma 
BO_TZ39_TI-034:787	myos byed ma bzhi ste /	78	myos byed ma bzhi ste 
BO_TZ39_TI-034:788	thams cad kyang bin+du ka'i mdog can lcags kyu dang zhags pa 'dzin pa 'dzum zhing chags pa'i nyams can /	78	thams cad kyang bin+du ka mdog can lcags kyu dang zhags ba dzin ba dzum zhing chags ba nyams can 
BO_TZ39_TI-034:789	'greng stabs su 'khod pa /	78	greng stabs su khod ba 
BO_TZ39_TI-034:790	gzhan yang khams gsum gyi dregs pa can thams cad kyis bskor zhing 'od zer dmar po rab tu 'khrug pa'i dbus na bzhugs par gyur /	79	gzhan yang khams gsum gyi dregs ba can thams cad kyis skor zhing d zer dmar po rab tu khrug ba dbus na bzhugs ba gyur 
BO_TZ39_TI-034:791	de rnams kyi spyi bor a+o~m/	79	de rnams kyi spyi bor 
BO_TZ39_TI-034:792	mgrin par ah snying gar hu~m dang so so'i sa bon gyis mtshhan pa dang / rang gi snying ga nas 'phros pa'i 'od zer gyis tshhangs pa'i gnas dang / gangs dkar ti se /	79	mgrin ba ah snying gar hu~m dang so so sa bon gyis mtshhan ba dang rang gi snying ga nas phro ba d zer gyis tshhangs ba gnas dang gangs dkar ti se 
BO_TZ39_TI-034:793	rgya mtshho chen po'i 'gram la sogs pa nas lha chen lcam dral 'khor dang bcas pa nam mkha' la sprin phung gtibs pa bzhin byon par bsam mo //	79	rgya mtshho chen po grams la sogs ba nas lha chen lcam dral khor dang cha ba nam mkha la sprin phung gtibs ba bzhin byon ba bsam mo 
BO_TZ39_TI-034:794	spyan 'dren pa ni /	79	spyan bgrang ba ni 
BO_TZ39_TI-034:795	lag gnyis lcags kyu'i rgya bcings te /	79	lag gnyis lcags kyu rgya ching te 
BO_TZ39_TI-034:796	a+o~m ma ha de wa a kar+sha ya dzahdza :	79	a+o~m ma ha de wa a kar+sha ya dzahdza 
BO_TZ39_TI-034:797	zhes bzla zhing dar gyi g.yab mo sbyar spos kyi bdug pa rol mo'i 'gyur ba snyan pa'i dbyangs dang bcas pas /	79	zhes bzla zhing dar gyi g.yab mo sbyor spros kyi bdug ba rol mo gyur ba snyan ba dbyangs dang cha ba 
BO_TZ39_TI-034:798	dza : tshhur byon tshhur byon lha chen po :	79	dza tshhur byon tshhur byon lha chen po 
BO_TZ39_TI-034:799	'jig rten skyong ba dbang phyug che :	79	jig rten skyong ba dbang phyug che 
BO_TZ39_TI-034:800	mngon shes rdzu 'phrul thabs la mkhas :	80	mngon shes rdzu phrul thabs la mkhas 
BO_TZ39_TI-034:801	chags pa'i zhal la sgeg pa'i sku :	80	chags ba zhal la sgeg ba sku 
BO_TZ39_TI-034:802	gu lang chen po lha yi lha :	80	gu lang chen po lha yi lha 
BO_TZ39_TI-034:803	u ma yum dang gnyis su med :	80	u ma yum dang gnyis su med 
BO_TZ39_TI-034:804	khyod ni dbang phyug chen po ste :	80	khyod ni dbang phyug chen po ste 
BO_TZ39_TI-034:805	khams gsum ma lus dbang du byed :	80	khams gsum ma lus dbang du byed 
BO_TZ39_TI-034:806	khyod ni 'jigs byed chen po ste :	80	khyod ni jigs byed chen po ste 
BO_TZ39_TI-034:807	srid gsum ma lus zil gyis gnon :	80	srid gsum ma lus zil gyis gnon 
BO_TZ39_TI-034:808	dregs pa'i lha chen thams cad kyang :	80	dregs ba lha chen thams cad kyang 
BO_TZ39_TI-034:809	khyod kyi 'khor dang g.yog lags kyi :	80	khyod kyi khor dang g.yog lags kyi 
BO_TZ39_TI-034:810	las la ma g.yel da tshhur byon :	81	las la ma g.yel da tshhur byon 
BO_TZ39_TI-034:811	dus la bab bo gshegs su gsol :	81	dus la bab bo gshegs su gsol 
BO_TZ39_TI-034:812	zhes dang / sngar bzhin 'bod sngags rol mo'i sgra yun ring du sbyar bas spyan drangs /	81	zhes dang sngar bzhin bod sngags rol mo sgra yun ring du sbyor ba spyan drangs 
BO_TZ39_TI-034:813	dzahhu~m bam ho :	81	dzahhu~m bam ho 
BO_TZ39_TI-034:814	sa ma ya tish+tha lhan :	81	sa ma ya tish+tha lhan 
BO_TZ39_TI-034:815	zhes brjod pas /	81	zhes rjod ba 
BO_TZ39_TI-034:816	dam tshhig pa dang gnyis su med par bzhugs par bsam la /	81	dam tshhig ba dang gnyis su med ba bzhugs ba bsam la 
BO_TZ39_TI-034:817	a+o~m badzra sa ma ya rak+sha hu~m:	81	a+o~m badzra sa ma ya rak+sha hu~m: 
BO_TZ39_TI-034:818	zhes tri shu la'i rgya bstan te /	81	zhes tri shu la rgya ston te 
BO_TZ39_TI-034:819	lha chen lcam dral 'khor dang bcas pa rnams kyis /	81	lha chen lcam dral khor dang cha ba rnams kyis 
BO_TZ39_TI-034:820	gar dbang thugs rje chen po /	82	gar dbang thugs rje chen po 
BO_TZ39_TI-034:821	o rgyan pad+ma 'byung gnas /	82	o rgyan pad+ma byung gnas 
BO_TZ39_TI-034:822	lo chen bai ro tsha na /	82	lo chen bai ro tsha na 
BO_TZ39_TI-034:823	mkha' 'gro ye shes mtshho rgyal /	82	mkha gro ye shes mtshho rgyal 
BO_TZ39_TI-034:824	mnga' bdag khri srong lde'u btshan /	82	mnga bdag khri srong ldeu btshan 
BO_TZ39_TI-034:825	rig 'dzin 'gyur med rdo rje la sogs te rtsha ba dang brgyud par bcas pa'i bla ma dam pa rnams kyi bka' dang dam las ma 'da' bar sangs rgyas kyi bstan pa sogs nas /	82	rig dzin gyur med rdo rje la sogs te rtsha ba dang brgyud ba cha ba bla ma dam ba rnams kyi bka dang dam las ma da ba sangs rgya kyi ston ba sogs nas 
BO_TZ39_TI-034:826	phrin las mdzod cig	82	phrin las mdzod cig 
BO_TZ39_TI-034:827	/ces pa'i bar dam bsgrags pas ci bsgo ba'i bka' nod par bsam mo //	82	ba ba dam sgrog ba ci sgo ba bka nod ba bsam mo 
BO_TZ39_TI-034:828	thun mong gi mchod pa ni /	82	thun mong gi mchod ba ni 
BO_TZ39_TI-034:829	tshhogs rje tshhogs bdag dbang dang ldan :	82	tshhogs rje tshhogs bdag dbang dang ldan 
BO_TZ39_TI-034:830	lha chen lcam dral 'khor bcas rnams :	83	lha chen lcam dral khor cha rnams 
BO_TZ39_TI-034:831	dngos su bshams dang yid sprul gyi :	83	dngos su bshams dang yid sprul gyi 
BO_TZ39_TI-034:832	mchod pa bzang po 'di bzhes la :	83	mchod ba bzang po di bzhes la 
BO_TZ39_TI-034:833	me tog phreng sogs rin chen dbyig :	83	me tog phreng sogs rin chen dbyig 
BO_TZ39_TI-034:834	la du myos byed yid bzhin zas :	83	la du myos byed yid bzhin zas 
BO_TZ39_TI-034:835	spos dang sman sbyar til mar sgron :	83	spros dang sman sbyor til mar sgron 
BO_TZ39_TI-034:836	bshos gtshang yon chab sna tshhogs dang : 'bras chang rgun chang btung ba'i mchog :	83	bshos gtshang yon chab sna tshhogs dang bras chang rgun chang thung ba mchog 
BO_TZ39_TI-034:837	sbrang rtshi bu ram mngar ba'i ro :	83	sbrang rtshi bu ram mngar ba ro 
BO_TZ39_TI-034:838	rak+ta bcud chen gi'u wam dang : btshos dang rjen sha khu ba rkang :	83	rak+ta bcud chen giu wam dang btshos dang rjen sha khu ba rkang 
BO_TZ39_TI-034:839	bza' dang bca' dang btung ba'i mchog :	83	bza dang chos dang thung ba mchog 
BO_TZ39_TI-034:840	gzugs sgra dri ro reg bya sogs :	84	gzugs sgra dri ro reg byed sogs 
BO_TZ39_TI-034:841	sna tshhogs mchod pa 'di dag kun :	84	sna tshhogs mchod ba di dag kun 
BO_TZ39_TI-034:842	bzhes shing mnyes par mdzad du gsol :	84	bzhes shing mnyes ba mdzad du gsol 
BO_TZ39_TI-034:843	a+o~m ma ha de wa sa pa ri wa ra ar+g+ham pa d+yam push+pe d+hu pe a lo ke gan+d+he nai wid+ya shab+da pany+tsha ka ma gu na pra titsh+tshha swa ha/	84	a+o~m ma ha de wa sa ba ri wa ra ar+g+ham ba d+yam push+pe d+hu pe a lo ke gan+d+he nai wid+ya shab+da pany+tsha ka ma gu na pra titsh+tshha swa 
BO_TZ39_TI-034:844	zhes dang / khyad par gyi mchod pa ni /	84	zhes dang khyad ba gyi mchod ba ni 
BO_TZ39_TI-034:845	snang ba yab la stong pa yum :	84	snang ba yab la stong ba yum 
BO_TZ39_TI-034:846	gnyis med sbyor ba'i byang chub sems :	84	gnyis med sbyor ba byang chub sems 
BO_TZ39_TI-034:847	bde chen dga' bzhi'i rol par spel :	84	bde chen dga bzhi rol ba spel 
BO_TZ39_TI-034:848	dgyes pa chen por bzhes su gsol :	84	dgyes ba chen por bzhes su gsol 
BO_TZ39_TI-034:849	a+o~m ma ha de wa sa pa ri wa ra bo d+hi tshit+ta ma ha su kha pu dza ho :	84	a+o~m ma ha de wa sa ba ri wa ra bo d+hi tshit+ta ma ha su kha pu dza ho 
BO_TZ39_TI-034:850	zhes gsang mchod dang / rang byung gdod nas dag pa'i rdzas :	85	zhes gsang mchod dang rang byung gdod nas dag ba rdzas 
BO_TZ39_TI-034:851	rtsha brgyad stong sbyar bdud rtshi sman :	85	rtsha brgyad stong sbyor bdud rtshi sman 
BO_TZ39_TI-034:852	ye shes sgrub rdzas chen po 'di :	85	ye shes sgrub rdzas chen po di 
BO_TZ39_TI-034:853	dngos grub kun gyi dbyig tu 'bul :	85	dngos grub kun gyi dbyig tu bul 
BO_TZ39_TI-034:854	a+o~m ma ha de wa sa pa ri wa ra sarba pany+tsha a mr-ita kha ram kha hi :	85	a+o~m ma ha de wa sa ba ri wa ra sarba pany+tsha a mr-ita kha ram kha hi 
BO_TZ39_TI-034:855	zhes sman mchod dang / nyon mongs chags pa 'khor ba'i khrag :	85	zhes sman mchod dang nyon mongs chags ba khor ba khrag 
BO_TZ39_TI-034:856	chags med bde chen rgya mtshhor bskyil :	85	chags med bde chen rgya mtshhor skyil 
BO_TZ39_TI-034:857	gsang ba'i sgrub rdzas chen po 'di :	85	gsang ba sgrub rdzas chen po di 
BO_TZ39_TI-034:858	mnyam nyid dbyings su bzhes su gsol :	85	mnyam nyid dbyings su bzhes su gsol 
BO_TZ39_TI-034:859	a+o~m ma ha de wa sa pa ri wa ra ma ha rak+ta pu dza kha hi :	85	a+o~m ma ha de wa sa ba ri wa ra ma ha rak+ta pu dza kha hi 
BO_TZ39_TI-034:860	zhes rak+ta dang / chos dbyings rnam dag gtor gzhong du :	86	zhes rak+ta dang chos dbyings rnam dag thor gzhong du 
BO_TZ39_TI-034:861	gtor ma 'dod yon phung por spungs :	86	thor ma dod yon phung por spung 
BO_TZ39_TI-034:862	zag med bde chen mchod pa'i mchog :	86	zag med bde chen mchod ba mchog 
BO_TZ39_TI-034:863	dam tshhig bdud rtshir bzhes su gsol :	86	dam tshhig bdud rtshir bzhes su gsol 
BO_TZ39_TI-034:864	a+o~m ma ha de wa sa pa ri wa ra ma ha ba lim ta pu dza kha hi :	86	a+o~m ma ha de wa sa ba ri wa ra ma ha ba lim ta pu dza kha hi 
BO_TZ39_TI-034:865	bdun pa gza' bdud kyi phrin las ni /	86	bdun ba gza bdud kyi phrin las ni 
BO_TZ39_TI-034:866	a+o~m ma ha shun+ya ta dz+nya na badzra swa b+ha wa at+ma ko\u0f85 ham/	86	a+o~m ma ha shun+ya ta dz+nya na badzra swa b+ha wa at+ma ko\u0f85 
BO_TZ39_TI-034:867	stong pa'i ngang las hu~m yig las byung ba'i srung 'khor gyi nang mi bzad pa'i dur khrod chen pos bskor ba'i khrag zhag gi rgya mtshho rba klong 'khrug pa'i dbus su /	86	stong ba ngang las hu~m yig las byung ba srung khor gyi nang mi bzad ba dur khrod chen pos skor ba khrag zhag gi rgya mtshho rba klong khrug ba dbus su 
BO_TZ39_TI-034:868	e las gru gsum mthing nag mkha' dang mnyam pa'i lte bar pad nyi dgra bgegs kyi gdan la tri du ba'i mdog can yongs su gyur pa las /	86	e las gru gsum mthing nag mkha dang mnyam ba lte ba pad nyi dgra bgegs kyi gdan la tri du ba mdog can yongs su gyur ba las 
BO_TZ39_TI-034:869	gza' bdud chen po ra hu la sku mdog dud ka mgo dgu bya rog gi zhal dang bcu /	86	gza bdud chen po ra hu la sku mdog dud ka mgo dgu byed rog gi zhal dang chu 
BO_TZ39_TI-034:870	rtsha zhal gshin rje khros pa'i zhal gsum ljang nag dud kha /	87	rtsha zhal gshin rje khro ba zhal gsum ljang nag dud kha 
BO_TZ39_TI-034:871	bar zhal bdud kyi zhal gsum mthing dmar ljang ba /	87	ba zhal bdud kyi zhal gsum mthing dmar ljang ba 
BO_TZ39_TI-034:872	steng zhal lha'i zhal gsum ljang dmar dkar ba /	87	steng zhal lha zhal gsum ljang dmar dkar ba 
BO_TZ39_TI-034:873	zhal re re la dmar zlum sdang mig gzir ba'i spyan gsum gsum dang ldan pa /	87	zhal re re la dmar zlum sdang mig gzir ba spyan gsum gsum dang ldan ba 
BO_TZ39_TI-034:874	shin tu rngams pa'i zhal gdangs shing mche ba gtshigs pa /	87	shin tu rngams ba zhal gdang shing mche ba gtshigs ba 
BO_TZ39_TI-034:875	ljags glog ltar 'khyug cing 'jigs pa'i nga ro sgrog pas dgra bgegs chem chem gsol ba /	87	ljags glog ltar khyug cing jigs ba nga ro sgrog ba dgra bgegs chem chem gsol ba 
BO_TZ39_TI-034:876	smin ma ag tshhom dang ba spu'i rtshe nas me stag 'phro ba /	87	smin ma ag tshhom dang ba spu rtshe nas me stag phro ba 
BO_TZ39_TI-034:877	srid gsum mtha' dag gzigs pa'i mig gis lus kun gang zhing khong nas 'khrugs pa'i nyams can /	87	srid gsum mtha dag gzigs ba mig gis lus kun gang zhing khong nas khrugs ba nyams can 
BO_TZ39_TI-034:878	phyag bzhi'i dang po gnyis kyis chu srin gyi rgyal mtshhan dang sbrul zhags /	87	phyag bzhi dang po gnyis kyis chu srin gyi rgyal mtshhan dang sbrul zhags 
BO_TZ39_TI-034:879	'og ma gnyis rwa'i mda' gzhu 'geng zhing sku smad sbrul mjug tu 'khyil ba /	87	g ma gnyis rwa mda gzhu geng zhing sku smad sbrul mjug tu khyil ba 
BO_TZ39_TI-034:880	zhing chen gyi stod g.yogs dang stag lpags kyi sham thabs dkris pa /	88	zhing chen gyi stod g.yogs dang stag lpags kyi sham thabs dkri ba 
BO_TZ39_TI-034:881	thod pa skam po'i cod pan dang khrag 'dzag pa'i mi mgo rgyu ma la brgyus pa'i do shal 'phyang ba /	88	thod ba skam po cod pan dang khrag dzag ba mi mgo rgyu ma la rgyud ba do shal phyang ba 
BO_TZ39_TI-034:882	klu rigs lnga'i sbrul gyi chun po sogs 'bar ba'i chas thams cad kyis brgyan pa /	88	klu rigs lnga sbrul gyi chun po sogs bar ba cha thams cad kyis rgyan ba 
BO_TZ39_TI-034:883	gar dgu'i nyams can /	88	gar dgu nyams can 
BO_TZ39_TI-034:884	nyi ma 'bum gyi gzi brjid 'bar ba /	88	nyi ma bum gyi gzi brjid bar ba 
BO_TZ39_TI-034:885	g.yas su dza las yab rdo rje srin po mthing nag mgo bo dgu pa dbyug to dang khrag mtshho bsnams pa zhe sdang rus pa'i khri la bzhugs pa /	88	g.yas su dza las yab rdo rje srin po mthing nag mgo bo dgu ba dbyug to dang khrag mtshho snom ba zhe sdang rus ba khri la bzhugs ba 
BO_TZ39_TI-034:886	g.yon du phu las yum rdo rje glog 'gyu dmar nag mgo bo dgu pa sbrul zhags dang khrag mtshho bsnams pa 'dod chags khrag mtshho'i klong na bzhugs pa /	88	g.yon du phu las yum rdo rje glog gyu dmar nag mgo bo dgu ba sbrul zhags dang khrag mtshho snom ba dod chags khrag mtshho klong na bzhugs ba 
BO_TZ39_TI-034:887	de rnams kyi phyi rol phyogs mtshhams brgyad du dgra bgegs kyi gdan la /	88	de rnams kyi phyi rol phyogs mtshhams brgyad du dgra bgegs kyi gdan la 
BO_TZ39_TI-034:888	nub tu ya las ljang sngon chen po ljang nag zhags pa dang lcags sgrog 'dzin pa ma mo'i dmag tshhogs kyis bskor ba /	88	nub tu ya las ljang sngon chen po ljang nag zhags ba dang lcags sgrog dzin ba ma mo dmag tshhogs kyis skor ba 
BO_TZ39_TI-034:889	shar lhor tsha las drang srong dkar ser sbrul zhags dang tri shu la 'dzin pa dgra bla'i dmag tshhogs kyis bskor ba /	88	char lhor tsha las dren srong dkar ser sbrul zhags dang tri shu la dzin ba dgra bla dmag tshhogs kyis skor ba 
BO_TZ39_TI-034:890	byang du du las bdud po rog ti mthing nag sbrul dang bdud zhags 'dzin pa bdud kyi dmag tshhogs kyis bskor ba /	89	byang du du las bdud po rog ti mthing nag sbrul dang bdud zhags dzin ba bdud kyi dmag tshhogs kyis skor ba 
BO_TZ39_TI-034:891	lho nub tu tsha las bish+ti pa tra dmar po sbrul dang spu gri 'dzin pa srin po'i dmag tshhogs kyis bskor ba /	89	lho nub tu tsha las bish+ti ba tra dmar po sbrul dang spu gri dzin ba srin po dmag tshhogs kyis skor ba 
BO_TZ39_TI-034:892	shar du a las byi nu ra dza dud ka chu srin dang stag mgo 'dzin pa dmu bdud kyi dmag tshhogs kyis bskor ba /	89	char du a las byi nu ra dza dud ka chu srin dang stag mgo dzin ba dmu bdud kyi dmag tshhogs kyis skor ba 
BO_TZ39_TI-034:893	nub byang du du las du ba mjug ring mthing nag spu gri dang thod khrag 'dzin pa gshin rje'idamag tshhogs kyis bskor ba /	89	nub byang du du las du ba mjug ring mthing nag spu gri dang thod khrag dzin ba gshin rjedamag tshhogs kyis skor ba 
BO_TZ39_TI-034:894	lhor ya las khyab mjug chen po ser nag sbrul zhags dang chu srin 'dzin pa klu bdud kyi dmag tshhogs kyis bskor ba /	89	lhor ya las khyab mjug chen po ser nag sbrul zhags dang chu srin dzin ba klu bdud kyi dmag tshhogs kyis skor ba 
BO_TZ39_TI-034:895	byang shar du sha las sgra gcan 'dzin dud kha chu srin dang khram shing 'dzin pa sde brgyad kyi dmag tshhogs kyis bskor ba /	89	byang char du sha las sgra gcan dzin dud kha chu srin dang khram shing dzin ba sde brgyad kyi dmag tshhogs kyis skor ba 
BO_TZ39_TI-034:896	thams cad kyang gtum zhing rngam pa srin po'i gzugs can mgo bo dgu pa /	89	thams cad kyang thum zhing rngam ba srin po gzugs can mgo bo dgu ba 
BO_TZ39_TI-034:897	lus kun mig gis gang zhing 'jigs pa'i cha byad rdzogs pa gtsho bo lta bu'o //	89	lus kun mig gis gang zhing jigs ba cha byad rdzogs ba gtsho bo lta bu 
BO_TZ39_TI-034:898	de'i phyi rol gyi shar du ma las stag srin zor ba'i gdong can dkar ser lcags kyu dang zhags pa 'dzin pa /	89	de phyi rol gyi char du ma las stag srin zor ba gdong can dkar ser lcags kyu dang zhags ba dzin ba 
BO_TZ39_TI-034:899	lhor ra las bam srin dred kyi gdong can ser nag thod dbyug dang sbrul zhags 'dzin pa /	89	lhor ra las bam srin dred kyi gdong can ser nag thod dbyug dang sbrul zhags dzin ba 
BO_TZ39_TI-034:900	nub tu tsha las kong srin ba glang gi gdong can dmar nag dgra satwa dang zhags pa 'dzin pa /	90	nub tu tsha las kong srin ba glang gi gdong can dmar nag dgra satwa dang zhags ba dzin ba 
BO_TZ39_TI-034:901	byang du sha las 'brog srin chu srin gyi gdong can ljang nag ri rab klad la bskor ba /	90	byang du sha las brog srin chu srin gyi gdong can ljang nag ri rab klad la skor ba 
BO_TZ39_TI-034:902	bzhi ka'ang srin mo khros pa'i cha lugs can zhing gi gdan la rol pa /	90	bzhi ka srin mo khro ba cha lugs can zhing gi gdan la rol ba 
BO_TZ39_TI-034:903	gzhan yang de dag gi phyi rol du gtshang ris kyi mgon po bdun cu rtsha lnga la sogs te srid gsum 'byung po'i tshhogs bsam gyis mi khyab pas bskor ba /	90	gzhan yang de dag gi phyi rol du gtshang ris kyi mgon po bdun cu rtsha lnga la sogs te srid gsum byung po tshhogs bsam gyis mi khyab ba skor ba 
BO_TZ39_TI-034:904	thams cad kyang khro zhing gtum pa za za rngams rngams 'phyong zhing rgyug pa'i tshhul can myur mgyogs kyi rdzu 'phrul chen po'i rtshal gyis dus mtha'i me rlung 'khrug pa'i klong na gnas pa'o //	90	thams cad kyang khro zhing thum ba za za rngams rngams phyong zhing rgyug ba tshhul can myur mgyog kyi rdzu phrul chen po rtshal gyis dus mtha me rlung khrug ba klong na gnas ba 
BO_TZ39_TI-034:905	de rnams kyi dpral bar a+o~m/	90	de rnams kyi dpral ba 
BO_TZ39_TI-034:906	mgrin par ah thugs kar hu~m/	90	mgrin ba ah thugs kar 
BO_TZ39_TI-034:907	thugs ka'i hu~m las 'od zer 'phros pas lho nub lang+ka pu ri srin po'i grong khyer /	90	thugs ka hu~m las d zer phro ba lho nub lang+ka pu ri srin po grong khyer 
BO_TZ39_TI-034:908	dbu ru zhwa'i lha khang la sogs pa rang bzhin gar bzhugs kyi gnas nas gza' bdud chen po 'khor dang bcas pa spyan drangs par bsam zhing /	90	dbu ru zhwa lha khang la sogs ba rang bzhin gar bzhugs kyi gnas nas gza bdud chen po khor dang cha ba spyan drangs ba bsam zhing 
BO_TZ39_TI-034:909	hu~m/ rdo rje 'chang dbang thugs kyi sprul pa las //	90	rdo rje chang dbang thugs kyi sprul ba las 
BO_TZ39_TI-034:910	yang sprul mi bzad 'bar ba'i skur ston pa //	91	yang sprul mi bzad bar ba skur ston ba 
BO_TZ39_TI-034:911	gza' mchog chen po 'jigs byed ra hu la //	91	gza mchog chen po jigs byed ra hu la 
BO_TZ39_TI-034:912	ngang nyid chos kyi dbyings nas skur bzhengs shig	91	ngang nyid chos kyi dbyings nas skur bzhengs shig 
BO_TZ39_TI-034:913	/snyigs dus mi bzad lnga brgya'i tha ma 'dir //	91	dus mi bzad lnga brgya tha ma dir 
BO_TZ39_TI-034:914	sna tshhogs thabs kyis gdug pa 'dul don du //	91	sna tshhogs thabs kyis gdug ba dul don du 
BO_TZ39_TI-034:915	thugs nyid zhi ba chos dbyings rnam dag kyang //	91	thugs nyid zhi ba chos dbyings rnam dag kyang 
BO_TZ39_TI-034:916	drag gtum mi bzad 'bar ba'i skur bzhengs shig	91	drag thum mi bzad bar ba skur bzhengs shig 
BO_TZ39_TI-034:917	/zhe sdang 'dod chags 'bar ba'i dkyil 'khor nas //	91	sdang dod chags bar ba dkyil khor nas 
BO_TZ39_TI-034:918	mthu chen klu srin yab yum gshegs su gsol //	91	mthu chen klu srin yab yum gshegs su gsol 
BO_TZ39_TI-034:919	srid pa gsum sogs zhing khams rgya mtshho nas //	91	srid ba gsum sogs zhing khams rgya mtshho nas 
BO_TZ39_TI-034:920	sprul pa'i gza' chen sde brgyad gshegs su gsol //	92	sprul ba gza chen sde brgyad gshegs su gsol 
BO_TZ39_TI-034:921	phyogs bzhi nam mkha' yangs pa'i dkyil 'khor nas //	92	phyogs bzhi nam mkha yangs ba dkyil khor nas 
BO_TZ39_TI-034:922	sring mo gdong mo mched bzhi gshegs su gsol //	92	sring mo gdong mo mched bzhi gshegs su gsol 
BO_TZ39_TI-034:923	gzhan yang bka' sdod sprul pa pho nya'i tshhogs //	92	gzhan yang bka sdod sprul ba pho nya tshhogs 
BO_TZ39_TI-034:924	rang rang zhing nas gnas 'dir gshegs su gsol //	92	rang rang zhing nas gnas dir gshegs su gsol 
BO_TZ39_TI-034:925	hu~m/ nam mkha' dbyings kyi pho brang nas //	92	nam mkha dbyings kyi pho brang nas 
BO_TZ39_TI-034:926	gza' bdud 'khor dang bcas pa rnams //	92	gza bdud khor dang cha ba rnams 
BO_TZ39_TI-034:927	sku mdog dud ka tshe re re //	92	sku mdog dud ka tshe re re 
BO_TZ39_TI-034:928	dgyes pa'i gad rgyangs ya la la //	92	dgyes ba gad rgyangs ya la la 
BO_TZ39_TI-034:929	dar nag ru mtshhon phya ra ra //	92	dar nag ru mtshhon phya ra ra 
BO_TZ39_TI-034:930	mi rkang gling bu di ri ri //	93	mi rkang gling bu di ri ri 
BO_TZ39_TI-034:931	spyan stong me dpung 'u ru ru //	93	spyan stong me dpung u ru ru 
BO_TZ39_TI-034:932	bshug pa'i glu len kyu ru ru //	93	bshug ba glu len kyu ru ru 
BO_TZ39_TI-034:933	rngam pa'i nga ro di ri ri //	93	rngam ba nga ro di ri ri 
BO_TZ39_TI-034:934	dpal gyi bro chen chems se chem //	93	dpal gyi bro chen chems se chem 
BO_TZ39_TI-034:935	'jigs pa'i glu len tshe re re //	93	jigs ba glu len tshe re re 
BO_TZ39_TI-034:936	glog dmar zhags pa 'khyugs se 'khyug	93	glog dmar zhags ba khyugs se khyug 
BO_TZ39_TI-034:937	/tshhur spyon tshhur spyon gnas 'dir byon //	93	spyon tshhur spyon gnas dir byon 
BO_TZ39_TI-034:938	pho brang rab mdzes gzhal yas 'dir //	93	pho brang rab mdzes jal yas dir 
BO_TZ39_TI-034:939	gza' bdud 'khor bcas gshegs su gsol //	93	gza bdud khor cha gshegs su gsol 
BO_TZ39_TI-034:940	hri shag ru rag ram na ge tshit+ta tram ma ma yo za 'gram ha ha ga sha la dzahdzahbadzra sa ma dzah	94	hri shag ru rag ram na ge tshit+ta tram ma ma yo za grams ha ha ga sha la dzahdzahbadzra sa ma dzah 
BO_TZ39_TI-034:941	zhes pas spyan drangs /	94	zhes ba spyan drangs 
BO_TZ39_TI-034:942	bzhugs gsol ni /	94	bzhugs gsol ni 
BO_TZ39_TI-034:943	hu~m/ 'jigs byed chen po gza' mchog ra hu la //	94	jigs byed chen po gza mchog ra hu la 
BO_TZ39_TI-034:944	sring bzhi sde brgyad 'khor dang bcas pa rnams //	94	sring bzhi sde brgyad khor dang cha ba rnams 
BO_TZ39_TI-034:945	nyi zla pad+ma zhing chen gdan steng du //	94	nyi zla pad+ma zhing chen gdan steng du 
BO_TZ39_TI-034:946	dgyes shing mi g.yo brtan par bzhugs su gsol //	94	dgyes shing mi g.yo brtan ba bzhugs su gsol 
BO_TZ39_TI-034:947	a+o~m ke ta ke ta ra hu la sa ma ya tish+than+tu /	94	a+o~m ke ta ke ta ra hu la sa ma ya tish+than+tu 
BO_TZ39_TI-034:948	phyag bya ba ni /	94	phyag byed ba ni 
BO_TZ39_TI-034:949	hu~m/ che ba'i che mchog 'jigs byed ra hu la //	94	che ba che mchog jigs byed ra hu la 
BO_TZ39_TI-034:950	mthu stobs rdzu 'phrul nam mkha'i mtha' dang mnyam //	95	mthu stobs rdzu phrul nam mkha mtha dang mnyam 
BO_TZ39_TI-034:951	dregs pa pho mo ming sring 'khor bcas la //	95	dregs ba pho mo ming sring khor cha la 
BO_TZ39_TI-034:952	bstan pa bsrung phyir gus pas phyag 'tshhal lo //	95	ston ba bsrung phyir gus ba phyag tshhal lo 
BO_TZ39_TI-034:953	a+o~m ke ta ke ta ra hu la pra titsh+tshha hoh	95	a+o~m ke ta ke ta ra hu la pra titsh+tshha hoh 
BO_TZ39_TI-034:954	mchod pa ni /	95	mchod ba ni 
BO_TZ39_TI-034:955	spos dang me tog snang gsal la sogs dang // dza gad phud dang pany+tsha a mr-i ta //	95	spros dang me tog snang gsal la sogs dang dza gad bud dang pany+tsha a mr-i ta 
BO_TZ39_TI-034:956	phyi nang gsang ba'i mchod sprin rgya mtshho dang // dngos 'byor ting 'dzin dgongs klong dag pas mchod //	95	phyi nang gsang ba mchod sprin rgya mtshho dang dngos byor ting dzin dgongs klong dag ba mchod 
BO_TZ39_TI-034:957	a+o~m ra hu la sa pa ri wa re b+h+yah	95	a+o~m ra hu la sa ba ri wa re b+h+yah 
BO_TZ39_TI-034:958	push+pe nas shab+da'i bar dang / a mr-ita rak+ta ba lim pany+tsha ka ma gu na pra titsh+tshha swa ha/	95	push+pe nas shab+da ba dang a mr-ita rak+ta ba lim pany+tsha ka ma gu na pra titsh+tshha swa 
BO_TZ39_TI-034:959	brgyad pa rnam sras kyi phrin las ni /	95	brgyad ba rnam sras kyi phrin las ni 
BO_TZ39_TI-034:960	a+o~m ma ha shun+ya ta dz+nya na badzra swa b+ha wa at+ma ko\u0f85 ham gis stong par sbyang /	96	a+o~m ma ha shun+ya ta dz+nya na badzra swa b+ha wa at+ma ko\u0f85 ham gis stong ba sbyong 
BO_TZ39_TI-034:961	stong pa'i ngang las mdun gyi nam mkhar lcang lo can gyi dga' ba'i tshhal chen po'i dbus su b+h+ru~m las rin po che'i gzhal yas khang gru bzhi sgo bzhi rta babs dang ldan pa /	96	stong ba ngang las mdun gyi nam mkhar lcang lo can gyi dga ba tshhal chen po dbus su b+h+ru~m las rin po che jal yas khang gru bzhi sgo bzhi rta bab dang ldan ba 
BO_TZ39_TI-034:962	phyogs bzhir ka ba nyis stong lnga brgya lnga brgyas bteg pa'i khor yug gis bskor ba'i shar shel /	96	phyogs bzhir ka ba nyis stong lnga brgya lnga brgyas bteg ba khor yug gis skor ba char shel 
BO_TZ39_TI-034:963	lho bai dur+ya /	96	lho bai dur+ya 
BO_TZ39_TI-034:964	nub pad+ma ra ga	96	nub pad+ma ra ga 
BO_TZ39_TI-034:965	/byang 'dzam bu'i chu bo'i gser las grub pa /	96	dzam bu chu bo gser las grub ba 
BO_TZ39_TI-034:966	dbyibs legs shing lta na sdug pa rgyan thams cad kyis spras pa'i dbus su rin po che sna bdun gyi khang bzang sum brtshegs su yod pa /	96	dbyibs legs shing lta na sdug ba rgyan thams cad kyis spras ba dbus su rin po che sna bdun gyi khang bzang sum brtshegs su yod ba 
BO_TZ39_TI-034:967	sa 'og tu gter gyi khang pa bco lnga dang bcas shing /	96	sa g tu gter gyi khang ba chos lnga dang cha shing 
BO_TZ39_TI-034:968	khor sa rim pa gsum gyis bskor ba'i dang po'i phyogs mtshhams brgyad du khang bzang brgyad kyis mdzes pa /	96	khor sa rim ba gsum gyis skor ba dang po phyogs mtshhams brgyad du khang bzang brgyad kyis mdzes ba 
BO_TZ39_TI-034:969	de dag gi phyi rol du rin po che'i phung po /	96	de dag gi phyi rol du rin po che phung po 
BO_TZ39_TI-034:970	dpag bsam gyi ljon shing /	97	dpog bsam gyi ljon shing 
BO_TZ39_TI-034:971	ma rmos pa'i lo thog	97	ma rmos ba lo thogs 
BO_TZ39_TI-034:972	/gter gyi bum bzang /	97	gyi bum bzang 
BO_TZ39_TI-034:973	khrus rdzing me tog dang ldan pa rnams spel mar gnas pa'i phyi nas rin po che'i rwa ba gru bzhi pas bskor ba /	97	khru rdzing me tog dang ldan ba rnams spel mar gnas ba phyi nas rin po che rwa ba gru bzhi ba skor ba 
BO_TZ39_TI-034:974	pho brang dbus ma'i nang du sna tshhogs pad+ma dang nyi ma seng ge la gnas pa'i bai yongs su gyur pa las rgyal po chen po rnam thos sras sku mdog dmar po zhal gcig phyag gnyis spyan gsum pa /	97	pho brang dbus ma nang du sna tshhogs pad+ma dang nyi ma seng ge la gnas ba bai yongs su gyur ba las rgyal po chen po rnam thos sras sku mdog dmar po zhal gcig phyag gnyis spyan gsum ba 
BO_TZ39_TI-034:975	khro 'dzum chags pa'i nyams can /	97	khro dzum chags ba nyams can 
BO_TZ39_TI-034:976	phyag g.yas rin po che'i rgyal mtshhan dang mdung dmar sgreng ba /	97	phyag g.yas rin po che rgyal mtshhan dang mdung dmar sgreng ba 
BO_TZ39_TI-034:977	g.yon nor bu skyug pa'i gter gyi ne'u le dang dbang sdud kyi lcags kyu 'dzin pa /	97	g.yon nor bu skyug ba gter gyi neu le dang dbang sdud kyi lcags kyu dzin ba 
BO_TZ39_TI-034:978	dbu la bse'i rmog zhu rin po che'i phra tshhoms can bcings pa /	97	dbu la bse rmog ju rin po che phra tshhoms can ching ba 
BO_TZ39_TI-034:979	brjid bag dang bcas pa'i sku la dar dmar po'i 'jol ber dang bse'i go khrab gsol ba /	97	brjid bag dang cha ba sku la dar dmar po jol ber dang bse go khrab gsol ba 
BO_TZ39_TI-034:980	lha'i dar sna tshhogs pa'i cod pan lhab lhub dang rin po che'i rgyan phreng 'od 'bar ba du mas spras pa /	98	lha dar sna tshhogs ba cod pan lhab lhub dang rin po che rgyan phreng d bar ba du mas spras ba 
BO_TZ39_TI-034:981	zhabs g.yon brkyang ba'i phyed skyil gyis ri dwags kyi rgyal po'i gdan la gnas pa /	98	zhabs g.yon rkyong ba phyed skyil gyis ri dwags kyi rgyal po gdan la gnas ba 
BO_TZ39_TI-034:982	nyi ma 'bum gyi gzi brjid can nam mkha'i mdzod la mnga' brnyes shing skye rgu rnams phongs pa las sgrol ba /	98	nyi ma bum gyi gzi brjid can nam mkha mdzod la mnga brnyes shing skye rgu rnams phong ba las sgrol ba 
BO_TZ39_TI-034:983	phrag gong nyi zlas brgyan pa btshun mo sras dang pho nya'i tshhogs kyis bskor ba /	98	phrag gong nyi zlas rgyan ba btshun mo sras dang pho nya tshhogs kyis skor ba 
BO_TZ39_TI-034:984	phyogs mtshhams kyi khang brtshegs brgyad kyi shar nas rim pa bzhin dzam b+ha la ser po rin po che 'dzin pa /	98	phyogs mtshhams kyi khang brtshegs brgyad kyi char nas rim ba bzhin dzam b+ha la ser po rin po che dzin ba 
BO_TZ39_TI-034:985	yang dag shes ser po gser gyi gri ring 'dzin pa /	98	yang dag shes ser po gser gyi gri ring dzin ba 
BO_TZ39_TI-034:986	gang ba bzang po ser po bum pa 'dzin pa /	98	gang ba bzang po ser po bum ba dzin ba 
BO_TZ39_TI-034:987	'brog gnas nag po rin po che'i mdung 'dzin pa /	98	brog gnas nag po rin po che mdung dzin ba 
BO_TZ39_TI-034:988	nor bu bzang po dkar po nor bu 'dzin pa /	98	nor bu bzang po dkar po nor bu dzin ba 
BO_TZ39_TI-034:989	lngas rtshen ser skya khang brtshegs 'dzin pa /	98	lngas rtshen ser skya khang brtshegs dzin ba 
BO_TZ39_TI-034:990	ku be ra nag po ral gri 'dzin pa /	99	ku be ra nag po ral gri dzin ba 
BO_TZ39_TI-034:991	'jam po 'khyil ba dkar po gri phub 'dzin pa ste /	99	jam po khyil ba dkar po gri bubs dzin ba ste 
BO_TZ39_TI-034:992	thams cad kyang g.yon gter gyi ne'u le bsnams shing rang mdog dang mtshhungs pa'i rta la 'chib pa /	99	thams cad kyang g.yon gter gyi neu le snom shing rang mdog dang mtshhungs ba rta la chib ba 
BO_TZ39_TI-034:993	brjid cing dpa' ba lha'i go khrab dang rin po che'i rgyan gyis brgyan pa /	99	brjid cing dpa ba lha go khrab dang rin po che rgyan gyis rgyan ba 
BO_TZ39_TI-034:994	khor sa bar ma na klu chen brgyad 'khor dang bcas pa /	99	khor sa ba ma na klu chen brgyad khor dang cha ba 
BO_TZ39_TI-034:995	khor sa tha ma na lha srin sde brgyad sogs ci bgyi'i pho nya bsam gyis mi khyab pa'i tshhogs rnam 'gyur sna tshhogs pa'i gzugs dang cha lugs can /	99	khor sa tha ma na lha srin sde brgyad sogs ci bgyid pho nya bsam gyis mi khyab ba tshhogs rnam gyur sna tshhogs ba gzugs dang cha lugs can 
BO_TZ39_TI-034:996	phrin las rab 'byams la dbang 'byor pas 'dod pa'i dngos grub char bzhin du 'beb pa nam mkha' la sprin phung gtibs pa bzhin 'khod par gyur /	99	phrin las rab byam la dbang byor ba dod ba dngos grub char bzhin du beb ba nam mkha la sprin phung gtibs ba bzhin khod ba gyur 
BO_TZ39_TI-034:997	de rnams kyi dpral bar a+o~m/	99	de rnams kyi dpral ba 
BO_TZ39_TI-034:998	mgrin par ah thugs kar hu~m/	99	mgrin ba ah thugs kar 
BO_TZ39_TI-034:999	thugs ka'i hu~m las 'od zer 'phros pas lcang lo can gyi pho brang nas rgyal po chen po 'khor dang bcas pa spyan drangs par bsam zhing /	99	thugs ka hu~m las d zer phro ba lcang lo can gyi pho brang nas rgyal po chen po khor dang cha ba spyan drangs ba bsam zhing 
BO_TZ39_TI-034:1000	bai / ri rab lhun po'i byang phyogs kyi //	100	bai ri rab lhun po byang phyogs kyi 
BO_TZ39_TI-034:1001	lcang lo can gyi pho brang nas //	100	lcang lo can gyi pho brang nas 
BO_TZ39_TI-034:1002	bdag gis gdung pas spyan 'dren na //	100	bdag gis gdung ba spyan bgrang na 
BO_TZ39_TI-034:1003	thabs dang thugs rje'i bdag nyid can //	100	thabs dang thugs rje bdag nyid can 
BO_TZ39_TI-034:1004	rgyal po chen po rnam thos sras //	100	rgyal po chen po rnam thos sras 
BO_TZ39_TI-034:1005	btshun mo blon 'bangs 'khor dang bcas //	100	btshun mo blon bang khor dang cha 
BO_TZ39_TI-034:1006	shakya'i bstan pa bsrung slad du //	100	shakya ston ba bsrung slad du 
BO_TZ39_TI-034:1007	thugs dam dbang gis gshegs su gsol //	100	thugs dam dbang gis gshegs su gsol 
BO_TZ39_TI-034:1008	a+o~m bai shra ma na ya sa pa ri wa ra badzra sa ma dzah	100	a+o~m bai shra ma na ya sa ba ri wa ra badzra sa ma dzah 
BO_TZ39_TI-034:1009	zhes spyan drangs /	100	zhes spyan drangs 
BO_TZ39_TI-034:1010	bzhugs gsol ni /	101	bzhugs gsol ni 
BO_TZ39_TI-034:1011	pho brang gzhal yas chen po'i dbus //	101	pho brang jal yas chen po dbus 
BO_TZ39_TI-034:1012	rin chen khri rkang brtshegs pa'i steng //	101	rin chen khri rkang brtshegs ba steng 
BO_TZ39_TI-034:1013	nor bdag chen po rnam thos sras //	101	nor bdag chen po rnam thos sras 
BO_TZ39_TI-034:1014	'khor bcas dgyes par bzhugs su gsol //	101	khor cha dgyes ba bzhugs su gsol 
BO_TZ39_TI-034:1015	dzahhu~m bam hohpad+ma ka ma la ya satwam/	101	dzahhu~m bam hohpad+ma ka ma la ya 
BO_TZ39_TI-034:1016	phyag bya ba ni /	101	phyag byed ba ni 
BO_TZ39_TI-034:1017	sangs rgyas rnams kyi phrin las bdag	101	sangs rgya rnams kyi phrin las bdag 
BO_TZ39_TI-034:1018	/'gro ba'i re skong sprul pa'i sku	101	ba re skong sprul ba sku 
BO_TZ39_TI-034:1019	/sa brgyad sems dpa' rnam thos sras /	101	brgyad sems dpa rnam thos sras 
BO_TZ39_TI-034:1020	khyed la gus pas phyag 'tshhal lo //	102	khyed la gus ba phyag tshhal lo 
BO_TZ39_TI-034:1021	a+o~m na mo na ma mi /	102	a+o~m na mo na ma mi 
BO_TZ39_TI-034:1022	mchod pa ni /	102	mchod ba ni 
BO_TZ39_TI-034:1023	'dod dgu'i mchog stshol rgyal chen 'khor bcas la //	102	dod dgu mchog stshol rgyal chen khor cha la 
BO_TZ39_TI-034:1024	me tog bdug spos snang gsal dri chab dang // zhal zas rol mo mchog gi dam tshhig rdzas //	102	me tog bdug spros snang gsal dri chab dang zhal zas rol mo mchog gi dam tshhig rdzas 
BO_TZ39_TI-034:1025	lha mi'i longs spyod 'dzad med 'dod dgu'i sprin //	102	lha mi longs spyod dzad med dod dgu sprin 
BO_TZ39_TI-034:1026	rab 'byams nam mkha'i khyon rnams yongs gang ba //	102	rab byam nam mkha khyon rnams yongs gang ba 
BO_TZ39_TI-034:1027	'bul lo 'dod pa'i las 'bras mchis par mdzod //	102	bul lo dod ba las bras mchis ba mdzod 
BO_TZ39_TI-034:1028	a+o~m bai shra ma na ya sa pa ri wa re b+h+yah	102	a+o~m bai shra ma na ya sa ba ri wa re b+h+yah 
BO_TZ39_TI-034:1029	push+pe nas shab+da'i bar dang / a mr-ita rak+ta ba lim pany+tsha ka ma gu na pra titsh+tshha swa ha/	102	push+pe nas shab+da ba dang a mr-ita rak+ta ba lim pany+tsha ka ma gu na pra titsh+tshha swa 
BO_TZ39_TI-034:1030	dgu pa zhing skyong dur khrod ma mo'i phrin las ni /	103	dgu ba zhing skyong dur khrod ma mo phrin las ni 
BO_TZ39_TI-034:1031	a+o~m ma ha shun+ya ta dz+nya na badzra swa b+ha wa at+ma ko\u0f85 ham/	103	a+o~m ma ha shun+ya ta dz+nya na badzra swa b+ha wa at+ma ko\u0f85 
BO_TZ39_TI-034:1032	stong pa'i ngang las 'jigs su rung ba'i dur khrod chen po'i dbus su pad+ma dang nyi ma la gnas pa'i b+h+yo yongs su gyur pa las ma gcig srid gsum bdag mo sku mdog smug nag rngams shing khros pa'i nyams can hu~m dang b+h+yo'i nga ro drag por rgod	103	stong ba ngang las jigs su rung ba dur khrod chen po dbus su pad+ma dang nyi ma la gnas ba b+h+yo yongs su gyur ba las ma gcig srid gsum bdag mo sku mdog smug nag rngams shing khro ba nyams can hu~m dang b+h+yo nga ro drag por rgod 
BO_TZ39_TI-034:1033	pa / zhal gcig phyag gnyis pa g.yas khrag 'dzag pa'i dgra snying dron mo za zhing g.yon srid gsum gsal ba'i me long 'dzin pa /	103	ba zhal gcig phyag gnyis ba g.yas khrag dzag ba dgra snying dron mo za zhing g.yon srid gsum gsal ba me long dzin ba 
BO_TZ39_TI-034:1034	dar dkar po'i stod g.yogs dang / stag gi pags pa'i sham thabs can mi lpags kyi g.yang gzhi rlon pa lding stabs su gyon pa /	103	dar dkar po stod g.yogs dang stag gi pags ba sham thabs can mi lpags kyi g.yang gzhi rlon ba lding stabs su gyon ba 
BO_TZ39_TI-034:1035	ral pa kham nag thur du 'phyang zhing rna ba la dung long khrol ba /	103	ral ba kham nag thur du phyang zhing rna ba la dung long khrol ba 
BO_TZ39_TI-034:1036	thod skam lnga'i dbu rgyan dang mgo bo rlon pa'i do shal can /	103	thod skam lnga dbu rgyan dang mgo bo rlon ba do shal can 
BO_TZ39_TI-034:1037	rus pa'i phreng ba dang se ral kha 'phyang zhing g.yon brkyang gis ro'i gdan la 'gying ba /	103	rus ba phreng ba dang se ral kha phyang zhing g.yon rkyong gis ro gdan la gying ba 
BO_TZ39_TI-034:1038	'khor gyi ma mo dkar ser dmar ljang bzhi snying dang me long 'dzin pa gcer bu phyag rgya lngas brgyan te gar mdzad pa /	103	khor gyi ma mo dkar ser dmar ljang bzhi snying dang me long dzin ba bcer bu phyag rgya lngas rgyan te gar mdzad ba 
BO_TZ39_TI-034:1039	gzhan yang gnas gsum gyi ma mo mkha' 'gro /	103	gzhan yang gnas gsum gyi ma mo mkha gro 
BO_TZ39_TI-034:1040	dur khrod kyi zhing skyong pho mo /	104	dur khrod kyi zhing skyong pho mo 
BO_TZ39_TI-034:1041	las byed sha za 'bum sde /	104	las byed sha za bum sde 
BO_TZ39_TI-034:1042	sprul pa'i shwa na wa spyang dred sogs ma rungs pa'i 'khor tshhogs bsam gyis mi khyab pas bskor ba /	104	sprul ba shwa na wa spyang dred sogs ma rungs ba khor tshhogs bsam gyis mi khyab ba skor ba 
BO_TZ39_TI-034:1043	de rnams kyi spyi bor a+o~m/	104	de rnams kyi spyi bor 
BO_TZ39_TI-034:1044	mgrin par ah thugs kar hu~m/	104	mgrin ba ah thugs kar 
BO_TZ39_TI-034:1045	thugs ka'i hu~m las 'od zer 'phros pas de wi ko ta la sogs pa nye ba'i zhing thams cad nas bstan srung ma mo 'khor dang bcas pa spyan drangs par bsam zhing /	104	thugs ka hu~m las d zer phro ba de wi ko ta la sogs ba nye ba zhing thams cad nas ston srung ma mo khor dang cha ba spyan drangs ba bsam zhing 
BO_TZ39_TI-034:1046	b+h+yoh dur khrod lha mo chen mo khyod //	104	b+h+yoh dur khrod lha mo chen mo khyod 
BO_TZ39_TI-034:1047	dur khrod gnas nas sku bzhengs shig	104	dur khrod gnas nas sku bzhengs shig 
BO_TZ39_TI-034:1048	/brtshe ba'i thugs kyis gnas 'dir byon //	104	ba thugs kyis gnas dir byon 
BO_TZ39_TI-034:1049	rnal 'byor gdung bas gsol ba 'debs //	104	rnal byor gdung ba gsol ba debs 
BO_TZ39_TI-034:1050	brjod bral 'gyur med klong yangs nas //	105	rjod bral gyur med klong yangs nas 
BO_TZ39_TI-034:1051	ye shes rang snang rol pa'i yum //	105	ye shes rang snang rol ba yum 
BO_TZ39_TI-034:1052	dur khrod lha mo sku bzhengs shig	105	dur khrod lha mo sku bzhengs shig 
BO_TZ39_TI-034:1053	/dus la bab kyis da tshhur byon //	105	la bab kyis da tshhur byon 
BO_TZ39_TI-034:1054	zhes dang gzhan yang /	105	zhes dang gzhan yang 
BO_TZ39_TI-034:1055	b+h+yoh bde chen 'du 'bral med pa'i dkyil 'khor nas //	105	b+h+yoh bde chen du bral med ba dkyil khor nas 
BO_TZ39_TI-034:1056	dus gsum rgyal ba'i bstan srung mthu mo che //	105	dus gsum rgyal ba ston srung mthu mo che 
BO_TZ39_TI-034:1057	mi bsrun srin mo'i gzugs 'chang dam tshhig can //	105	mi bsrun srin mo gzugs chang dam tshhig can 
BO_TZ39_TI-034:1058	ma gcig lha mo 'khor bcas dbyings nas bzhengs //	105	ma gcig lha mo khor cha dbyings nas bzhengs 
BO_TZ39_TI-034:1059	rdo rje 'dzin pa'i pho nya zhing bcu'i gshed //	105	rdo rje dzin ba pho nya zhing chu gshed 
BO_TZ39_TI-034:1060	dpal 'bar mkha' 'gro'i dbang phyug ngan ne ma //	106	dpal bar mkha gro dbang phyug ngan ne ma 
BO_TZ39_TI-034:1061	dur khrod brgyad dang nyer bzhi'i yul rnams nas //	106	dur khrod brgyad dang nyer bzhi yul rnams nas 
BO_TZ39_TI-034:1062	sangs rgyas bstan pa bsrung phyir da tshhur byon //	106	sangs rgya ston ba bsrung phyir da tshhur byon 
BO_TZ39_TI-034:1063	b+h+yoh chos dbyings ngang las snying rjes khros pa'i yum //	106	b+h+yoh chos dbyings ngang las snying rjes khro ba yum 
BO_TZ39_TI-034:1064	zhing skyong ma mo dur khrod gnas nyul ma //	106	zhing skyong ma mo dur khrod gnas nyul ma 
BO_TZ39_TI-034:1065	dam tshhig gnas 'dir rnam bkra'i spyan gzigs dang // lhab lhub dar gyi g.yab mos 'bod kyis gshegs //	106	dam tshhig gnas dir rnam bkra spyan gzigs dang lhab lhub dar gyi g.yab mos bod kyis gshegs 
BO_TZ39_TI-034:1066	tshhil chen gsur dud dri zhim dud pa'i sprin //	106	tshhil chen gsur dud dri zhim dud ba sprin 
BO_TZ39_TI-034:1067	'dod dgu'i char 'beb ro brgya'i bza' btung gi	106	dod dgu char beb ro brgya bza thung gi 
BO_TZ39_TI-034:1068	/mgron du dad pa'i gdungs dbyangs snyan 'jebs sgra //	106	du dad ba gdung dbyangs snyan jebs sgra 
BO_TZ39_TI-034:1069	rkang gling rol mos mtshhon par 'bod kyis gshegs //	106	rkang gling rol mos mtshhon ba bod kyis gshegs 
BO_TZ39_TI-034:1070	sngon tshhe nyid kyis dam bcas ji bzhin du //	107	sngon tshhe nyid kyis dam cha ji bzhin du 
BO_TZ39_TI-034:1071	rgyal ba'i bstan dang rig 'dzin bdag cag gi	107	rgyal ba ston dang rig dzin bdag cag gi 
BO_TZ39_TI-034:1072	/'dod pa'i dngos grub re ba bzhin stshol ba'i //	107	ba dngos grub re ba bzhin stshol ba 
BO_TZ39_TI-034:1073	phrin las ma g.yel las la rings par spyon //	107	phrin las ma g.yel las la dring ba spyon 
BO_TZ39_TI-034:1074	a+o~m sh+ma sha nam pa ti sa pa ri wa ra badzra sa ma dzah	107	a+o~m sh+ma sha nam ba ti sa ba ri wa ra badzra sa ma dzah 
BO_TZ39_TI-034:1075	zhes pas spyan drangs /	107	zhes ba spyan drangs 
BO_TZ39_TI-034:1076	bzhugs gsol ni /	107	bzhugs gsol ni 
BO_TZ39_TI-034:1077	rab 'jigs dus mtha'i me rlung 'khrug pa'i klong //	107	rab jigs dus mtha me rlung khrug ba klong 
BO_TZ39_TI-034:1078	'bar ba'i dur khrod gzhal yas chen po'i dbus //	107	bar ba dur khrod jal yas chen po dbus 
BO_TZ39_TI-034:1079	pad+ma nyi zla dbugs bral brtshegs pa'i khrir //	107	pad+ma nyi zla dbugs bral brtshegs ba khrir 
BO_TZ39_TI-034:1080	ma gcig lha mo 'khor bcas bzhugs su gsol //	108	ma gcig lha mo khor cha bzhugs su gsol 
BO_TZ39_TI-034:1081	dzahhu~m bam hohpad+ma ka ma la ya satwam/	108	dzahhu~m bam hohpad+ma ka ma la ya 
BO_TZ39_TI-034:1082	phyag bya ba ni /	108	phyag byed ba ni 
BO_TZ39_TI-034:1083	dbyings kyi mkha' 'gro dur khrod ma mo'i gtsho //	108	dbyings kyi mkha gro dur khrod ma mo gtsho 
BO_TZ39_TI-034:1084	gsang sngags bka' yi srung ma mthu mo che //	108	gsang sngags bka yi srung ma mthu mo che 
BO_TZ39_TI-034:1085	srid gsum dbang bsgyur ma rungs dgra sde'i gshed //	108	srid gsum dbang sgyur ma rungs dgra sde gshed 
BO_TZ39_TI-034:1086	zhing skyong ma mo 'khor bcas la phyag 'tshhal //	108	zhing skyong ma mo khor cha la phyag tshhal 
BO_TZ39_TI-034:1087	a+o~m na mo na ma mi /	108	a+o~m na mo na ma mi 
BO_TZ39_TI-034:1088	mchod pa ni /	108	mchod ba ni 
BO_TZ39_TI-034:1089	hu~m/ dmar chen mchod yon dbang po'i me tog bzhad //	108	dmar chen mchod yon dbang po me tog bzhad 
BO_TZ39_TI-034:1090	sna tshhogs gsur dud zhun chen sbar ba'i me //	109	sna tshhogs gsur dud zhun chen sbor ba me 
BO_TZ39_TI-034:1091	mkhris chen byug pa sha rus bza' ba'i tshhogs //	109	mkhris chen byug ba sha rus bza ba tshhogs 
BO_TZ39_TI-034:1092	mi bzad sgra dbyangs myos byed dpa' bo'i bcud //	109	mi bzad sgra dbyangs myos byed dpa bo bcud 
BO_TZ39_TI-034:1093	lbu phreng do shal g.yo ba'i rak+ta'i skyems //	109	lbu phreng do shal g.yo ba rak+ta skyem 
BO_TZ39_TI-034:1094	'dod yon tshhogs dang gtor ma'i longs spyod sogs //	109	dod yon tshhogs dang thor ma longs spyod sogs 
BO_TZ39_TI-034:1095	rab 'byams nam mkha' gang ba'i mchod pa'i sprin //	109	rab byam nam mkha gang ba mchod ba sprin 
BO_TZ39_TI-034:1096	dur khrod ma mo 'khor dang bcas la 'bul //	109	dur khrod ma mo khor dang cha la bul 
BO_TZ39_TI-034:1097	a+o~m sh+ma sha nam pa ti sa pa ri wa re b+h+yah	109	a+o~m sh+ma sha nam ba ti sa ba ri wa re b+h+yah 
BO_TZ39_TI-034:1098	ar+g+ham push+pe d+hu pe a lo ke gan+d+he nai bid+ya shab+da a mr-ita rak+ta ba lim pany+tsha ka ma gu na pra titsh+tshha swa ha/	109	ar+g+ham push+pe d+hu pe a lo ke gan+d+he nai bid+ya shab+da a mr-ita rak+ta ba lim pany+tsha ka ma gu na pra titsh+tshha swa 
BO_TZ39_TI-034:1099	gnyis pa gtor ma 'bul ba ni /	109	gnyis ba thor ma bul ba ni 
BO_TZ39_TI-034:1100	lha rnams kyi ljags hu~m las byung ba'i rdo rje sbu gu can gyi 'od zer gyis gtor ma'i bcud drangs te gsol bas bde ba chen po'i rang bzhin du tshhim par bsam zhing rdo rje'i thal mo gyen du phye ba bstan la /	110	lha rnams kyi ljags hu~m las byung ba rdo rje sbu gu can gyi d zer gyis thor ma bcud drangs te gsol ba bde ba chen po rang bzhin du tshhim ba bsam zhing rdo rje thal mo gyen du byed ba ston la 
BO_TZ39_TI-034:1101	a+o~m b+hu ru ku ru i tshi ki byi u tshush+ma kro d+ha hu~m phatahsa pa ri wa ra i dam ba lim ta kha kha kha hi kha hi /	110	a+o~m b+hu ru ku ru i tshi ki byi u tshush+ma kro d+ha hu~m phatahsa ba ri wa ra i dam ba lim ta kha kha kha hi kha hi 
BO_TZ39_TI-034:1102	a+o~m ma ha ka la e ka dza ti gu na hri da hu~m phatah	110	a+o~m ma ha ka la e ka dza ti gu na hri da hu~m phatah 
BO_TZ39_TI-034:1103	a+o~m shri ma ha ka la ga na gu h+ya ram sid+d+hi hu~m phatah	110	a+o~m shri ma ha ka la ga na gu h+ya ram sid+d+hi hu~m phatah 
BO_TZ39_TI-034:1104	a+o~m ma ha ka la bi ka la tri yam dza :	110	a+o~m ma ha ka la bi ka la tri yam dza 
BO_TZ39_TI-034:1105	a+o~m ro ru e ka dza ti snying kha rak+mo ru lu ru lu hu~m b+h+yo hu~m dzahdza :	110	a+o~m ro ru e ka dza ti snying kha rak+mo ru lu ru lu hu~m b+h+yo hu~m dzahdza 
BO_TZ39_TI-034:1106	a+o~m ma ha de wa dzahu ma de wi hrim ha ri ni sa pa sham ku ru ho :	110	a+o~m ma ha de wa dzahu ma de wi hrim ha ri ni sa ba sham ku ru ho 
BO_TZ39_TI-034:1107	hri shag ru rag ram na ge tshit+ta tram ma ma yo za 'gram ha ha ga sha la dzahdzah	110	hri shag ru rag ram na ge tshit+ta tram ma ma yo za grams ha ha ga sha la dzahdzah 
BO_TZ39_TI-034:1108	a+o~m ma ha ra dza sa ma ya bai shra ma na ye sarba tshit+ta rat+na hrim dzah	110	a+o~m ma ha ra dza sa ma ya bai shra ma na ye sarba tshit+ta rat+na hrim dzah 
BO_TZ39_TI-034:1109	a+o~m ma ma ra li pra ma ya ka li ye dzahdzah	110	a+o~m ma ma ra li pra ma ya ka li ye dzahdzah 
BO_TZ39_TI-034:1110	zhes lha thams cad kyi snying po'i mthar sa pa ri wa ra sogs btags pa lan gsum mam bdun gyis gtor ma phul la /	111	zhes lha thams cad kyi snying po mthar sa ba ri wa ra sogs dogs ba lan gsum mam bdun gyis thor ma bul la 
BO_TZ39_TI-034:1111	dpal ma ha ka la khrag 'thung gi rgyal po /	111	dpal ma ha ka la khrag thung gi rgyal po 
BO_TZ39_TI-034:1112	gtshug lag khang dang dkyil 'khor gyi srung ma /	111	gtshug lag khang dang dkyil khor gyi srung ma 
BO_TZ39_TI-034:1113	dug gsum nad kyi sman pa /	111	dug gsum nad kyi sman ba 
BO_TZ39_TI-034:1114	rnal 'byor yongs kyi dgra bla /	111	rnal byor yongs kyi dgra bla 
BO_TZ39_TI-034:1115	bdud dpung sgrol ba'i dpa' bo /	111	bdud dpung sgrol ba dpa bo 
BO_TZ39_TI-034:1116	bstan pa'i bka' srung chen po /	111	ston ba bka srung chen po 
BO_TZ39_TI-034:1117	legs ldan rdo rje srin po tshhogs kyi bdag po /	111	legs ldan rdo rje srin po tshhogs kyi bdag po 
BO_TZ39_TI-034:1118	nag po chen po phyag bzhi pa /	111	nag po chen po phyag bzhi ba 
BO_TZ39_TI-034:1119	dpal mgon ma ning nag po /	111	dpal mgon ma ning nag po 
BO_TZ39_TI-034:1120	mthu chen drag po zhal bzhi pa /	112	mthu chen drag po zhal bzhi ba 
BO_TZ39_TI-034:1121	ma mo sngags kyi srung ma /	112	ma mo sngags kyi srung ma 
BO_TZ39_TI-034:1122	lha chen dbang phyug chen po /	112	lha chen dbang phyug chen po 
BO_TZ39_TI-034:1123	khyab 'jug dug gi spu gri /	112	khyab jug dug gi spu gri 
BO_TZ39_TI-034:1124	rgyal chen rnam mang thos sras /	112	rgyal chen rnam mang thos sras 
BO_TZ39_TI-034:1125	zhing skyong dur khrod kyi ma mo la sogs te dam pa chos skyong ba'i srung ma bka' sdod pho nya'i dmag tshhogs 'khor dang bcas pa rnams kyis mchod sbyin gyi gtor ma rgya chen po 'di bzhes la sangs rgyas kyi bstan pa srungs zhes pa nas /	112	zhing skyong dur khrod kyi ma mo la sogs te dam ba chos skyong ba srung ma bka sdod pho nya dmag tshhogs khor dang cha ba rnams kyis mchod sbyin gyi thor ma rgya chen po di bzhes la sangs rgya kyi ston ba srungs zhes ba nas 
BO_TZ39_TI-034:1126	phrin las mdzod cig	112	phrin las mdzod cig 
BO_TZ39_TI-034:1127	/ces pa'i bar gyis 'dod pa'i phrin las gsol /	112	ba ba gyis dod ba phrin las gsol 
BO_TZ39_TI-034:1128	gsum pa bstod pa la dgu las dang po ni /	112	gsum ba bstod ba la dgu las dang po ni 
BO_TZ39_TI-034:1129	hu~m/ lha min dmag tshhogs g.yul bzlog cing //	112	lha min dmag tshhogs g.yul bzlog cing 
BO_TZ39_TI-034:1130	lha dmag dkar po'i dbugs 'byin pa'i //	113	lha dmag dkar po dbugs byin ba 
BO_TZ39_TI-034:1131	legs ldan nag po 'khor bcas la //	113	legs ldan nag po khor cha la 
BO_TZ39_TI-034:1132	mchod cing bstod de phyag kyang 'tshhal //	113	mchod cing bstod de phyag kyang tshhal 
BO_TZ39_TI-034:1133	bsod nams gzi brjid 'phags la phyag 'tshhal lo //	113	bsod nams gzi brjid phag la phyag tshhal lo 
BO_TZ39_TI-034:1134	ye shes tshhogs chen rdzogs la phyag 'tshhal lo //	113	ye shes tshhogs chen rdzogs la phyag tshhal lo 
BO_TZ39_TI-034:1135	spyod pa rlabs chen 'phags la phyag 'tshhal lo //	113	spyod ba rlabs chen phag la phyag tshhal lo 
BO_TZ39_TI-034:1136	drag shul mthu chen ldan la phyag 'tshhal lo //	113	drag shul mthu chen ldan la phyag tshhal lo 
BO_TZ39_TI-034:1137	pha rol phyin bcu mnga' la phyag 'tshhal lo //	113	pha rol phyin chu mnga la phyag tshhal lo 
BO_TZ39_TI-034:1138	sgrib pa rnam gnyis dag la phyag 'tshhal lo //	113	sgrib ba rnam gnyis dag la phyag tshhal lo 
BO_TZ39_TI-034:1139	bdag med gnyis rtogs khyod la phyag 'tshhal lo //	113	bdag med gnyis rtogs khyod la phyag tshhal lo 
BO_TZ39_TI-034:1140	ston pa'i lung bstan thob la phyag 'tshhal lo //	114	ston ba lung ston thob la phyag tshhal lo 
BO_TZ39_TI-034:1141	sngon gyi rgyal ba rnams dang dgongs pa gcig	114	sngon gyi rgyal ba rnams dang dgongs ba gcig 
BO_TZ39_TI-034:1142	/rig 'dzin grub thob rnams dang byin rlabs gcig	114	dzin grub thob rnams dang byin rlabs gcig 
BO_TZ39_TI-034:1143	/ma mo mkha' 'gro rnams dang dam tshhig gcig	114	mo mkha gro rnams dang dam tshhig gcig 
BO_TZ39_TI-034:1144	/lha srin sde brgyad rnams dang mthu rtshal gcig	114	srin sde brgyad rnams dang mthu rtshal gcig 
BO_TZ39_TI-034:1145	/sngon gyi drang srong rnams dang smon lam gcig	114	gyi dren srong rnams dang smon lam gcig 
BO_TZ39_TI-034:1146	/tshhogs bdag khyod la phyag 'tshhal lo //	114	bdag khyod la phyag tshhal lo 
BO_TZ39_TI-034:1147	mgon po khyod la phyag 'tshhal lo //	114	mgon po khyod la phyag tshhal lo 
BO_TZ39_TI-034:1148	zhes pa tsham gyis bstod de zor yang ba'i dbang du byas la /	114	zhes ba tsham gyis bstod de zor yang ba dbang du byed la 
BO_TZ39_TI-034:1149	shes na bstod pa rgyas pa gzhan du 'byung ba bzhin bya'o //	114	shes na bstod ba rgya ba gzhan du byung ba bzhin byed 
BO_TZ39_TI-034:1150	dpal mgon legs ldan tshhogs kyi bdag po'i bstod pa'o //	115	dpal mgon legs ldan tshhogs kyi bdag po bstod ba 
BO_TZ39_TI-034:1151	gnyis pa ni /	115	gnyis ba ni 
BO_TZ39_TI-034:1152	hu~m/ mi 'gyur rnam dag chos dbyings ngang nyid las //	115	mi gyur rnam dag chos dbyings ngang nyid las 
BO_TZ39_TI-034:1153	ye shes chen po'i thugs rjes skur sprul pa //	115	ye shes chen po thugs rjes skur sprul ba 
BO_TZ39_TI-034:1154	ma rungs 'dul mdzad ma ha ka la'i gtsho //	115	ma rungs dul mdzad ma ha ka la gtsho 
BO_TZ39_TI-034:1155	drag po stobs ldan khyod la phyag 'tshhal bstod //	115	drag po stobs ldan khyod la phyag tshhal bstod 
BO_TZ39_TI-034:1156	sku mdog mthing nag zhal gcig phyag bzhir ldan /	115	sku mdog mthing nag zhal gcig phyag bzhir ldan 
BO_TZ39_TI-034:1157	khro gnyer gsus 'phyang mche ba rnam par gtshigs //	115	khro gnyer gsus phyang mche ba rnam ba gtshigs 
BO_TZ39_TI-034:1158	smin ma ag tshhom ser zhing dmar ba'i mdangs //	115	smin ma ag tshhom ser zhing dmar ba mdangs 
BO_TZ39_TI-034:1159	gzi brjid rab 'bar sku la phyag 'tshhal bstod /	115	gzi brjid rab bar sku la phyag tshhal bstod 
BO_TZ39_TI-034:1160	khros pa'i cha byad spyan gsum bgrad pa yis //	116	khro ba cha byad spyan gsum bgrad ba yis 
BO_TZ39_TI-034:1161	'jig rten lha chen ma lus zil gyis gnon //	116	jig rten lha chen ma lus zil gyis gnon 
BO_TZ39_TI-034:1162	zhal gdangs ljags 'dril bgegs tshhogs sreg mdzad pa'i //	116	zhal gdang ljags dril bgegs tshhogs sreg mdzad ba 
BO_TZ39_TI-034:1163	nga ro 'jigs pa'i gsung la phyag 'tshhal bstod //	116	nga ro jigs ba gsung la phyag tshhal bstod 
BO_TZ39_TI-034:1164	rtog med rnam grol mnyam par thugs gnas kyang //	116	rtogs med rnam grol mnyam ba thugs gnas kyang 
BO_TZ39_TI-034:1165	chags med snying rjes 'gro don mdzad pa'i tshhul //	116	chags med snying rjes gro don mdzad ba tshhul 
BO_TZ39_TI-034:1166	byams pa chen pos sgrub mchog bu bzhin skyong //	116	byams ba chen pos sgrub mchog bu bzhin skyong 
BO_TZ39_TI-034:1167	mi gnas bde chen thugs la phyag 'tshhal bstod //	116	mi gnas bde chen thugs la phyag tshhal bstod 
BO_TZ39_TI-034:1168	skyon las yongs grol yon tan mthar phyin rtags //	116	skyon las yongs grol yon tan mthar phyin rtags 
BO_TZ39_TI-034:1169	thod pa skam rlon rin chen rgyan gyis brgyan //	116	thod ba skam rlon rin chen rgyan gyis rgyan 
BO_TZ39_TI-034:1170	nyon mongs klu dang log lta 'joms mdzad tshhul //	117	nyon mongs klu dang log lta joms mdzad tshhul 
BO_TZ39_TI-034:1171	sbrul gyis rnam brgyan stag lpags sham thabs gsol //	117	sbrul gyis rnam rgyan stag lpags sham thabs gsol 
BO_TZ39_TI-034:1172	rdzu 'phrul mthu stobs byin rlabs shugs dang ldan //	117	rdzu phrul mthu stobs byin rlabs shugs dang ldan 
BO_TZ39_TI-034:1173	yon tan mchog ster khyod la phyag 'tshhal bstod //	117	yon tan mchog ster khyod la phyag tshhal bstod 
BO_TZ39_TI-034:1174	rtog pa rab gcod nyams pa'i snying 'byin pa'i //	117	rtogs ba rab gcod nyams ba snying byin ba 
BO_TZ39_TI-034:1175	gri gug ral gri g.yas pa'i phyag na bsnams //	117	gri gug ral gri g.yas ba phyag na snom 
BO_TZ39_TI-034:1176	chos rnams bde bar rtogs pa'i thod khrag dang / kha t+wam ga las bdud rtshi'i rgyun 'bab g.yon //	117	chos rnams bde ba rtogs ba thod khrag dang kha t+wam ga las bdud rtshi rgyun bab g.yon 
BO_TZ39_TI-034:1177	tshhar gcod rjes 'dzin sku gsum dngos grub ster //	117	tshhar gcod rjes dzin sku gsum dngos grub ster 
BO_TZ39_TI-034:1178	phrin las thogs med ldan la phyag 'tshhal bstod /	117	phrin las thogs med ldan la phyag tshhal bstod 
BO_TZ39_TI-034:1179	khros pa'i nyams dang sgra skad drag po yis //	117	khro ba nyams dang sgra skad drag po yis 
BO_TZ39_TI-034:1180	bka' nyan las byed ma mo da ki dang // ging dang gshin rje sha za ma lus tshhogs //	118	bka nyan las byed ma mo da ki dang ging dang gshin rje sha za ma lus tshhogs 
BO_TZ39_TI-034:1181	rang dbang med par dbang sdud pho nyar 'gyed //	118	rang dbang med ba dbang sdud pho nyar gyed 
BO_TZ39_TI-034:1182	'gal byed tshhogs rnams myur du brlag mdzad pa'i //	118	gal byed tshhogs rnams myur du brlag mdzad ba 
BO_TZ39_TI-034:1183	drag po sgrol byed gtsho la phyag 'tshhal bstod //	118	drag po sgrol byed gtsho la phyag tshhal bstod 
BO_TZ39_TI-034:1184	ces dang / hu~m/	118	ces dang 
BO_TZ39_TI-034:1185	chos dbyings skye med ngang las ma g.yos kyang //	118	chos dbyings skye med ngang las ma g.yos kyang 
BO_TZ39_TI-034:1186	thabs kyis gdug pa ma lus 'dul ba'i phyir //	118	thabs kyis gdug ba ma lus dul ba phyir 
BO_TZ39_TI-034:1187	drag po 'jigs byed chen po'i skur ston pa //	118	drag po jigs byed chen po skur ston ba 
BO_TZ39_TI-034:1188	rdo rje nag po che la phyag 'tshhal bstod //	118	rdo rje nag po che la phyag tshhal bstod 
BO_TZ39_TI-034:1189	gsang ba'i dgyes spyod ma gcig tshan+di ka	118	gsang ba dgyes spyod ma gcig tshan+di ka 
BO_TZ39_TI-034:1190	/gcer bu skra grol stong gsum gar bsgyur ma //	119	bu skra grol stong gsum gar sgyur ma 
BO_TZ39_TI-034:1191	gri gug dbang sdud thod khrag 'khor ba stongs //	119	gri gug dbang sdud thod khrag khor ba stongs 
BO_TZ39_TI-034:1192	dpal ldan dbyings kyi ma mor phyag 'tshhal bstod //	119	dpal ldan dbyings kyi ma mor phyag tshhal bstod 
BO_TZ39_TI-034:1193	hu~m/ sngon tshhe khrag 'thung chen po'i spyan snga ru //	119	sngon tshhe khrag thung chen po spyan snga ru 
BO_TZ39_TI-034:1194	sangs rgyas bstan pa bsrung bar zhal bzhes pa //	119	sangs rgya ston ba bsrung ba zhal bzhes ba 
BO_TZ39_TI-034:1195	srin po'i gzugs can gdug pa kun 'dul ba //	119	srin po gzugs can gdug ba kun dul ba 
BO_TZ39_TI-034:1196	las mgon nag po che la phyag 'tshhal bstod //	119	las mgon nag po che la phyag tshhal bstod 
BO_TZ39_TI-034:1197	b+h+yoh nag po'i las mdzad mkha' 'gro kun gyi gtsho //	119	b+h+yoh nag po las mdzad mkha gro kun gyi gtsho 
BO_TZ39_TI-034:1198	mi bsrun gzugs 'chang dgra la dug nad 'beb //	119	mi bsrun gzugs chang dgra la dug nad beb 
BO_TZ39_TI-034:1199	sha za khrag 'thung gtum mo rab 'bar ma //	119	sha za khrag thung thum mo rab bar ma 
BO_TZ39_TI-034:1200	nag mo bya zhon ma la phyag 'tshhal bstod //	120	nag mo byed zhon ma la phyag tshhal bstod 
BO_TZ39_TI-034:1201	hu~m/ bka' nyan las byed sangs rgyas bstan pa srung //	120	bka nyan las byed sangs rgya ston ba srung 
BO_TZ39_TI-034:1202	thugs dam dbang gis sgrub mchog bu bzhin skyong //	120	thugs dam dbang gis sgrub mchog bu bzhin skyong 
BO_TZ39_TI-034:1203	drag shul stobs kyis bstan dgra rtshad nas gcod //	120	drag shul stobs kyis ston dgra rtshad nas gcod 
BO_TZ39_TI-034:1204	sha za nag po khyod la phyag 'tshhal bstod //	120	sha za nag po khyod la phyag tshhal bstod 
BO_TZ39_TI-034:1205	hu~m/ mgon po'i bka' sdod 'jigs byed kun gyi gtsho //	120	mgon po bka sdod jigs byed kun gyi gtsho 
BO_TZ39_TI-034:1206	stong gsum cig car myul zhing bstan pa srung //	120	stong gsum cig car myul zhing ston ba srung 
BO_TZ39_TI-034:1207	thogs med mthu mnga' sde brgyad dmag dpon mdzad //	120	thogs med mthu mnga sde brgyad dmag dpon mdzad 
BO_TZ39_TI-034:1208	gza' bdud ra hu la la phyag 'tshhal bstod //	120	gza bdud ra hu la la phyag tshhal bstod 
BO_TZ39_TI-034:1209	'jig rten las las grub pa'i dregs pa can //	120	jig rten las las grub ba dregs ba can 
BO_TZ39_TI-034:1210	drag sngags dmod pa drag po'i mtshhon cha yis //	121	drag sngags dmod ba drag po mtshhon cha yis 
BO_TZ39_TI-034:1211	zhing bcu'i srog dbugs 'bral ba'i mthu bo che //	121	zhing chu srog dbugs bral ba mthu bo che 
BO_TZ39_TI-034:1212	las byed dregs pa bzhi la phyag 'tshhal bstod //	121	las byed dregs ba bzhi la phyag tshhal bstod 
BO_TZ39_TI-034:1213	gzhan yang nag po stong dang sha za 'bum //	121	gzhan yang nag po stong dang sha za bum 
BO_TZ39_TI-034:1214	ma mo bye ba gnod sbyin khri la sogs //	121	ma mo bye ba gnod sbyin khri la sogs 
BO_TZ39_TI-034:1215	'khor tshhogs sde dang dpung dang pho nyar bcas //	121	khor tshhogs sde dang dpung dang pho nyar cha 
BO_TZ39_TI-034:1216	grangs med yid bzhin 'khor lor 'char la bstod //	121	grangs med yid bzhin khor lor char la bstod 
BO_TZ39_TI-034:1217	ces dang / gzhan yang rtags kyi bstod pa dang rkang brgyad ma'i bstod pa sogs spro na bstod 'bum bzhin shes par bya'o //	121	ces dang gzhan yang rtags kyi bstod ba dang rkang brgyad ma bstod ba sogs spro na bstod bum bzhin shes ba byed 
BO_TZ39_TI-034:1218	dpal mgon phyag bzhi pa'i bstod pa'o //	121	dpal mgon phyag bzhi ba bstod ba 
BO_TZ39_TI-034:1219	gsum pa ni /	121	gsum ba ni 
BO_TZ39_TI-034:1220	hu~m/ 'jig rten 'das pa'i dus na mngon byung ba //	122	jig rten da ba dus na mngon byung ba 
BO_TZ39_TI-034:1221	che mchog he ru ka dpal sku gsum rdzogs //	122	che mchog he ru ka dpal sku gsum rdzogs 
BO_TZ39_TI-034:1222	srid rtsha'i bdag 'dzin ru dra sde gsum 'dul //	122	srid rtsha bdag dzin ru dra sde gsum dul 
BO_TZ39_TI-034:1223	rtshal chen phrin las mdzad la phyag 'tshhal bstod //	122	rtshal chen phrin las mdzad la phyag tshhal bstod 
BO_TZ39_TI-034:1224	dpal chen mngon sprul nag po chen po'i sku	122	dpal chen mngon sprul nag po chen po sku 
BO_TZ39_TI-034:1225	/'chol ba'i khro rgyal ma ning dgra bgegs gshed //	122	ba khro rgyal ma ning dgra bgegs gshed 
BO_TZ39_TI-034:1226	lha chen dpal 'bar chos skyong yongs kyi rje //	122	lha chen dpal bar chos skyong yongs kyi rje 
BO_TZ39_TI-034:1227	dmag dpon chen po'i sku la phyag 'tshhal bstod //	122	dmag dpon chen po sku la phyag tshhal bstod 
BO_TZ39_TI-034:1228	dur khrod thod mkhar me rlung 'tshhub dkyil na //	122	dur khrod thod mkhar me rlung tshhub dkyil na 
BO_TZ39_TI-034:1229	rnal 'byor dpal mgon khyod kyi cha lugs ni //	122	rnal byor dpal mgon khyod kyi cha lugs ni 
BO_TZ39_TI-034:1230	sku mdog mthing nag zhal gcig phyag gnyis pa //	123	sku mdog mthing nag zhal gcig phyag gnyis ba 
BO_TZ39_TI-034:1231	sku gsum ldan phyir spyan gsum gyen thur gzigs //	123	sku gsum ldan phyir spyan gsum gyen thur gzigs 
BO_TZ39_TI-034:1232	rab brjid khro gnyer gsum ldan gtum la rngam //	123	rab brjid khro gnyer gsum ldan thum la rngam 
BO_TZ39_TI-034:1233	zhal gdangs mche gtshigs drag po'i skan sgra rdeb //	123	zhal gdang mche gtshigs drag po skan sgra rdeb 
BO_TZ39_TI-034:1234	rin chen thod skam lnga yis dbu la brgyan //	123	rin chen thod skam lnga yis dbu la rgyan 
BO_TZ39_TI-034:1235	sbrul nag ral pa nag pos sa gzhi khyab //	123	sbrul nag ral ba nag pos sa gzhi khyab 
BO_TZ39_TI-034:1236	g.yas pa ru mtshhon g.yon pa snying zhags bsnams //	123	g.yas ba ru mtshhon g.yon ba snying zhags snom 
BO_TZ39_TI-034:1237	tshan dan beng chen rked btshugs lha dmag 'gyed //	123	tshan dan beng chen rked btshugs lha dmag gyed 
BO_TZ39_TI-034:1238	thod pa skam rlon snying phreng sbrul chun spras //	123	thod ba skam rlon snying phreng sbrul chun spras 
BO_TZ39_TI-034:1239	dar nag ber gsol gser sked mi lpags bcings //	123	dar nag ber gsol gser sked mi lpags ching 
BO_TZ39_TI-034:1240	legs ldan nag po'i sku la phyag 'tshhal bstod //	124	legs ldan nag po sku la phyag tshhal bstod 
BO_TZ39_TI-034:1241	hu~m/ las la chas tshhe srog bdud cha lugs 'dzin //	124	las la cha tshhe srog bdud cha lugs dzin 
BO_TZ39_TI-034:1242	srid gsum gzigs phyir spyan gsum brang la shar //	124	srid gsum gzigs phyir spyan gsum brang la char 
BO_TZ39_TI-034:1243	dmag dpon bzhi 'gyed spyan bzhis lhu tshhigs brgyan //	124	dmag dpon bzhi gyed spyan bzhis lhu tshhigs rgyan 
BO_TZ39_TI-034:1244	stag ral gzig shubs btags nas rta nag zhon //	124	stag ral gzig shubs dogs nas rta nag zhon 
BO_TZ39_TI-034:1245	bdud mdas dgra snying gzir 'debs gling bzhir rgyug	124	bdud mdas dgra snying gzir debs gling bzhir rgyug 
BO_TZ39_TI-034:1246	/spyan nas khrag 'dzag me yi kha rlangs 'bar /	124	nas khrag dzag me yi kha rlangs bar 
BO_TZ39_TI-034:1247	kha t+wam gri gug lcags par thogs nas su //	124	kha t+wam gri gug lcags ba thogs nas su 
BO_TZ39_TI-034:1248	snang srid pho rgyud thams cad pho nyar 'gyed //	124	snang srid pho brgyud thams cad pho nyar gyed 
BO_TZ39_TI-034:1249	ci bcol las rnams skad cig yud la sgrub //	124	ci chol las rnams skad cig yud la sgrub 
BO_TZ39_TI-034:1250	rtag tu grogs mdzad mgon po nag po che //	125	rtag tu grogs mdzad mgon po nag po che 
BO_TZ39_TI-034:1251	ma bskul bar yang brnags pa'i dgra bgegs sgrol //	125	ma skul ba yang brnag ba dgra bgegs sgrol 
BO_TZ39_TI-034:1252	ltag na spyan gcig ma tshhogs dbang du sdud //	125	ltag na spyan gcig ma tshhogs dbang du sdud 
BO_TZ39_TI-034:1253	gar bskul sa ru mi ro rags su 'tshher //	125	gar skul sa ru mi ro rags su tshher 
BO_TZ39_TI-034:1254	zlog pas mi bzlog sngags zlog mkhan gyi gshed //	125	zlog ba mi bzlog sngags zlog mkhan gyi gshed 
BO_TZ39_TI-034:1255	gtshug lag khang srung dkor rkun rtshad nas gcod //	125	gtshug lag khang srung dkor rkun rtshad nas gcod 
BO_TZ39_TI-034:1256	bstan pa gnyan srung bka' yi bya ra ba //	125	ston ba gnyan srung bka yi byed ra ba 
BO_TZ39_TI-034:1257	dregs pa kun 'dul khyod la phyag 'tshhal bstod //	125	dregs ba kun dul khyod la phyag tshhal bstod 
BO_TZ39_TI-034:1258	hu~m/ dpal ldan las kyi mgon po ni //	125	dpal ldan las kyi mgon po ni 
BO_TZ39_TI-034:1259	mthing nag gri gug lcags par thogs /	125	mthing nag gri gug lcags ba thogs 
BO_TZ39_TI-034:1260	kha t+wam bdud mdas dgra snying gzir //	126	kha t+wam bdud mdas dgra snying gzir 
BO_TZ39_TI-034:1261	rta nag zhon nas rgyug la bstod //	126	rta nag zhon nas rgyug la bstod 
BO_TZ39_TI-034:1262	ma gcig lha mo dpal 'bar ma //	126	ma gcig lha mo dpal bar ma 
BO_TZ39_TI-034:1263	spu gri 'phyar zhing klad khrag ldag	126	spu gri phyor zhing klad khrag ldag 
BO_TZ39_TI-034:1264	/mi lpags gos gyon thod phreng 'phyang //	126	lpags gos gyon thod phreng phyang 
BO_TZ39_TI-034:1265	u ma de bi'i sku la bstod //	126	u ma de bi sku la bstod 
BO_TZ39_TI-034:1266	hu~m/ sku las sprul pa'i mgon po ni //	126	sku las sprul ba mgon po ni 
BO_TZ39_TI-034:1267	nag po stag zhon mi bzad pa //	126	nag po stag zhon mi bzad ba 
BO_TZ39_TI-034:1268	tshan dan beng gsol bdud zhags 'phen //	126	tshan dan beng gsol bdud zhags phen 
BO_TZ39_TI-034:1269	gtum po 'jigs byed khyod la bstod //	126	thum po jigs byed khyod la bstod 
BO_TZ39_TI-034:1270	ma 'gags gsung gi rol pa'i rtshal //	127	ma gag gsung gi rol ba rtshal 
BO_TZ39_TI-034:1271	beng chen dmar smug khros pa'i zhal //	127	beng chen dmar smug khro ba zhal 
BO_TZ39_TI-034:1272	tshan dan beng dang lcags par 'dzin //	127	tshan dan beng dang lcags ba dzin 
BO_TZ39_TI-034:1273	bdud 'dul mthu chen khyod la bstod //	127	bdud dul mthu chen khyod la bstod 
BO_TZ39_TI-034:1274	thugs kyi sgyu ma chen po'i 'phrul //	127	thugs kyi sgyu ma chen po phrul 
BO_TZ39_TI-034:1275	lha min g.yul bzlog nag po che //	127	lha min g.yul bzlog nag po che 
BO_TZ39_TI-034:1276	phyag na gri gug thod khrag bsnams /	127	phyag na gri gug thod khrag snom 
BO_TZ39_TI-034:1277	khrag 'thung dpa' bo khyod la bstod //	127	khrag thung dpa bo khyod la bstod 
BO_TZ39_TI-034:1278	yon tan mgon po legs ldan che //	127	yon tan mgon po legs ldan che 
BO_TZ39_TI-034:1279	gtum drag bzod dka'i gzi brjid can //	127	thum drag bzod dka gzi brjid can 
BO_TZ39_TI-034:1280	mthing nag rin chen thod khrag 'dzin //	128	mthing nag rin chen thod khrag dzin 
BO_TZ39_TI-034:1281	gdug pa 'dul mdzad khyod la bstod //	128	gdug ba dul mdzad khyod la bstod 
BO_TZ39_TI-034:1282	phrin las drag shul chen po'i rtshal //	128	phrin las drag shul chen po rtshal 
BO_TZ39_TI-034:1283	trag shad bdud mgon ma rungs pa //	128	trag shad bdud mgon ma rungs ba 
BO_TZ39_TI-034:1284	tshan dan beng dang dgra snying 'dzin //	128	tshan dan beng dang dgra snying dzin 
BO_TZ39_TI-034:1285	dgra bgegs gshed ma khyod la bstod //	128	dgra bgegs gshed ma khyod la bstod 
BO_TZ39_TI-034:1286	'dod khams dbang phyug re ma ti //	128	dod khams dbang phyug re ma ti 
BO_TZ39_TI-034:1287	lag na khram shing thod pa 'dzin //	128	lag na khram shing thod ba dzin 
BO_TZ39_TI-034:1288	drel rta zhon nas stong gsum myul //	128	drel rta zhon nas stong gsum myul 
BO_TZ39_TI-034:1289	nag mo stong gi gtsho la bstod //	128	nag mo stong gi gtsho la bstod 
BO_TZ39_TI-034:1290	he ru ka dpal spyan snga ru //	129	he ru ka dpal spyan snga ru 
BO_TZ39_TI-034:1291	dam bcas ji bzhin da lta 'dir //	129	dam cha ji bzhin da lta dir 
BO_TZ39_TI-034:1292	bstan pa srung zhing skyong mdzad pa'i //	129	ston ba srung zhing skyong mdzad ba 
BO_TZ39_TI-034:1293	dam can kun la bstod par bgyi //	129	dam can kun la bstod ba bgyid 
BO_TZ39_TI-034:1294	dpal mgon ma ning 'khor bcas kyi bstod pa'o //	129	dpal mgon ma ning khor cha kyi bstod ba 
BO_TZ39_TI-034:1295	bzhi pa ni /	129	bzhi ba ni 
BO_TZ39_TI-034:1296	hu~m: rab 'jigs dur khrod bskal me 'bar ba'i klong :	129	hu~m: rab jigs dur khrod bskal me bar ba klong 
BO_TZ39_TI-034:1297	rig 'dzin srog shing rnal 'byor dgra bla che :	129	rig dzin srog shing rnal byor dgra bla che 
BO_TZ39_TI-034:1298	bstan pa'i bka' srung mthu stobs rdzu 'phrul can :	129	ston ba bka srung mthu stobs rdzu phrul can 
BO_TZ39_TI-034:1299	dregs pa kun 'dul khyod la bdag bstod do :	129	dregs ba kun dul khyod la bdag bstod do 
BO_TZ39_TI-034:1300	srid gsum zil gnon nyams pa rtshad nas gcod :	130	srid gsum zil gnon nyams ba rtshad nas gcod 
BO_TZ39_TI-034:1301	rnam bzhi'i phrin las ci bcol thogs pa med :	130	rnam bzhi phrin las ci chol thogs ba med 
BO_TZ39_TI-034:1302	thod phreng rtshal gyis dbang bskur dam tshhig can :	130	thod phreng rtshal gyis dbang skur dam tshhig can 
BO_TZ39_TI-034:1303	sha za nag po khyod la bdag bstod do :	130	sha za nag po khyod la bdag bstod do 
BO_TZ39_TI-034:1304	phyogs bzhi'i gnas nas sangs rgyas bstan pa srung :	130	phyogs bzhi gnas nas sangs rgya ston ba srung 
BO_TZ39_TI-034:1305	sprul pa sna tshhogs stong gsum khyab par 'gyed :	130	sprul ba sna tshhogs stong gsum khyab ba gyed 
BO_TZ39_TI-034:1306	skye 'gro'i srog dbugs drod la dbang byed pa'i :	130	skye gro srog dbugs drod la dbang byed ba 
BO_TZ39_TI-034:1307	dregs pa 'khor dang bcas la bdag bstod do :	130	dregs ba khor dang cha la bdag bstod do 
BO_TZ39_TI-034:1308	ka dag dbyings las snying rjes khros pa'i sku /	130	ka dag dbyings las snying rjes khro ba sku 
BO_TZ39_TI-034:1309	kha dog mi bzad dus mtha'i char sprin 'dra //	130	kha dog mi bzad dus mtha char sprin dra 
BO_TZ39_TI-034:1310	ga sha mgo phreng dur khrod chas kyis brgyan //	131	ga sha mgo phreng dur khrod cha kyis rgyan 
BO_TZ39_TI-034:1311	nga ro'i gad mos sa gsum g.yo la bstod //	131	nga ro gad mos sa gsum g.yo la bstod 
BO_TZ39_TI-034:1312	ca co gdung ba'i shugs kyis bskul bsgrub tshhe //	131	ca co gdung ba shugs kyis skul sgrub tshhe 
BO_TZ39_TI-034:1313	cha lugs phrin las rnam bzhi'i rol gar gyis //	131	cha lugs phrin las rnam bzhi rol gar gyis 
BO_TZ39_TI-034:1314	ja ril thod pa'i gur khang bskal me'i klong //	131	ja ril thod ba gur khang bskal me klong 
BO_TZ39_TI-034:1315	nya rgyas ston zla'i mdzes pa ngom la bstod //	131	nya rgya ston zla mdzes ba ngom la bstod 
BO_TZ39_TI-034:1316	ta tha ga ta'i spyan sngar zhal bzhes pa'i //	131	ta tha ga ta spyan sngar zhal bzhes ba 
BO_TZ39_TI-034:1317	tha tshhig rdo rje'i dam las mi 'da' bar //	131	tha tshhig rdo rje dam las mi da ba 
BO_TZ39_TI-034:1318	da lta dam tshhig ldan pa'i rnal 'byor la //	131	da lta dam tshhig ldan ba rnal byor la 
BO_TZ39_TI-034:1319	nam mkha' mdzod kyi dngos grub sbyin la bstod //	131	nam mkha mdzod kyi dngos grub sbyin la bstod 
BO_TZ39_TI-034:1320	pa sangs ltar dkar mche ba'i rno dbal gyis //	132	ba sangs ltar dkar mche ba rno dbal gyis 
BO_TZ39_TI-034:1321	pha rol sde dang bcas pa zhal stob tshhe //	132	pha rol sde dang cha ba zhal stob tshhe 
BO_TZ39_TI-034:1322	ba lang spyod sogs gling bzhi'i dregs pa kun //	132	ba lang spyod sogs gling bzhi dregs ba kun 
BO_TZ39_TI-034:1323	ma lus zhum ste khyod skyabs gsol la bstod //	132	ma lus zhum ste khyod skyob gsol la bstod 
BO_TZ39_TI-034:1324	tsha tur bzhin gyi sprin rum chen po las //	132	tsha tur bzhin gyi sprin rum chen po las 
BO_TZ39_TI-034:1325	tshha ngar rdo rje'i me char mi bzad pas //	132	tshha ngar rdo rje me char mi bzad ba 
BO_TZ39_TI-034:1326	dza lang gdug pa'i dpung tshhogs ma lus pa //	132	dza lang gdug ba dpung tshhogs ma lus ba 
BO_TZ39_TI-034:1327	wa skyes bzhin du 'joms par mdzad la bstod //	132	wa skye bzhin du joms ba mdzad la bstod 
BO_TZ39_TI-034:1328	zha rengs la sogs mi bzad cho 'phrul gyis //	132	ja rengs la sogs mi bzad cho phrul gyis 
BO_TZ39_TI-034:1329	za ma tsham la dgra bo dpung dang bcas //	132	za ma tsham la dgra bo dpung dang cha 
BO_TZ39_TI-034:1330	'a 'ur brlag mdzad rgyal ba'i bstan srung gtsho //	133	a ur brlag mdzad rgyal ba ston srung gtsho 
BO_TZ39_TI-034:1331	ya mtshhan cho 'phrul cir yang ston la bstod //	133	ya mtshhan cho phrul cir yang ston la bstod 
BO_TZ39_TI-034:1332	rwa ba gangs ris mdzes pa'i sman ljongs 'dir //	133	rwa ba gangs ris mdzes ba sman ljongs dir 
BO_TZ39_TI-034:1333	la lar zhi dang la lar khro gtum gyis //	133	la lar zhi dang la lar khro thum gyis 
BO_TZ39_TI-034:1334	sha khrag don snying dbugs la longs spyod kyang //	133	sha khrag don snying dbugs la longs spyod kyang 
BO_TZ39_TI-034:1335	sa bcu'i dbang phyug chen por gyur la bstod //	133	sa chu dbang phyug chen por gyur la bstod 
BO_TZ39_TI-034:1336	ha cang gcam bu min pa'i gdung ba'i dbyangs //	133	ha cang gcam bu min ba gdung ba dbyangs 
BO_TZ39_TI-034:1337	a la la zhes khyod la gus bstod na //	133	a la la zhes khyod la gus bstod na 
BO_TZ39_TI-034:1338	ha ha'i gsung dang dgyes pa'i zhal bzang po //	133	ha ha gsung dang dgyes ba zhal bzang po 
BO_TZ39_TI-034:1339	a ho mig gi bdud rtshir ston par mdzod //	133	a ho mig gi bdud rtshir ston ba mdzod 
BO_TZ39_TI-034:1340	bstan srung nag po chen po zhal bzhi pa'i bstod pa'o //	134	ston srung nag po chen po zhal bzhi ba bstod ba 
BO_TZ39_TI-034:1341	de nas phrin las gsol ba ni /	134	de nas phrin las gsol ba ni 
BO_TZ39_TI-034:1342	hu~m: dpal ldan dregs pa 'khor dang bcas pa rnams :	134	hu~m: dpal ldan dregs ba khor dang cha ba rnams 
BO_TZ39_TI-034:1343	rnam dag thugs kyi re ba yongs gang nas :	134	rnam dag thugs kyi re ba yongs gang nas 
BO_TZ39_TI-034:1344	sangs rgyas bstan pa dar zhing rgyas pa dang : dkon mchog gsum gyi dbu 'phang cher mtho zhing :	134	sangs rgya ston ba dar zhing rgya ba dang dkon(d) mchog gsum gyi dbu phen cher mtho zhing 
BO_TZ39_TI-034:1345	phrin las rnam bzhi lhun gyis grub pa dang : khams gsum 'gro kun bde skyid rab ldan zhing :	134	phrin las rnam bzhi lhun gyis grub ba dang khams gsum gro kun bde skyid rab ldan zhing 
BO_TZ39_TI-034:1346	bcol pa'i phrin las myur du grub par mdzod :	134	chol ba phrin las myur du grub ba mdzod 
BO_TZ39_TI-034:1347	ces phrin las bcol lo :	134	ces phrin las chol lo 
BO_TZ39_TI-034:1348	a ti'i bstan srung drag po sde lnga yi :	134	a ti ston srung drag po sde lnga yi 
BO_TZ39_TI-034:1349	las byang bdud dpung kun 'joms 'di nyid ni :	134	las byang bdud dpung kun joms di nyid ni 
BO_TZ39_TI-034:1350	lo tsha bdag gis yi ger btab ste sbas :	135	lo tsha bdag gis yi ger debs ste sbed 
BO_TZ39_TI-034:1351	skal ldan dang 'phrad bstan srung mtshhon char shog :	135	skal ldan dang phrad ston srung mtshhon char shog 
BO_TZ39_TI-034:1352	sa ma ya :	135	sa ma ya 
BO_TZ39_TI-034:1353	rgya rgya rgya :lnga pa ni /	135	rgya rgya rgya :lnga ba ni 
BO_TZ39_TI-034:1354	b+h+yoh bskal pa'i me ltar 'bar ba'i dur khrod na //	135	b+h+yoh bskal ba me ltar bar ba dur khrod na 
BO_TZ39_TI-034:1355	shin tu gsod pa'i smug nag khros ma ni //	135	shin tu gsod ba smug nag khro ma ni 
BO_TZ39_TI-034:1356	nam mkha'i lus can lho sprin gos su gyon //	135	nam mkha lus can lho sprin gos su gyon 
BO_TZ39_TI-034:1357	tshit+ta za zhing dam nyams snying khrag 'dren //	135	tshit+ta za zhing dam nyams snying khrag bgrang 
BO_TZ39_TI-034:1358	zhing chung dbyug pas dgra snying tshhal par 'gems //	135	zhing chung dbyug ba dgra snying tshhal ba gem 
BO_TZ39_TI-034:1359	'jigs byed chen po ral pa'i thor tshhugs can //	135	jigs byed chen po ral ba thor tshhugs can 
BO_TZ39_TI-034:1360	dpral na mig gcig srid gsum khungs nas 'byin //	136	dpral na mig gcig srid gsum khungs nas byin 
BO_TZ39_TI-034:1361	zhal na tshhems gcig dgra bo'i srog gcod ma //	136	zhal na tshhems gcig dgra bo srog gcod ma 
BO_TZ39_TI-034:1362	brang na nu gcig sgrub mchog bu bzhin skyong //	136	brang na nu gcig sgrub mchog bu bzhin skyong 
BO_TZ39_TI-034:1363	sha khrag longs spyod dmar gtor 'di gsol la //	136	sha khrag longs spyod dmar thor di gsol la 
BO_TZ39_TI-034:1364	dam tshhig dbang gis dam nyams gshed ma mdzod //	136	dam tshhig dbang gis dam nyams gshed ma mdzod 
BO_TZ39_TI-034:1365	ma mo srog la 'gyed phyir 'di gsol la //	136	ma mo srog la gyed phyir di gsol la 
BO_TZ39_TI-034:1366	bdag gis bcol ba'i phrin las sgrub par mdzod //	136	bdag gis chol ba phrin las sgrub ba mdzod 
BO_TZ39_TI-034:1367	dam tshhig dus la bab bo sa ma ya //	136	dam tshhig dus la bab bo sa ma ya 
BO_TZ39_TI-034:1368	b+h+yoh dus gsum rgyal ba kun gyi yum //	136	b+h+yoh dus gsum rgyal ba kun gyi yum 
BO_TZ39_TI-034:1369	sngags srung rdo rje ral gcig ma //	136	sngags srung rdo rje ral gcig ma 
BO_TZ39_TI-034:1370	mngon par bstod kyis dam ma 'da'//	137	mngon ba bstod kyis dam ma 
BO_TZ39_TI-034:1371	gru gsum yum gyi mkha' dbyings na //	137	gru gsum yum gyi mkha dbyings na 
BO_TZ39_TI-034:1372	sku mdog mthing nag 'bar ba ni //	137	sku mdog mthing nag bar ba ni 
BO_TZ39_TI-034:1373	'gyur med don dam thugs chud rtags //	137	gyur med don dam thugs chud rtags 
BO_TZ39_TI-034:1374	ral pa'i thor tshhugs bcings pa ni /	137	ral ba thor tshhugs ching ba ni 
BO_TZ39_TI-034:1375	khams gsum dbang du sdud pa'i rtags //	137	khams gsum dbang du sdud ba rtags 
BO_TZ39_TI-034:1376	phyag g.yas zhing chen dbyug pa ni //	137	phyag g.yas zhing chen dbyug ba ni 
BO_TZ39_TI-034:1377	'gro drug rtshad nas gcod pa'i rtags //	137	gro drug rtshad nas gcod ba rtags 
BO_TZ39_TI-034:1378	g.yon pas spyang mo khra thabs 'gyed //	137	g.yon ba spyang mo khra thabs gyed 
BO_TZ39_TI-034:1379	dgra bgegs myur du 'dren pa'i rtags //	137	dgra bgegs myur du bgrang ba rtags 
BO_TZ39_TI-034:1380	thugs las spyang mo dgu 'bum 'phro //	138	thugs las spyang mo dgu bum phro 
BO_TZ39_TI-034:1381	stong khams dgra bo sgrol ba'i rtags //	138	stong khams dgra bo sgrol ba rtags 
BO_TZ39_TI-034:1382	zhabs gnyis dor stabs bgrad pa ni //	138	zhabs gnyis dor stabs bgrad ba ni 
BO_TZ39_TI-034:1383	thabs dang shes rab sbyor ba'i rtags //	138	thabs dang shes rab sbyor ba rtags 
BO_TZ39_TI-034:1384	nag mo gdug pa'i srog 'phrog ma //	138	nag mo gdug ba srog phrog ma 
BO_TZ39_TI-034:1385	mngon par bstod kyis mthu ma chung //	138	mngon ba bstod kyis mthu ma chung 
BO_TZ39_TI-034:1386	b+h+yoh smug nag khros ma ral gcig ma //	138	b+h+yoh smug nag khro ma ral gcig ma 
BO_TZ39_TI-034:1387	zhing dbyug 'phyar zhing dgra snying za //	138	zhing dbyug phyor zhing dgra snying za 
BO_TZ39_TI-034:1388	'ja' sprin gos gyon mi lpags 'phyang //	138	ja sprin gos gyon mi lpags phyang 
BO_TZ39_TI-034:1389	sngags srung chen mo khyod la bstod //	138	sngags srung chen mo khyod la bstod 
BO_TZ39_TI-034:1390	dpal ldan bshan pa mi bsrun ma //	139	dpal ldan bshan ba mi bsrun ma 
BO_TZ39_TI-034:1391	gcer mo don snying za zhing rgyug	139	bcer mo don snying za zhing rgyug 
BO_TZ39_TI-034:1392	/dgra bgegs myos byed rims nad 'beb //	139	bgegs myos byed rims nad beb 
BO_TZ39_TI-034:1393	nam gru nag mo khyod la bstod //	139	nam gru nag mo khyod la bstod 
BO_TZ39_TI-034:1394	gtum chen gza' bdud srin po'i gzugs //	139	thum chen gza bdud srin po gzugs 
BO_TZ39_TI-034:1395	mgo dgu rgyal mtshhan sbrul zhags dang // mda' gzhu 'gengs shing thog ser 'beb //	139	mgo dgu rgyal mtshhan sbrul zhags dang mda gzhu gengs shing thogs ser beb 
BO_TZ39_TI-034:1396	sde brgyad dmag dpon khyod la bstod //	139	sde brgyad dmag dpon khyod la bstod 
BO_TZ39_TI-034:1397	sgrol ging bshan pa dmar nag ni //	139	sgrol ging bshan ba dmar nag ni 
BO_TZ39_TI-034:1398	gri thod 'dzin zhing ral gri gdeng //	139	gri thod dzin zhing ral gri gdeng 
BO_TZ39_TI-034:1399	bstan dgra'i snying 'byin sbrul zhags 'phen //	139	ston dgra snying byin sbrul zhags phen 
BO_TZ39_TI-034:1400	gnod sbyin chen po khyod la bstod //	140	gnod sbyin chen po khyod la bstod 
BO_TZ39_TI-034:1401	dam can skyes bu ging gi bdag	140	dam can skye bu ging gi bdag 
BO_TZ39_TI-034:1402	/dmar nag rdo rje dgra snying 'dzin //	140	nag rdo rje dgra snying dzin 
BO_TZ39_TI-034:1403	za 'og ber gyon ra skyes zhon //	140	za g ber gyon ra skye zhon 
BO_TZ39_TI-034:1404	mthu chen dregs pa khyod la bstod //	140	mthu chen dregs ba khyod la bstod 
BO_TZ39_TI-034:1405	ma thogs myur ba'i rdzu 'phrul gyis //	140	ma thogs myur ba rdzu phrul gyis 
BO_TZ39_TI-034:1406	dkar phyogs bstan pa legs skyong zhing //	140	dkar phyogs ston ba legs skyong zhing 
BO_TZ39_TI-034:1407	nag phyogs bdud sde tshhar gcod pa'i //	140	nag phyogs bdud sde tshhar gcod ba 
BO_TZ39_TI-034:1408	bka' sdod pho nya kun la bstod //	140	bka sdod pho nya kun la bstod 
BO_TZ39_TI-034:1409	sngags srung ma mo 'khor bcas kyi bstod pa'o //	140	sngags srung ma mo khor cha kyi bstod ba 
BO_TZ39_TI-034:1410	drug pa ni /	141	drug ba ni 
BO_TZ39_TI-034:1411	hri: spyan ras gzigs sprul dbang phyug lha chen po :	141	hri: spyan ras gzigs sprul dbang phyug lha chen po 
BO_TZ39_TI-034:1412	'jig rten mes po khams gsum kun gyi bdag :	141	jig rten mes po khams gsum kun gyi bdag 
BO_TZ39_TI-034:1413	dngos grub mchog ster yon tan rdzogs pa'i lha :	141	dngos grub mchog ster yon tan rdzogs ba lha 
BO_TZ39_TI-034:1414	rgyal ba'i bka' sdod mthu chen khyod la bstod :	141	rgyal ba bka sdod mthu chen khyod la bstod 
BO_TZ39_TI-034:1415	'od phung bskal pa'i me ltar 'bar ba'i sku :	141	d phung bskal ba me ltar bar ba sku 
BO_TZ39_TI-034:1416	nyi zla'i spyan bgrad khro gnyer bzhad pa'i zhal :	141	nyi zla spyan bgrad khro gnyer bzhad ba zhal 
BO_TZ39_TI-034:1417	mche gtshigs 'dzum chags gzhan yid 'gugs pa po :	141	mche gtshigs dzum chags gzhan yid gugs ba po 
BO_TZ39_TI-034:1418	gar gyi dbang phyug dpal chen bka' bzhin du :	141	gar gyi dbang phyug dpal chen bka bzhin du 
BO_TZ39_TI-034:1419	dam tshhig 'khor lo'i gnas rnams skyong mdzad cing :	141	dam tshhig khor lo gnas rnams skyong mdzad cing 
BO_TZ39_TI-034:1420	sna tshhogs dar dang rat+na ut+pal gyis :	142	sna tshhogs dar dang rat+na ut+pal gyis 
BO_TZ39_TI-034:1421	nges par che btshan rgyal po'i rtags su brgyan :	142	nges ba che btshan rgyal po rtags su rgyan 
BO_TZ39_TI-034:1422	tshhangs gnas ti se rgya mtshho chen po'i klong :	142	tshhangs gnas ti se rgya mtshho chen po klong 
BO_TZ39_TI-034:1423	dur khrod gnas na ma mo'i tshhogs kyis bskor :	142	dur khrod gnas na ma mo tshhogs kyis skor 
BO_TZ39_TI-034:1424	khyod ni rnal 'byor grub pa'i dbang phyug yin :	142	khyod ni rnal byor grub ba dbang phyug yin 
BO_TZ39_TI-034:1425	dregs pa'i lha chen kun gyis phyag byas shing :	142	dregs ba lha chen kun gyis phyag byed shing 
BO_TZ39_TI-034:1426	log 'dren bgegs rnams ma lus 'dul bar mdzad :	142	log bgrang bgegs rnams ma lus dul ba mdzad 
BO_TZ39_TI-034:1427	lha yul grong khyer nags 'dabs thams cad du :	142	lha yul grong khyer nags dabs thams cad du 
BO_TZ39_TI-034:1428	lha dmag dbugs 'byin che btshan g.yul las rgyal :	142	lha dmag dbugs byin che btshan g.yul las rgyal 
BO_TZ39_TI-034:1429	khams gsum kun gyi yid 'gugs lcags kyu dang : rlung gi zhags pas skye 'gro 'gugs shing 'ching :	142	khams gsum kun gyi yid gugs lcags kyu dang rlung gi zhags ba skye gro gugs shing ching 
BO_TZ39_TI-034:1430	gnod sbyin gzi brjid mdangs kun rtags kyis 'phrog :	143	gnod sbyin gzi brjid mdangs kun rtags kyis phrog 
BO_TZ39_TI-034:1431	u ma yum 'khyud rtag tu chags shing rol :	143	u ma yum khyud rtag tu chags shing rol 
BO_TZ39_TI-034:1432	gsang ba'i ma bzhis 'gro kun dbang du sdud :	143	gsang ba ma bzhis gro kun dbang du sdud 
BO_TZ39_TI-034:1433	dregs pa'i lha chen kun kyang las la 'gyed :	143	dregs ba lha chen kun kyang las la gyed 
BO_TZ39_TI-034:1434	khyod ni mi bzad 'jigs byed kun gyi bdag :	143	khyod ni mi bzad jigs byed kun gyi bdag 
BO_TZ39_TI-034:1435	smon lam dbang gis rnam 'phrul cir yang ston :	143	smon lam dbang gis rnam phrul cir yang ston 
BO_TZ39_TI-034:1436	'dod pa'i mchog stshol 'jig rten kun gyi skyabs :	143	dod ba mchog stshol jig rten kun gyi skyob 
BO_TZ39_TI-034:1437	khyod la phyag 'tshhal rgya chen dngos grub stshol :	143	khyod la phyag tshhal rgya chen dngos grub stshol 
BO_TZ39_TI-034:1438	ces lha chen dbang phyug chen po'i bstod pa'o //	143	ces lha chen dbang phyug chen po bstod ba 
BO_TZ39_TI-034:1439	bdun pa ni /	143	bdun ba ni 
BO_TZ39_TI-034:1440	hu~m/ srin po'i gzugs kyis gdug pa can //	144	srin po gzugs kyis gdug ba can 
BO_TZ39_TI-034:1441	tshhar gcod byang chub sems dpa' ste //	144	tshhar gcod byang chub sems dpa ste 
BO_TZ39_TI-034:1442	mtshhan gsol gza' mchog ra hu la //	144	mtshhan gsol gza mchog ra hu la 
BO_TZ39_TI-034:1443	dam tshhig can la bdag bstod do //	144	dam tshhig can la bdag bstod do 
BO_TZ39_TI-034:1444	rig 'dzin srog shing gter gyi bdag	144	rig dzin srog shing gter gyi bdag 
BO_TZ39_TI-034:1445	/gtshug lag gnyan srung mthu bo che //	144	lag gnyan srung mthu bo che 
BO_TZ39_TI-034:1446	rnal 'byor dgra bla mthu rtshal can //	144	rnal byor dgra bla mthu rtshal can 
BO_TZ39_TI-034:1447	dam nyams srog gcod gtsho la bstod //	144	dam nyams srog gcod gtsho la bstod 
BO_TZ39_TI-034:1448	hrih khyab 'jug chen po sgra gcan 'dzin //	144	hrih khyab jug chen po sgra gcan dzin 
BO_TZ39_TI-034:1449	'jigs pa'i lus la 'bar ba'i klong //	144	jigs ba lus la bar ba klong 
BO_TZ39_TI-034:1450	zhal dgu phyag bzhi rngam pa ste //	145	zhal dgu phyag bzhi rngam ba ste 
BO_TZ39_TI-034:1451	'jig rten khams kyi drag rtshal can //	145	jig rten khams kyi drag rtshal can 
BO_TZ39_TI-034:1452	gnam lcags thog gi bdag po ste //	145	gnam lcags thogs gi bdag po ste 
BO_TZ39_TI-034:1453	skyin thang ser ba 'beb pa'i gtsho //	145	skyin thang ser ba beb ba gtsho 
BO_TZ39_TI-034:1454	sprul pa chen po rdzu 'phrul can //	145	sprul ba chen po rdzu phrul can 
BO_TZ39_TI-034:1455	ri rab steng na lha yi gtsho //	145	ri rab steng na lha yi gtsho 
BO_TZ39_TI-034:1456	rgya mtshho'i gting na klu yi bdag	145	rgya mtshho gting na klu yi bdag 
BO_TZ39_TI-034:1457	/bar snang khams su sde brgyad rje //	145	snang khams su sde brgyad rje 
BO_TZ39_TI-034:1458	dbu dgu srid pa gsum gyi bdag	145	dbu dgu srid ba gsum gyi bdag 
BO_TZ39_TI-034:1459	/mgo gcig lha min khros pa'i zhal //	145	gcig lha min khro ba zhal 
BO_TZ39_TI-034:1460	nyi ma zla ba grib mas gnon //	146	nyi ma zla ba grib mas gnon 
BO_TZ39_TI-034:1461	gcig ni bzhad cing dgod pa'i zhal //	146	gcig ni bzhad cing god ba zhal 
BO_TZ39_TI-034:1462	dgyes pa bka' yi bya ra byed //	146	dgyes ba bka yi byed ra byed 
BO_TZ39_TI-034:1463	gcig ni khros pa srin po'i gdong //	146	gcig ni khro ba srin po gdong 
BO_TZ39_TI-034:1464	gdug pa'i dgra bgegs zas su za //	146	gdug ba dgra bgegs zas su za 
BO_TZ39_TI-034:1465	gcig ni rngams byed za byed gdong //	146	gcig ni rngams byed za byed gdong 
BO_TZ39_TI-034:1466	gnam lcags me yi thog chen 'beb //	146	gnam lcags me yi thogs chen beb 
BO_TZ39_TI-034:1467	gcig ni 'jigs byed ma rungs pa //	146	gcig ni jigs byed ma rungs ba 
BO_TZ39_TI-034:1468	tshha grang 'thabs pa'i skan sgra rdeb //	146	tshha grang thabs ba skan sgra rdeb 
BO_TZ39_TI-034:1469	gcig ni 'khrug byed drag po'i zhal //	146	gcig ni khrug byed drag po zhal 
BO_TZ39_TI-034:1470	g.yo 'gul chen pos ser ba 'beb //	147	g.yo gul chen pos ser ba beb 
BO_TZ39_TI-034:1471	gcig ni gtum chen ye shes zhal //	147	gcig ni thum chen ye shes zhal 
BO_TZ39_TI-034:1472	mngon shes rdzu 'phrul thogs pa med //	147	mngon shes rdzu phrul thogs ba med 
BO_TZ39_TI-034:1473	gcig ni stobs chen rdzu 'phrul zhal //	147	gcig ni stobs chen rdzu phrul zhal 
BO_TZ39_TI-034:1474	sangs rgyas bstan pa srung bar byed //	147	sangs rgya ston ba srung ba byed 
BO_TZ39_TI-034:1475	gcig ni zhi ba lha yi zhal //	147	gcig ni zhi ba lha yi zhal 
BO_TZ39_TI-034:1476	sgrub pa po la dngos grub ster //	147	sgrub ba po la dngos grub ster 
BO_TZ39_TI-034:1477	steng gi phyogs na bya rog zhal //	147	steng gi phyogs na byed rog zhal 
BO_TZ39_TI-034:1478	dkon mchog dbu 'phang bstod par byed //	147	dkon(d) mchog dbu phen bstod ba byed 
BO_TZ39_TI-034:1479	glog 'dra ral gri zhags pa yis //	147	glog dra ral gri zhags ba yis 
BO_TZ39_TI-034:1480	sdang byed dgra bo'i skye rgyud gcod //	148	sdang byed dgra bo skye brgyud gcod 
BO_TZ39_TI-034:1481	chu srin zhags pa g.yugs pa yis //	148	chu srin zhags ba g.yugs ba yis 
BO_TZ39_TI-034:1482	srid pa gsum yang dbang du sdud //	148	srid ba gsum yang dbang du sdud 
BO_TZ39_TI-034:1483	rwa yi mda' gzhu bsnams pa yis //	148	rwa yi mda gzhu snom ba yis 
BO_TZ39_TI-034:1484	dmigs pa'i dgra bgegs rtshad nas gcod //	148	dmigs ba dgra bgegs rtshad nas gcod 
BO_TZ39_TI-034:1485	spyan stong me dpung sdang mig gis //	148	spyan stong me dpung sdang mig gis 
BO_TZ39_TI-034:1486	dgra dang bgegs la 'bru tshhugs blta //	148	dgra dang bgegs la bru tshhugs lta 
BO_TZ39_TI-034:1487	sku smad sa la brdabs pa yis //	148	sku smad sa la brdab ba yis 
BO_TZ39_TI-034:1488	'jig rten g.yo 'gul ldeg par byed //	148	jig rten g.yo gul ldeg ba byed 
BO_TZ39_TI-034:1489	zhal nas hu~m dang phat sgrog pas //	148	zhal nas hu~m dang phat sgrog ba 
BO_TZ39_TI-034:1490	dregs pa pho mo dbang du sdud //	149	dregs ba pho mo dbang du sdud 
BO_TZ39_TI-034:1491	sku mdog dud ka 'jigs pa yis /	149	sku mdog dud ka jigs ba yis 
BO_TZ39_TI-034:1492	khams gsum skye 'gro zil gyis gnon //	149	khams gsum skye gro zil gyis gnon 
BO_TZ39_TI-034:1493	sprul pa'i gza' bdud nag po khyod //	149	sprul ba gza bdud nag po khyod 
BO_TZ39_TI-034:1494	'jig rten khams na 'gran zla med //	149	jig rten khams na gran zla med 
BO_TZ39_TI-034:1495	bdud dang dregs pa bran du 'khol //	149	bdud dang dregs ba bran du khol 
BO_TZ39_TI-034:1496	las su sangs rgyas bstan pa srung //	149	las su sangs rgya ston ba srung 
BO_TZ39_TI-034:1497	dam can rnal 'byor skyong mdzad pa'i //	149	dam can rnal byor skyong mdzad ba 
BO_TZ39_TI-034:1498	mthu stobs can la phyag 'tshhal bstod /	149	mthu stobs can la phyag tshhal bstod 
BO_TZ39_TI-034:1499	khyod kyi bka' nyan gdong mo bzhi //	149	khyod kyi bka nyan gdong mo bzhi 
BO_TZ39_TI-034:1500	rdzu 'phrul ri rab thal bar rlog	150	rdzu phrul ri rab thal ba rlog 
BO_TZ39_TI-034:1501	/nad dang mtshhon gyi bdag mo ste //	150	dang mtshhon gyi bdag mo ste 
BO_TZ39_TI-034:1502	mthu stobs can la bdag bstod do //	150	mthu stobs can la bdag bstod do 
BO_TZ39_TI-034:1503	mi bzad drag gtum rngam pa'i tshhogs //	150	mi bzad drag thum rngam ba tshhogs 
BO_TZ39_TI-034:1504	gza' brgyad lha srin sde brgyad dang // rgyu skar nyi shu rtsha brgyad sogs //	150	gza brgyad lha srin sde brgyad dang rgyu skar nyi shu rtsha brgyad sogs 
BO_TZ39_TI-034:1505	pho nya yang sprul tshhogs la bstod //	150	pho nya yang sprul tshhogs la bstod 
BO_TZ39_TI-034:1506	drang srong khyab 'jug 'khor bcas kyi bstod pa'o //	150	dren srong khyab jug khor cha kyi bstod ba 
BO_TZ39_TI-034:1507	brgyad pa ni /	150	brgyad ba ni 
BO_TZ39_TI-034:1508	bai / sa brgyad dbang phyug sems dpa' rin chen mang //	150	bai sa brgyad dbang phyug sems dpa rin chen mang 
BO_TZ39_TI-034:1509	nam mkha'i mdzod mnga' dbul ba'i gdung ba 'phrog	150	nam mkha mdzod mnga bul ba gdung ba phrog 
BO_TZ39_TI-034:1510	/yid bzhin 'dod dgu'i char 'beb dpag bsam shing //	151	bzhin dod dgu char beb dpog bsam shing 
BO_TZ39_TI-034:1511	rnam mang thos sras ngal bsos po la bstod //	151	rnam mang thos sras ngal bsos po la bstod 
BO_TZ39_TI-034:1512	dri med ra ga'i nying khu lan stong du //	151	dri med ra ga nying khu lan stong du 
BO_TZ39_TI-034:1513	byed pos pir gyis lhun por byugs pas kyang //	151	byed pos pir gyis lhun por byug ba kyang 
BO_TZ39_TI-034:1514	mtshhon min stong phrag nyi ma'i lang tshho can //	151	mtshhon min stong phrag nyi ma lang tshho can 
BO_TZ39_TI-034:1515	gter bdag bye ba'i cod pan khyod la bstod //	151	gter bdag bye ba cod pan khyod la bstod 
BO_TZ39_TI-034:1516	gangs ri'i mdzes pa 'phrog byed gdong lnga'i khrir //	151	gangs ri mdzes ba phrog byed gdong lnga khrir 
BO_TZ39_TI-034:1517	rab brjid gar gyis rnam rol yid bzhin gyi //	151	rab brjid gar gyis rnam rol yid bzhin gyi 
BO_TZ39_TI-034:1518	rgyal mtshhan sgreng zhing nor skyug ne'u le las //	151	rgyal mtshhan sgreng zhing nor skyug neu le las 
BO_TZ39_TI-034:1519	'dod dgu'i char 'beb khyod la phyag 'tshhal bstod //	151	dod dgu char beb khyod la phyag tshhal bstod 
BO_TZ39_TI-034:1520	rdo rje'i ya lad rin chen rgyan phreng dang // lha rdzas cod pan gyis mdzes lhab lhub g.yo //	152	rdo rje ya lad rin chen rgyan phreng dang lha rdzas cod pan gyis mdzes lhab lhub g.yo 
BO_TZ39_TI-034:1521	nor sbyin 'bum sde'i dbu+us na lham me ba //	152	nor sbyin bum sde dbu+us na lham me ba 
BO_TZ39_TI-034:1522	shakya'i bstan srung gtsho la phyag 'tshhal bstod //	152	shakya ston srung gtsho la phyag tshhal bstod 
BO_TZ39_TI-034:1523	zag med bde ba'i dpal ster btshun mo bzhi //	152	zag med bde ba dpal ster btshun mo bzhi 
BO_TZ39_TI-034:1524	bka' yi blon po gter gyi bdag po brgyad //	152	bka yi blon po gter gyi bdag po brgyad 
BO_TZ39_TI-034:1525	ci bgyi'i pho nya mngag gzhug sde dpung sogs //	152	ci bgyid pho nya mngag jug sde dpung sogs 
BO_TZ39_TI-034:1526	'khor tshhogs rgya mtshho'i tshhogs la phyag 'tshhal bstod //	152	khor tshhogs rgya mtshho tshhogs la phyag tshhal bstod 
BO_TZ39_TI-034:1527	rnam thos sras kyi bstod pa'o //	152	rnam thos sras kyi bstod ba 
BO_TZ39_TI-034:1528	dgu pa ni /	152	dgu ba ni 
BO_TZ39_TI-034:1529	b+h+yoh mi 'gyur bde chen chos dbyings ngang nyid las //	152	b+h+yoh mi gyur bde chen chos dbyings ngang nyid las 
BO_TZ39_TI-034:1530	ma rungs 'dul phyir drag mo'i skur ston ma //	153	ma rungs dul phyir drag mo skur ston ma 
BO_TZ39_TI-034:1531	sgyu 'phrul rdo rje'i gar mdzad ma mo'i gtsho //	153	sgyu phrul rdo rje gar mdzad ma mo gtsho 
BO_TZ39_TI-034:1532	rgyal ba'i bstan srung gtsho la phyag 'tshhal bstod //	153	rgyal ba ston srung gtsho la phyag tshhal bstod 
BO_TZ39_TI-034:1533	dus mtha'i char sprin dkrigs 'dra 'jigs rungs sku	153	dus mtha char sprin dkrig dra jigs rungs sku 
BO_TZ39_TI-034:1534	/mi bsrun bzod par dka' ba'i lang tshho can //	153	bsrun bzod ba dka ba lang tshho can 
BO_TZ39_TI-034:1535	dur khrod drag po'i rgyan phreng du mas mdzes //	153	dur khrod drag po rgyan phreng du mas mdzes 
BO_TZ39_TI-034:1536	zhing skyong mkha' 'gro'i dbang phyug khyod la bstod /	153	zhing skyong mkha gro dbang phyug khyod la bstod 
BO_TZ39_TI-034:1537	khong nas khros 'khrugs nyams brgya'i gar bsgyur ma //	153	khong nas khro khrugs nyams brgya gar sgyur ma 
BO_TZ39_TI-034:1538	bstan dgra tshhar gcod ma rungs don snying dang // srid gsum mel tshhe mdzad phyir me long bsnams //	153	ston dgra tshhar gcod ma rungs don snying dang srid gsum mel tshhe mdzad phyir me long snom 
BO_TZ39_TI-034:1539	dur khrod ma mo'i gtsho la phyag 'tshhal bstod //	153	dur khrod ma mo gtsho la phyag tshhal bstod 
BO_TZ39_TI-034:1540	rgyal ba'i bka' sdod rig 'dzin pho nya mo //	154	rgyal ba bka sdod rig dzin pho nya mo 
BO_TZ39_TI-034:1541	bstan dgra tshhar gcod gsang sngags srung ma'i gtsho //	154	ston dgra tshhar gcod gsang sngags srung ma gtsho 
BO_TZ39_TI-034:1542	bka' sdod pho nya yang sprul sde dpung bcas //	154	bka sdod pho nya yang sprul sde dpung cha 
BO_TZ39_TI-034:1543	ma gcig lha mo 'khor dang bcas la bstod //	154	ma gcig lha mo khor dang cha la bstod 
BO_TZ39_TI-034:1544	zhing skyong ma mo 'khor bcas kyi bstod pa'o /	154	zhing skyong ma mo khor cha kyi bstod ba 
BO_TZ39_TI-034:1545	/bzhi pa rjes 'brang ni /	154	ba rjes brang ni 
BO_TZ39_TI-034:1546	dam can gter srung gzhan dag gi phrin las bye brag pa rnams skabs 'dir sbyar zhing /	154	dam can gter srung gzhan dag gi phrin las bye brag ba rnams skabs dir sbyor zhing 
BO_TZ39_TI-034:1547	de dag gi mthar gter bdag spyi'i gtor 'bul ni /	154	de dag gi mthar gter bdag spyi thor bul ni 
BO_TZ39_TI-034:1548	rang gi thugs ka'i sa bon las byung ba'i 'od zer gyis gter gyi bdag po 'khor bcas spyan drangs par bsam zhing /	154	rang gi thugs ka sa bon las byung ba d zer gyis gter gyi bdag po khor cha spyan drangs ba bsam zhing 
BO_TZ39_TI-034:1549	hu~m/ sngon tshhe pad+ma 'byung gnas spyan snga ru //	154	sngon tshhe pad+ma byung gnas spyan snga ru 
BO_TZ39_TI-034:1550	zab gter srung mar zhal bzhes dam tshhig can //	155	zab gter srung mar zhal bzhes dam tshhig can 
BO_TZ39_TI-034:1551	mthu chen gter gyi bdag po chen po rnams //	155	mthu chen gter gyi bdag po chen po rnams 
BO_TZ39_TI-034:1552	rang rang g.yog 'khor bcas pa 'dir gshegs shig	155	rang rang g.yog khor cha ba dir gshegs shig 
BO_TZ39_TI-034:1553	/ni d+hi pa ti sa pa ri wa ra badzra sa ma dzahsa spyan drangs /	155	d+hi ba ti sa ba ri wa ra badzra sa ma dzahsa spyan drangs 
BO_TZ39_TI-034:1554	ni d+hi pa ti sa pa ri wa ra ar+g+ham nas /	155	ni d+hi ba ti sa ba ri wa ra ar+g+ham nas 
BO_TZ39_TI-034:1555	shab+da pra titsh+tshha swa ha/	155	shab+da pra titsh+tshha swa 
BO_TZ39_TI-034:1556	ni d+hi pa ti sa pa ri wa ra i dam ba lim ta kha kha kha hi kha hi /	155	ni d+hi ba ti sa ba ri wa ra i dam ba lim ta kha kha kha hi kha hi 
BO_TZ39_TI-034:1557	ma ha pany+tsha a mr-ita kha hi /	155	ma ha pany+tsha a mr-ita kha hi 
BO_TZ39_TI-034:1558	ma ha rak+ta kha hi sogs kyis mchod pa dang sman gtor rak+ta rnams dbul /	155	ma ha rak+ta kha hi sogs kyis mchod ba dang sman thor rak+ta rnams bul 
BO_TZ39_TI-034:1559	zab gter srung ma'i dbang po 'khor dang bcas pa rnams kyis mchod pa dam pa 'di bzhes la sangs rgyas kyi bstan pa srungs sogs dkyus bzhin bya /	155	zab gter srung ma dbang po khor dang cha ba rnams kyis mchod ba dam ba di bzhes la sangs rgya kyi ston ba srungs sogs dkyu bzhin byed 
BO_TZ39_TI-034:1560	hu~m/ dus gsum rgyal ba'i bka' sdod dpa' bo che //	156	dus gsum rgyal ba bka sdod dpa bo che 
BO_TZ39_TI-034:1561	rig 'dzin kun gyis ci bgyi'i dam tshhig can //	156	rig dzin kun gyis ci bgyid dam tshhig can 
BO_TZ39_TI-034:1562	zab gter bstan pa bsrung bar dam nos pa'i //	156	zab gter ston ba bsrung ba dam nos ba 
BO_TZ39_TI-034:1563	gter gyi bdag po 'khor dang bcas la bstod //	156	gter gyi bdag po khor dang cha la bstod 
BO_TZ39_TI-034:1564	ces pas bstod /	156	ces ba bstod 
BO_TZ39_TI-034:1565	gzhi bdag spyi gtor ni /	156	gzhi bdag spyi thor ni 
BO_TZ39_TI-034:1566	gtor ma a mr-itas bsang /	156	thor ma a mr-itas bsang 
BO_TZ39_TI-034:1567	swa b+ha was sbyang /	156	swa b+ha was sbyong 
BO_TZ39_TI-034:1568	stong pa'i ngang las b+h+ru~m las rin po che'i snod zab cing rgya che ba'i nang du gtor ma kha dog dri ro nus pa phun sum tshhogs par bsam la /	156	stong ba ngang las b+h+ru~m las rin po che snod zab cing rgya che ba nang du thor ma kha dog dri ro nus ba phun sum tshhogs ba bsam la 
BO_TZ39_TI-034:1569	a+o~m ahhu~m hoh lan gsum brjod /	156	a+o~m ahhu~m hoh lan gsum rjod 
BO_TZ39_TI-034:1570	b+hu mi pa ti sa pa ri wa ra badzra sa ma dzahsa spyan drangs /	157	b+hu mi ba ti sa ba ri wa ra badzra sa ma dzahsa spyan drangs 
BO_TZ39_TI-034:1571	b+hu mi pa ti sa pa ri wa ra a+o~m a ka ro mu kham sarba d+harma nam a d+ya nut+pan+na twa ta a+o~m ahhu~m phat swa ha/	157	b+hu mi ba ti sa ba ri wa ra a+o~m a ka ro mu kham sarba d+harma nam a d+ya nut+pan+na twa ta a+o~m ahhu~m phat swa 
BO_TZ39_TI-034:1572	lan gsum gyis dbul /	157	lan gsum gyis bul 
BO_TZ39_TI-034:1573	a+o~m badzra ar+g+ham nas /	157	a+o~m badzra ar+g+ham nas 
BO_TZ39_TI-034:1574	shab+da pra titsh+tshha swa ha/	157	shab+da pra titsh+tshha swa 
BO_TZ39_TI-034:1575	ma ha pany+tsha a mr-ita kha hi /	157	ma ha pany+tsha a mr-ita kha hi 
BO_TZ39_TI-034:1576	zhes phyi nang gis mchod /	157	zhes phyi nang gis mchod 
BO_TZ39_TI-034:1577	gzhi bdag gnyug mar gnas pa 'khor dang bcas pa rnams kyis mchod pa dam pa 'di bzhes la sangs rgyas kyi bstan pa srungs sogs gong bzhin dang / gzhi bdag chen po khyed rnams kyis //	157	gzhi bdag gnyug mar gnas ba khor dang cha ba rnams kyis mchod ba dam ba di bzhes la sangs rgya kyi ston ba srungs sogs gong bzhin dang gzhi bdag chen po khyed rnams kyis 
BO_TZ39_TI-034:1578	mchod sbyin gtor ma 'di bzhes la //	157	mchod sbyin thor ma di bzhes la 
BO_TZ39_TI-034:1579	rnal 'byor bdag cag 'khor bcas la //	157	rnal byor bdag cag khor cha la 
BO_TZ39_TI-034:1580	nad med tshhe dang dbang phyug dang // dpal dang grags dang skal pa bzang //	158	nad med tshhe dang dbang phyug dang dpal dang grags dang skal ba bzang 
BO_TZ39_TI-034:1581	longs spyod rgya chen kun thob cing //	158	longs spyod rgya chen kun thob cing 
BO_TZ39_TI-034:1582	zhi dang rgyas la sogs pa yi //	158	zhi dang rgya la sogs ba yi 
BO_TZ39_TI-034:1583	las kyi dngos grub bdag la stshol //	158	las kyi dngos grub bdag la stshol 
BO_TZ39_TI-034:1584	dam tshhig can gyis bdag la srungs //	158	dam tshhig can gyis bdag la srungs 
BO_TZ39_TI-034:1585	dngos grub kun gyi stongs grogs mdzod //	158	dngos grub kun gyi stongs grogs mdzod 
BO_TZ39_TI-034:1586	dus min 'chi dang nad rnams dang // gdon dang bgegs rnams med par mdzod //	158	dus min chi dang nad rnams dang don dang bgegs rnams med ba mdzod 
BO_TZ39_TI-034:1587	rmi lam ngan dang mtshhan ma ngan //	158	rmi lam ngan dang mtshhan ma ngan 
BO_TZ39_TI-034:1588	bya byed ngan pa med par mdzod //	158	byed byed ngan ba med ba mdzod 
BO_TZ39_TI-034:1589	'jig rten bde zhing lo legs dang // 'bru rnams 'phel zhing phyugs 'phel ba //	158	jig rten bde zhing lo legs dang bru rnams phel zhing phyugs phel ba 
BO_TZ39_TI-034:1590	dge legs thams cad 'byung ba'i gnas //	159	dge legs thams cad byung ba gnas 
BO_TZ39_TI-034:1591	yid la 'dod pa kun 'grub mdzod //	159	yid la dod ba kun grub mdzod 
BO_TZ39_TI-034:1592	ces 'dod pa'i phrin las gsol /	159	ces dod ba phrin las gsol 
BO_TZ39_TI-034:1593	lnga pa bzlas pa bya ba ni /	159	lnga ba bzlas ba byed ba ni 
BO_TZ39_TI-034:1594	mgon po lcam dral 'khor bcas kyi thugs kar nyi ma la gnas pa'i hu~m yig la sogs pa'i mthar rang rang gi srog sngags rigs kyi kha dog can gyis bskor ba /	159	mgon po lcam dral khor cha kyi thugs kar nyi ma la gnas ba hu~m yig la sogs ba mthar rang rang gi srog sngags rigs kyi kha dog can gyis skor ba 
BO_TZ39_TI-034:1595	bdag bskyed kyi thugs ka'i sa bon las byung ba'i 'od zer phog pas thugs kyi rgyud rab tu bskul bas ci 'dod pa'i phrin las rab 'byams thogs med du sgrub par mos la /	159	bdag skyed kyi thugs ka sa bon las byung ba d zer bogs ba thugs kyi brgyud rab tu skul ba ci dod ba phrin las rab byam thogs med du sgrub ba mos la 
BO_TZ39_TI-034:1596	a+o~m badzra he ru ka sa ma ya ma nu pa la ya /	159	a+o~m badzra he ru ka sa ma ya ma nu ba la ya 
BO_TZ39_TI-034:1597	badzra he ru ka twe no pa tish+tha /	159	badzra he ru ka twe no ba tish+tha 
BO_TZ39_TI-034:1598	dr-i d+ho me b+ha wa /	159	dr-i d+ho me b+ha wa 
BO_TZ39_TI-034:1599	su to sh+yo me b+ha wa /	159	su to sh+yo me b+ha wa 
BO_TZ39_TI-034:1600	su po sh+yo me b+ha wa /	160	su po sh+yo me b+ha wa 
BO_TZ39_TI-034:1601	a nu rak+to me b+ha wa /	160	a nu rak+to me b+ha wa 
BO_TZ39_TI-034:1602	sarba sid+d+hi m+me pra yatsh+tshha /	160	sarba sid+d+hi m+me pra yatsh+tshha 
BO_TZ39_TI-034:1603	sarba karma su tsha me tshit+tam/	160	sarba karma su tsha me 
BO_TZ39_TI-034:1604	shre yamhku ru hu~m/	160	shre yamhku ru 
BO_TZ39_TI-034:1605	ha ha ha ha hoh	160	ha ha ha ha hoh 
BO_TZ39_TI-034:1606	b+ha ga wana?: sarba ta tha ga ta /	160	b+ha ga wana?: sarba ta tha ga ta 
BO_TZ39_TI-034:1607	he ru ka ma me muny+tsha /	160	he ru ka ma me muny+tsha 
BO_TZ39_TI-034:1608	he ru ko b+ha wa /	160	he ru ko b+ha wa 
BO_TZ39_TI-034:1609	ma ha sa ma ya satwa ahhu~m phatah	160	ma ha sa ma ya satwa ahhu~m phatah 
BO_TZ39_TI-034:1610	ces he ru ka'i yig brgya dang / gong gnon gyi bzlas pa sngon du 'gro bas bzla bya'i sngags ni /	161	ces he ru ka yig brgya dang gong gnon gyi bzlas ba sngon du gro ba bzla byed sngags ni 
BO_TZ39_TI-034:1611	a+o~m b+hu ru ku ru i tshi ki byi u tshush+ma kro d+ha hu~m phatah	161	a+o~m b+hu ru ku ru i tshi ki byi u tshush+ma kro d+ha hu~m phatah 
BO_TZ39_TI-034:1612	ces legs ldan tshhogs bdag go	161	ces legs ldan tshhogs bdag go 
BO_TZ39_TI-034:1613	/a+o~m ma ha ka la gu na hr-i da hu~m phat:	161	ma ha ka la gu na hr-i da hu~m phat: 
BO_TZ39_TI-034:1614	ces phyag bzhi pa /	161	ces phyag bzhi ba 
BO_TZ39_TI-034:1615	a+o~m ma ha ka la e ka dza ti gu na hr-i da hu~m phat:	161	a+o~m ma ha ka la e ka dza ti gu na hr-i da hu~m phat: 
BO_TZ39_TI-034:1616	phyag bzhi pa yab yum sbrel ma /	161	phyag bzhi ba yab yum sbrel ma 
BO_TZ39_TI-034:1617	a+o~m shri ma ha ka la ga na gu h+ya ram sid+d+hi hu~m phat:	161	a+o~m shri ma ha ka la ga na gu h+ya ram sid+d+hi hu~m phat: 
BO_TZ39_TI-034:1618	ma ning ngo //	161	ma ning ngo 
BO_TZ39_TI-034:1619	a+o~m ma ha ka la bi ka la tri yam dza :	161	a+o~m ma ha ka la bi ka la tri yam dza 
BO_TZ39_TI-034:1620	zhal bzhi pa'o //	162	zhal bzhi ba 
BO_TZ39_TI-034:1621	trag rak+sha kha mun+t+ra mu ru mu ru hu~m b+h+yo hu~m rak+mo te kem tsha tshha kha la b+h+yo ru lu ru lu ma ti b+h+yo /	162	trag rak+sha kha mun+t+ra mu ru mu ru hu~m b+h+yo hu~m rak+mo te kem tsha tshha kha la b+h+yo ru lu ru lu ma ti b+h+yo 
BO_TZ39_TI-034:1622	sngags srung ngo //	162	sngags srung ngo 
BO_TZ39_TI-034:1623	a+o~m ma ha de ba sa ma ya hrim dza :	162	a+o~m ma ha de ba sa ma ya hrim dza 
BO_TZ39_TI-034:1624	zhes lha chen bsnyen sngags dang / a+o~m ma ha de wa dzahu ma de wi hrim ha ri ni sa pa sham ku ru ho :	162	zhes lha chen snyen sngags dang a+o~m ma ha de wa dzahu ma de wi hrim ha ri ni sa ba sham ku ru ho 
BO_TZ39_TI-034:1625	zhes sgrub sngags thun mong ba'o //	162	zhes sgrub sngags thun mong ba 
BO_TZ39_TI-034:1626	hri shag ru rag ram na ge tshit+ta tram ma ma yo za 'gram ha ha ga sha la dzahdzah	162	hri shag ru rag ram na ge tshit+ta tram ma ma yo za grams ha ha ga sha la dzahdzah 
BO_TZ39_TI-034:1627	gza' bdud do //	162	gza bdud do 
BO_TZ39_TI-034:1628	a+o~m ma ha ra dza sa ma ya bai shra ma na ye sarba tshit+ta rat+na hrim dzah	162	a+o~m ma ha ra dza sa ma ya bai shra ma na ye sarba tshit+ta rat+na hrim dzah 
BO_TZ39_TI-034:1629	rnam sras so //	162	rnam sras so 
BO_TZ39_TI-034:1630	a+o~m ma ma ra li pra ma ya ka li ye dzahdzah	163	a+o~m ma ma ra li pra ma ya ka li ye dzahdzah 
BO_TZ39_TI-034:1631	dur khrod ma mo dang / a+o~m ma ha ka la ya /	163	dur khrod ma mo dang a+o~m ma ha ka la ya 
BO_TZ39_TI-034:1632	sha sa na u pa ha ri ni /	163	sha sa na u ba ha ri ni 
BO_TZ39_TI-034:1633	e sha a pany+tshi ma ka lo a yam/	163	e sha a pany+tshi ma ka lo a 
BO_TZ39_TI-034:1634	i dam rat+na tra ya ya /	163	i dam rat+na tra ya ya 
BO_TZ39_TI-034:1635	a pa ka ri nam ya di pra ti dz+nya sma ra si ta da/	163	a ba ka ri nam ya di pra ti dz+nya sma ra si ta 
BO_TZ39_TI-034:1636	i dam dush+tam kha kha kha hi kha hi /	163	i dam dush+tam kha kha kha hi kha hi 
BO_TZ39_TI-034:1637	ma ra ma ra /	163	ma ra ma ra 
BO_TZ39_TI-034:1638	gr-ih+na gr-ih+na / ban+d+ha ban+d+ha /	163	gr-ih+na gr-ih+na ban+d+ha ban+d+ha 
BO_TZ39_TI-034:1639	ha na ha na /	163	ha na ha na 
BO_TZ39_TI-034:1640	da ha da ha /	164	da ha da ha 
BO_TZ39_TI-034:1641	pa tsha pa tsha /	164	ba tsha ba tsha 
BO_TZ39_TI-034:1642	di na me ke na hu~m phat hu~m/	164	di na me ke na hu~m phat 
BO_TZ39_TI-034:1643	zhes gtsho 'khor thun mong ste /	164	zhes gtsho khor thun mong ste 
BO_TZ39_TI-034:1644	'di rnams ji tsham nus pa bzlas pa'i mthar /	164	di rnams ji tsham nus ba bzlas ba mthar 
BO_TZ39_TI-034:1645	a+o~m shri badzra d+harma pa la sa pa ri wa ra ar+g+ham pra titsh+tshha swa ha nas /	164	a+o~m shri badzra d+harma ba la sa ba ri wa ra ar+g+ham pra titsh+tshha swa ha nas 
BO_TZ39_TI-034:1646	shab+da pra titsh+tshha swa ha/	164	shab+da pra titsh+tshha swa 
BO_TZ39_TI-034:1647	ma ha pany+tsha a mr-ita kha hi /	164	ma ha pany+tsha a mr-ita kha hi 
BO_TZ39_TI-034:1648	zhes mchod cing /	164	zhes mchod cing 
BO_TZ39_TI-034:1649	hu~m/ drag po sku lnga rgyal ba'i bka' sdod mchog	164	drag po sku lnga rgyal ba bka sdod mchog 
BO_TZ39_TI-034:1650	/ye shes lnga ldan rgyal ba rigs lnga'i 'khor //	165	shes lnga ldan rgyal ba rigs lnga khor 
BO_TZ39_TI-034:1651	phrin las bdud 'dul dgra bgegs kun gyi gshed //	165	phrin las bdud dul dgra bgegs kun gyi gshed 
BO_TZ39_TI-034:1652	legs ldan 'khor dang bcas la phyag 'tshhal bstod //	165	legs ldan khor dang cha la phyag tshhal bstod 
BO_TZ39_TI-034:1653	'bar ba'i dkyil 'khor gsan cing dgongs su gsol //	165	bar ba dkyil khor gsan cing dgongs su gsol 
BO_TZ39_TI-034:1654	phyi nang gsang ba'i mchod pas dgyes par mdzod //	165	phyi nang gsang ba mchod ba dgyes ba mdzod 
BO_TZ39_TI-034:1655	dam tshhig 'gal 'khrul nyams chag mthol zhing bshags //	165	dam tshhig gal khrul nyams chag mthol zhing chags 
BO_TZ39_TI-034:1656	thun mong mchog gi dngos grub bstshal du gsol //	165	thun mong mchog gi dngos grub bstshal du gsol 
BO_TZ39_TI-034:1657	zhes bstod cing 'dod pa'i don la gsol ba gdab bo /	165	zhes bstod cing dod ba don la gsol ba gdab bo 
BO_TZ39_TI-034:1658	/drug pa tshhogs kyi mchod pa ni /	165	ba tshhogs kyi mchod ba ni 
BO_TZ39_TI-034:1659	tshhogs rdzas byin gyis brlab pa /	165	tshhogs rdzas byin gyis brlab ba 
BO_TZ39_TI-034:1660	mchod bshags bsgral stob rnams bdag bskyed kyi cho ga gang la brten pa'i skabs dang mthun par 'dir sbyar ro /	166	mchod chags bsgral stob rnams bdag skyed kyi cho ga gang la rten ba skabs dang mthun ba dir sbyor ro 
BO_TZ39_TI-034:1661	/bdun pa thugs dam skong ba'i rim pa la /	166	ba thugs dam skong ba rim ba la 
BO_TZ39_TI-034:1662	dam can so so'i skong ba /	166	dam can so so skong ba 
BO_TZ39_TI-034:1663	bshags pa / phrin bcol dang gsum las /	166	chags ba phrin chol dang gsum las 
BO_TZ39_TI-034:1664	dang po ni /	166	dang po ni 
BO_TZ39_TI-034:1665	skong rdzas rnams a mr-itas bsang /	166	skong rdzas rnams a mr-itas bsang 
BO_TZ39_TI-034:1666	swa b+ha was sbyang /	166	swa b+ha was sbyong 
BO_TZ39_TI-034:1667	stong pa'i ngang las b+h+ru~m las gnas khang dur khrod drag po'i zhing khams bsam gyis mi khyab par /	166	stong ba ngang las b+h+ru~m las gnas khang dur khrod drag po zhing khams bsam gyis mi khyab ba 
BO_TZ39_TI-034:1668	phyi nang gsang ba'i mchod pa spyan gzigs mthun rdzas rten rdzas skong rdzas la sogs pa thams cad srid zhi'i 'dod yon gyi rnam pa mkho dgu tshhang ba /	166	phyi nang gsang ba mchod ba spyan gzigs mthun rdzas rten rdzas skong rdzas la sogs ba thams cad srid zhi dod yon gyi rnam ba mkho dgu tshhang ba 
BO_TZ39_TI-034:1669	bzang dgus 'byor pa /	166	bzang dgus byor ba 
BO_TZ39_TI-034:1670	mdzes dgus brgyan pa /	167	mdzes dgus rgyan ba 
BO_TZ39_TI-034:1671	ngo bo ye shes sgyu ma'i rang bzhin bde ba'i rnam pa thams cad par 'char bas nam mkha'i khams gang bar gyur /	167	ngo bo ye shes sgyu ma rang bzhin bde ba rnam ba thams cad ba char ba nam mkha khams gang ba gyur 
BO_TZ39_TI-034:1672	na mahsarba ta tha ga te b+h+yo bi shwa mu khe b+h+yah	167	na mahsarba ta tha ga te b+h+yo bi shwa mu khe b+h+yah 
BO_TZ39_TI-034:1673	sarba tha kham ut+ga te s+pha ra na i mam ga ga na kham swa ha/	167	sarba tha kham ut+ga te s+pha ra na i mam ga ga na kham swa 
BO_TZ39_TI-034:1674	lan gsum dang / badzra s+pha ra na kham zhes pas byin gyis brlab cing zad mi shes par spel la /	167	lan gsum dang badzra s+pha ra na kham zhes ba byin gyis brlab cing zad mi shes ba spel la 
BO_TZ39_TI-034:1675	dpal mgon legs ldan tshhogs kyi bdag po'i skong ba ni /	167	dpal mgon legs ldan tshhogs kyi bdag po skong ba ni 
BO_TZ39_TI-034:1676	hu~m/ bdag ni rig 'dzin sgrub pa po //	167	bdag ni rig dzin sgrub ba po 
BO_TZ39_TI-034:1677	dam la gnas shing lha la 'phreng /	167	dam la gnas shing lha la phreng 
BO_TZ39_TI-034:1678	khyod ni srung ma mthu rtshal can //	167	khyod ni srung ma mthu rtshal can 
BO_TZ39_TI-034:1679	sngon tshhe dpal chen spyan snga ru //	167	sngon tshhe dpal chen spyan snga ru 
BO_TZ39_TI-034:1680	bstan pa bsrung bar zhal bzhes pa'i /	168	ston ba bsrung ba zhal bzhes ba 
BO_TZ39_TI-034:1681	khyod kyi dam bca' gnyan po de //	168	khyod kyi dam chos gnyan po de 
BO_TZ39_TI-034:1682	da lta rnal 'byor bdag bskul na //	168	da lta rnal byor bdag skul na 
BO_TZ39_TI-034:1683	thugs dam dbang gis gshegs su gsol //	168	thugs dam dbang gis gshegs su gsol 
BO_TZ39_TI-034:1684	ma ha ka la gnas 'dir byon //	168	ma ha ka la gnas dir byon 
BO_TZ39_TI-034:1685	legs ldan nag po gnas 'dir byon //	168	legs ldan nag po gnas dir byon 
BO_TZ39_TI-034:1686	dur khrod sgrol ging gnas 'dir byon //	168	dur khrod sgrol ging gnas dir byon 
BO_TZ39_TI-034:1687	rdo rje sgrol byed gnas 'dir byon //	168	rdo rje sgrol byed gnas dir byon 
BO_TZ39_TI-034:1688	sa bcu'i dbang phyug gnas 'dir byon //	168	sa chu dbang phyug gnas dir byon 
BO_TZ39_TI-034:1689	rig 'dzin srung ma gnas 'dir byon //	168	rig dzin srung ma gnas dir byon 
BO_TZ39_TI-034:1690	rnal 'byor dgra bla gnas 'dir byon //	169	rnal byor dgra bla gnas dir byon 
BO_TZ39_TI-034:1691	tshhogs bdag chen po gnas 'dir byon //	169	tshhogs bdag chen po gnas dir byon 
BO_TZ39_TI-034:1692	bos so chos skyong snyan ma sra //	169	bod so chos skyong snyan ma sra 
BO_TZ39_TI-034:1693	g.yab bo legs ldan spyan ma brtul //	169	g.yab bo legs ldan spyan ma brtul 
BO_TZ39_TI-034:1694	sgrub bo tshhogs bdag gong ma g.yel //	169	sgrub bo tshhogs bdag gong ma g.yel 
BO_TZ39_TI-034:1695	bskul lo bdud rgyal mthu ma chung //	169	skul lo bdud rgyal mthu ma chung 
BO_TZ39_TI-034:1696	do nub khyod kyi thugs dam bskang //	169	do nub khyod kyi thugs dam skong 
BO_TZ39_TI-034:1697	bskang ngo bskal pas thugs dam bskang //	169	skong ngo bskal ba thugs dam skong 
BO_TZ39_TI-034:1698	hu~m/ me tog spos dang mar me dri //	169	me tog spros dang mar me dri 
BO_TZ39_TI-034:1699	zhal zas rol mo'i bye brag dang // 'phan gdugs lhab lhub sna tshhogs kyis //	169	zhal zas rol mo bye brag dang phan gdugs lhab lhub sna tshhogs kyis 
BO_TZ39_TI-034:1700	legs ldan 'khor bcas thugs dam bskang //	170	legs ldan khor cha thugs dam skong 
BO_TZ39_TI-034:1701	sha chen lnga ni ri ltar spungs //	170	sha chen lnga ni ri ltar spung 
BO_TZ39_TI-034:1702	bdud rtshi lnga ni mtshho ltar bskyil //	170	bdud rtshi lnga ni mtshho ltar skyil 
BO_TZ39_TI-034:1703	ye shes lnga ldan dam rdzas 'dis //	170	ye shes lnga ldan dam rdzas dis 
BO_TZ39_TI-034:1704	dpal mgon 'khor bcas thugs\u0f8e	170	dpal mgon khor cha thugs\u0f8e 
BO_TZ39_TI-034:1705	sha chen khrag dang dbang po lnga //	170	sha chen khrag dang dbang po lnga 
BO_TZ39_TI-034:1706	tshhil chen zhun mar mkhris pa dang // g.yang gzhi lhab lhub rkang gling sgras //	170	tshhil chen zhun mar mkhris ba dang g.yang gzhi lhab lhub rkang gling sgras 
BO_TZ39_TI-034:1707	dpal mgon 'khor bcas thugs\u0f8e	170	dpal mgon khor cha thugs\u0f8e 
BO_TZ39_TI-034:1708	dmar chen bza' bca'i gtor ma dang // 'bru bcud bdud rtshi btung ba'i rgyun /	170	dmar chen bza bca thor ma dang bru bcud bdud rtshi thung ba rgyun 
BO_TZ39_TI-034:1709	khyad par dam rdzas sna tshhogs kyis //	170	khyad ba dam rdzas sna tshhogs kyis 
BO_TZ39_TI-034:1710	dpal mgon 'khor bcas thugs\u0f8e	171	dpal mgon khor cha thugs\u0f8e 
BO_TZ39_TI-034:1711	gling bzhi gling phran ri rab dang // rin chen bdun dang bkra shis rdzas //	171	gling bzhi gling phran ri rab dang rin chen bdun dang bkra shis rdzas 
BO_TZ39_TI-034:1712	'dod yon lnga yi mchod pa yis //	171	dod yon lnga yi mchod ba yis 
BO_TZ39_TI-034:1713	dpal mgon 'khor bcas thugs\u0f8e	171	dpal mgon khor cha thugs\u0f8e 
BO_TZ39_TI-034:1714	g.yag nag rta nag khyi nag dang // lug nag bya nag la sogs pa //	171	g.yag nag rta nag khyi nag dang lug nag byed nag la sogs ba 
BO_TZ39_TI-034:1715	rten pa'i dam rdzas sna tshhogs kyis //	171	rten ba dam rdzas sna tshhogs kyis 
BO_TZ39_TI-034:1716	dpal mgon 'khor bcas thugs dam bskang //	171	dpal mgon khor cha thugs dam skong 
BO_TZ39_TI-034:1717	zhes pa tsham gyi mthar /	171	zhes ba tsham gyi mthar 
BO_TZ39_TI-034:1718	bskang ngo bshags so thugs dam can //	171	skong ngo chags so thugs dam can 
BO_TZ39_TI-034:1719	dam can thugs dam bskangs gyur nas //	171	dam can thugs dam skong gyur nas 
BO_TZ39_TI-034:1720	bdag gi nyams chag byang bar mdzod //	172	bdag gi nyams chag byang ba mdzod 
BO_TZ39_TI-034:1721	dngos grub sgrub la bar gcod pa'i //	172	dngos grub sgrub la ba gcod ba 
BO_TZ39_TI-034:1722	'gal rkyen bar chad zhi ba dang // mthun rkyen bsam pa thams cad sgrubs //	172	gal rkyen ba chad zhi ba dang mthun rkyen bsam ba thams cad sgrubs 
BO_TZ39_TI-034:1723	rtag tu thugs dam ma g.yel bar //	172	rtag tu thugs dam ma g.yel ba 
BO_TZ39_TI-034:1724	bcol ba'i phrin las sgrub par mdzod //	172	chol ba phrin las sgrub ba mdzod 
BO_TZ39_TI-034:1725	ces bskang bar bya'o //	172	ces skong ba byed 
BO_TZ39_TI-034:1726	ye shes mgon po phyag bzhi pa'i skong ba ni /	172	ye shes mgon po phyag bzhi ba skong ba ni 
BO_TZ39_TI-034:1727	hu~m/ chos dbyings bde ba chen po'i ye shes kyi //	172	chos dbyings bde ba chen po ye shes kyi 
BO_TZ39_TI-034:1728	rnam mang rol pa las byung mchod pa'i sprin /	172	rnam mang rol ba las byung mchod ba sprin 
BO_TZ39_TI-034:1729	khrag chen rgya mtshho zhag gi lbu phreng can //	172	khrag chen rgya mtshho zhag gi lbu phreng can 
BO_TZ39_TI-034:1730	gnag pa'i chu skyes lang tshho mi sdug 'jigs //	173	gnag ba chu skye lang tshho mi sdug jigs 
BO_TZ39_TI-034:1731	gsur chen dud pa'i sprin phung lang long g.yo //	173	gsur chen dud ba sprin phung lang long g.yo 
BO_TZ39_TI-034:1732	zhun chen sgron me'i 'od kyis stong gsum 'geng /	173	zhun chen sgron me d kyis stong gsum geng 
BO_TZ39_TI-034:1733	khrag zhag byug pa ga pur dri ngad ldang // sha rus bza' ba'i tshhogs rnams ro brgyar ldan //	173	khrag zhag byug ba ga pur dri ngad ldang sha rus bza ba tshhogs rnams ro brgyar ldan 
BO_TZ39_TI-034:1734	yan lag 'bum ldan dbyangs kyi nga ro sogs //	173	yan lag bum ldan dbyangs kyi nga ro sogs 
BO_TZ39_TI-034:1735	zag med mchog gi 'dod yon longs spyod kyis //	173	zag med mchog gi dod yon longs spyod kyis 
BO_TZ39_TI-034:1736	ye shes mgon po 'khor bcas thugs dam bskang //	173	ye shes mgon po khor cha thugs dam skong 
BO_TZ39_TI-034:1737	sna tshhogs 'dod yon gtor chen ri ltar spungs /	173	sna tshhogs dod yon thor chen ri ltar spung 
BO_TZ39_TI-034:1738	khrag zhag bdud rtshi'i btung ba rgya mtshhor bskyil //	173	khrag zhag bdud rtshi thung ba rgya mtshhor skyil 
BO_TZ39_TI-034:1739	mam sa don snying nang rol rdza ltar lhags //	173	mam sa don snying nang rol rdza ltar lhags 
BO_TZ39_TI-034:1740	bda' zhing bsung ba'i kha zas g.yos su sbyar //	174	ded zhing bsung ba kha zas g.yos su sbyor 
BO_TZ39_TI-034:1741	sman spos rtshi bcud nor dbyig ji snyed dang // yid 'phrog phyag rgyar sbyor ba'i dam tshhig sogs //	174	sman spros rtshi bcud nor dbyig ji snyed dang yid phrog phyag rgyar sbyor ba dam tshhig sogs 
BO_TZ39_TI-034:1742	mthun pa'i rdzas kyis dpag yas mkha' bkang nas //	174	mthun ba rdzas kyis dpog yas mkha geng nas 
BO_TZ39_TI-034:1743	ye shes mgon po 'khor bcas thugs\u0f8e	174	ye shes mgon po khor cha thugs\u0f8e 
BO_TZ39_TI-034:1744	sna tshhogs rgyan spras rta nag rlung ltar 'phyo //	174	sna tshhogs rgyan spras rta nag rlung ltar phyo 
BO_TZ39_TI-034:1745	g.yag rog zhol chen sprin rum ltar 'gying zhing //	174	g.yag rog zhol chen sprin rum ltar gying zhing 
BO_TZ39_TI-034:1746	bdud lug spyi dkar lcags rwa 'khyil ba can /	174	bdud lug spyi dkar lcags rwa khyil ba can 
BO_TZ39_TI-034:1747	khyi nag dom bu 'dur zhing khrag rjes gcod //	174	khyi nag dom bu dur zhing khrag rjes gcod 
BO_TZ39_TI-034:1748	gnam lcags mchu ldan bya nag 'phur zhing lding //	174	gnam lcags mchu ldan byed nag phur zhing lding 
BO_TZ39_TI-034:1749	dgra bgegs srog la 'jab pa'i bya gcan sogs //	174	dgra bgegs srog la jab ba byed gcan sogs 
BO_TZ39_TI-034:1750	zhing kun dog por byed pa'i rten rnams kyis //	175	zhing kun dog por byed ba rten rnams kyis 
BO_TZ39_TI-034:1751	ye shes mgon po 'khor bcas thugs\u0f8e	175	ye shes mgon po khor cha thugs\u0f8e 
BO_TZ39_TI-034:1752	rab 'jigs drag po'i gzhal med rngams shing brjid //	175	rab jigs drag po jal med rngams shing brjid 
BO_TZ39_TI-034:1753	'bod pa'i g.yab dar sna tshhogs lhab lhub g.yo //	175	bod ba g.yab dar sna tshhogs lhab lhub g.yo 
BO_TZ39_TI-034:1754	dur khrod drag po'i rgyan phreng tshhar du dngar //	175	dur khrod drag po rgyan phreng tshhar du dngar 
BO_TZ39_TI-034:1755	sna tshhogs dar snas dpyangs pa'i bya rgod mda'//	175	sna tshhogs dar snas dpyong ba byed rgod 
BO_TZ39_TI-034:1756	gri gug ral gri beng sogs phyag mtshhan dang // gnag pa'i zhwa gos gzugs rten gtor ma sogs //	175	gri gug ral gri beng sogs phyag mtshhan dang gnag ba zhwa gos gzugs rten thor ma sogs 
BO_TZ39_TI-034:1757	bzhed dgu tshhang ba'i 'byor pa ji snyed kyis //	175	bzhed dgu tshhang ba byor ba ji snyed kyis 
BO_TZ39_TI-034:1758	ye shes mgon po 'khor bcas thugs\u0f8e	175	ye shes mgon po khor cha thugs\u0f8e 
BO_TZ39_TI-034:1759	dpa' bo g.yul du mtshhon gyis bsad pa'i snying //	175	dpa bo g.yul du mtshhon gyis bsad ba snying 
BO_TZ39_TI-034:1760	'khrul med srog gi 'khor los bkang ba dang // rang byung rten rdo gru gsum nal bu'i snying //	176	khrul med srog gi khor los geng ba dang rang byung rten rdo gru gsum nal bu snying 
BO_TZ39_TI-034:1761	bzang po'i sman dang rin chen 'bru sna lnga //	176	bzang po sman dang rin chen bru sna lnga 
BO_TZ39_TI-034:1762	gri lcags thog mde'u zangs khab srog snying bcas //	176	gri lcags thogs mdeu zangs khab srog snying cha 
BO_TZ39_TI-034:1763	stag gzig ras ma le brgan dar tshhon sogs //	176	stag gzig ras ma le brgan dar tshhon sogs 
BO_TZ39_TI-034:1764	spyi dang khyad par gsang ba'i rten rnams kyis //	176	spyi dang khyad ba gsang ba rten rnams kyis 
BO_TZ39_TI-034:1765	ye shes mgon po 'khor bcas thugs\u0f8e	176	ye shes mgon po khor cha thugs\u0f8e 
BO_TZ39_TI-034:1766	srid zhi'i 'byor tshhogs rgya mtshhos gang ba yi //	176	srid zhi byor tshhogs rgya mtshhos gang ba yi 
BO_TZ39_TI-034:1767	gling bzhi ri rab rol mtshhor bcas pa dang // bum bzang dpag bsam shing dang 'dod 'jo'i ba //	176	gling bzhi ri rab rol mtshhor cha ba dang bum bzang dpog bsam shing dang dod jo ba 
BO_TZ39_TI-034:1768	ma rmos lo thog bsam 'phel rin chen gter //	176	ma rmos lo thogs bsam phel rin chen gter 
BO_TZ39_TI-034:1769	sna tshhogs nor dbyig go mtshhon dpa' bo'i chas //	176	sna tshhogs nor dbyig go mtshhon dpa bo cha 
BO_TZ39_TI-034:1770	shis pa'i rtags rdzas rin chen bdun la sogs //	177	shis ba rtags rdzas rin chen bdun la sogs 
BO_TZ39_TI-034:1771	dngos 'byor yid sprul nam mkha'i khyon gang bas //	177	dngos byor yid sprul nam mkha khyon gang ba 
BO_TZ39_TI-034:1772	ye shes mgon po 'khor bcas thugs\u0f8e	177	ye shes mgon po khor cha thugs\u0f8e 
BO_TZ39_TI-034:1773	chos kyi dbyings las khrag 'thung dpa' bo'i skur //	177	chos kyi dbyings las khrag thung dpa bo skur 
BO_TZ39_TI-034:1774	bstan kyang gdod nas dag pa'i rang sems dang // dbyer med rang ngo shes pa'i rnal 'byor sogs //	177	ston kyang gdod nas dag ba rang sems dang dbyer med rang ngo shes ba rnal byor sogs 
BO_TZ39_TI-034:1775	bskyed rdzogs lam gyi rim pas thugs dam bskang //	177	skyed rdzogs lam gyi rim ba thugs dam skong 
BO_TZ39_TI-034:1776	gnyis med bde ba chen por dgyes gyur te //	177	gnyis med bde ba chen por dgyes gyur te 
BO_TZ39_TI-034:1777	'dod pa'i dngos grub ma lus stshol ba dang // thub pa'i bstan pa spyi dang khyad par du //	177	dod ba dngos grub ma lus stshol ba dang thub ba ston ba spyi dang khyad ba du 
BO_TZ39_TI-034:1778	rdo rje theg pa'i ring lugs rgyas par mdzod //	177	rdo rje theg ba ring lugs rgya ba mdzod 
BO_TZ39_TI-034:1779	ces bskang ngo //	177	ces skong ngo 
BO_TZ39_TI-034:1780	dpal mgon ma ning gi skong ba ni /	178	dpal mgon ma ning gi skong ba ni 
BO_TZ39_TI-034:1781	hu~m/ rnam dag dbyings las ma g.yos kyang //	178	rnam dag dbyings las ma g.yos kyang 
BO_TZ39_TI-034:1782	thugs rjes khro bo'i skur ston cing //	178	thugs rjes khro bo skur ston cing 
BO_TZ39_TI-034:1783	bdud dpung 'joms mdzad he ru ka	178	bdud dpung joms mdzad he ru ka 
BO_TZ39_TI-034:1784	/mthu chen dpa' bo'i thugs dam bskang //	178	chen dpa bo thugs dam skong 
BO_TZ39_TI-034:1785	mig sman mdangs can rta mchog sogs //	178	mig sman mdangs can rta mchog sogs 
BO_TZ39_TI-034:1786	phyi yi rten gyis thugs dam bskang //	178	phyi yi rten gyis thugs dam skong 
BO_TZ39_TI-034:1787	'dod yon bya rog rgyal mtshhan bcas //	178	dod yon byed rog rgyal mtshhan cha 
BO_TZ39_TI-034:1788	nang gi rten gyis thugs\u0f8e	178	nang gi rten gyis thugs\u0f8e 
BO_TZ39_TI-034:1789	gri snying srog gi 'khor lo sogs //	178	gri snying srog gi khor lo sogs 
BO_TZ39_TI-034:1790	gsang ba'i rten gyis thugs\u0f8e	179	gsang ba rten gyis thugs\u0f8e 
BO_TZ39_TI-034:1791	'bod pa'i dam rdzas yin pa'i phyir //	179	bod ba dam rdzas yin ba phyir 
BO_TZ39_TI-034:1792	g.yab dar nag pos thugs\u0f8e	179	g.yab dar nag pos thugs\u0f8e 
BO_TZ39_TI-034:1793	gshegs pa'i dam rdzas yin pa'i phyir //	179	gshegs ba dam rdzas yin ba phyir 
BO_TZ39_TI-034:1794	dbyangs rnga rol mos thugs\u0f8e	179	dbyangs rnga rol mos thugs\u0f8e 
BO_TZ39_TI-034:1795	gnas kyi dam rdzas yin pa'i phyir //	179	gnas kyi dam rdzas yin ba phyir 
BO_TZ39_TI-034:1796	thod mkhar 'bar bas thugs\u0f8e	179	thod mkhar bar ba thugs\u0f8e 
BO_TZ39_TI-034:1797	bzhugs pa'i dam rdzas yin pa'i phyir //	179	bzhugs ba dam rdzas yin ba phyir 
BO_TZ39_TI-034:1798	pad nyi ro yis thugs\u0f8e	179	pad nyi ro yis thugs\u0f8e 
BO_TZ39_TI-034:1799	rgyan gyi dam rdzas yin pa'i phyir //	179	rgyan gyi dam rdzas yin ba phyir 
BO_TZ39_TI-034:1800	dur khrod chas kyis thugs\u0f8e	180	dur khrod cha kyis thugs\u0f8e 
BO_TZ39_TI-034:1801	dgyes pa'i dam rdzas yin pa'i phyir //	180	dgyes ba dam rdzas yin ba phyir 
BO_TZ39_TI-034:1802	bdud rtshi sman gyis thugs\u0f8e	180	bdud rtshi sman gyis thugs\u0f8e 
BO_TZ39_TI-034:1803	ngom pa'i dam rdzas yin pa'i phyir //	180	ngom ba dam rdzas yin ba phyir 
BO_TZ39_TI-034:1804	dmar chen rak+tas thugs\u0f8e	180	dmar chen rak+tas thugs\u0f8e 
BO_TZ39_TI-034:1805	tshhim pa'i dam rdzas yin pa'i phyir //	180	tshhim ba dam rdzas yin ba phyir 
BO_TZ39_TI-034:1806	dpal gyi gtor mas thugs\u0f8e	180	dpal gyi thor mas thugs\u0f8e 
BO_TZ39_TI-034:1807	mthun pa'i dam rdzas yin pa'i phyir //	180	mthun ba dam rdzas yin ba phyir 
BO_TZ39_TI-034:1808	sna tshhogs nor gyis thugs\u0f8e	180	sna tshhogs nor gyis thugs\u0f8e 
BO_TZ39_TI-034:1809	rten pa'i dam rdzas yin pa'i phyir //	180	rten ba dam rdzas yin ba phyir 
BO_TZ39_TI-034:1810	gzugs rten bla rdos thugs\u0f8e	181	gzugs rten bla rdos thugs\u0f8e 
BO_TZ39_TI-034:1811	bza' ba'i dam rdzas yin pa'i phyir //	181	bza ba dam rdzas yin ba phyir 
BO_TZ39_TI-034:1812	sha chen sna lngas thugs\u0f8e	181	sha chen sna lngas thugs\u0f8e 
BO_TZ39_TI-034:1813	btung ba'i dam rdzas yin pa'i phyir //	181	thung ba dam rdzas yin ba phyir 
BO_TZ39_TI-034:1814	bdud rtshi sna lngas thugs\u0f8e	181	bdud rtshi sna lngas thugs\u0f8e 
BO_TZ39_TI-034:1815	mchod pa'i dam rdzas yin pa'i phyir //	181	mchod ba dam rdzas yin ba phyir 
BO_TZ39_TI-034:1816	srid zhi'i 'byor pas thugs\u0f8e	181	srid zhi byor ba thugs\u0f8e 
BO_TZ39_TI-034:1817	sku yi thugs dam bskang ba'i phyir //	181	sku yi thugs dam skong ba phyir 
BO_TZ39_TI-034:1818	phyag rgya gsal rdzogs thugs\u0f8e	181	phyag rgya gsal rdzogs thugs\u0f8e 
BO_TZ39_TI-034:1819	gsung gi thugs dam bskang ba'i phyir //	181	gsung gi thugs dam skong ba phyir 
BO_TZ39_TI-034:1820	rlung sngags bzlas pas thugs\u0f8e	182	rlung sngags bzlas ba thugs\u0f8e 
BO_TZ39_TI-034:1821	thugs kyi thugs dam bskang ba'i phyir //	182	thugs kyi thugs dam skong ba phyir 
BO_TZ39_TI-034:1822	ting 'dzin brtan pas thugs\u0f8e	182	ting dzin brtan ba thugs\u0f8e 
BO_TZ39_TI-034:1823	yon tan thugs dam bskang ba'i phyir //	182	yon tan thugs dam skong ba phyir 
BO_TZ39_TI-034:1824	'dod yon mkho dgus thugs\u0f8e	182	dod yon mkho dgus thugs\u0f8e 
BO_TZ39_TI-034:1825	phrin las thugs dam bskang ba'i phyir //	182	phrin las thugs dam skong ba phyir 
BO_TZ39_TI-034:1826	las sbyor 'bad pas thugs\u0f8e	182	las sbyor bad ba thugs\u0f8e 
BO_TZ39_TI-034:1827	bskang ngo gsol lo thugs dam bskang //	182	skong ngo gsol lo thugs dam skong 
BO_TZ39_TI-034:1828	dpal 'bar ma ha ka la dang // sprul pa rnam lnga mthu chen brgyad //	182	dpal bar ma ha ka la dang sprul ba rnam lnga mthu chen brgyad 
BO_TZ39_TI-034:1829	'khor dang bcas pa'i thugs dam bskang //	182	khor dang cha ba thugs dam skong 
BO_TZ39_TI-034:1830	thugs dam gnyan skong dngos grub stshol //	183	thugs dam gnyan skong dngos grub stshol 
BO_TZ39_TI-034:1831	zhes bskang ngo //	183	zhes skong ngo 
BO_TZ39_TI-034:1832	bka' srung drag po sde lnga'i skong ba ni /	183	bka srung drag po sde lnga skong ba ni 
BO_TZ39_TI-034:1833	hu~m/ he ru ka dpal thugs rjes khros pa'i gar //	183	he ru ka dpal thugs rjes khro ba gar 
BO_TZ39_TI-034:1834	mi bzad bdud kyi stobs 'phrog nag po che //	183	mi bzad bdud kyi stobs phrog nag po che 
BO_TZ39_TI-034:1835	'jigs rung srin po'i gzugs can gdong bzhi pa //	183	jigs rung srin po gzugs can gdong bzhi ba 
BO_TZ39_TI-034:1836	bka' sdod pho nyar bcas pa da tshhur byon //	183	bka sdod pho nyar cha ba da tshhur byon 
BO_TZ39_TI-034:1837	pha mtha' brdal ba'i 'jig rten khyon gang ba'i //	183	pha mtha rdal ba jig rten khyon gang ba 
BO_TZ39_TI-034:1838	dngos bshams yid sprul 'dod yon 'byor pa'i tshhogs //	183	dngos bshams yid sprul dod yon byor ba tshhogs 
BO_TZ39_TI-034:1839	ngo mtshhar kun bzang mchod pa'i sprin lta bur //	183	ngo mtshhar kun bzang mchod ba sprin lta bur 
BO_TZ39_TI-034:1840	'bul lo brtshe bas dgongs te bzhes su gsol //	184	bul lo brtshe ba dgongs te bzhes su gsol 
BO_TZ39_TI-034:1841	gdug can dgra dang bgegs rnams bsgral pa yi //	184	gdug can dgra dang bgegs rnams bsgral ba yi 
BO_TZ39_TI-034:1842	gzugs phung las grub dmar gyi ar+g+ham dang // drag po'i nyer spyod snyan brjid rol mo'i sgra	184	gzugs phung las grub dmar gyi ar+g+ham dang drag po nyer spyod snyan brjid rol mo sgra 
BO_TZ39_TI-034:1843	/sha lnga bdud rtshi rnam lngas thugs dam bskang //	184	lnga bdud rtshi rnam lngas thugs dam skong 
BO_TZ39_TI-034:1844	gzugs mdzes sgra snyan dri zhim ro bda' dang // reg bde rgyal srid bdun dang bkra shis pa'i //	184	gzugs mdzes sgra snyan dri zhim ro ded dang reg bde rgyal srid bdun dang bkra shis ba 
BO_TZ39_TI-034:1845	rtags rdzas lha mi'i 'dod yon 'byor pa'i tshhogs //	184	rtags rdzas lha mi dod yon byor ba tshhogs 
BO_TZ39_TI-034:1846	mi 'dzad nam mkha' mdzod kyis thugs dam bskang //	184	mi dzad nam mkha mdzod kyis thugs dam skong 
BO_TZ39_TI-034:1847	'chi med bdud rtshi dza gad ma da na //	184	chi med bdud rtshi dza gad ma da na 
BO_TZ39_TI-034:1848	dgra bgegs snying khrag lbu phreng 'khrug pa'i mtshho //	184	dgra bgegs snying khrag lbu phreng khrug ba mtshho 
BO_TZ39_TI-034:1849	lhun po ltar brjid 'dod dgu'i ba lim ta //	184	lhun po ltar brjid dod dgu ba lim ta 
BO_TZ39_TI-034:1850	mnyam sbyor dga' bzhi'i rol pas thugs\u0f8e	185	mnyam sbyor dga bzhi rol ba thugs\u0f8e 
BO_TZ39_TI-034:1851	myur 'gro'i cang shes brjid ldan g.yag rgod dang // mdzes pa'i lug nag bya rog 'phur lding g.yo //	185	myur gro cang shes brjid ldan g.yag rgod dang mdzes ba lug nag byed rog phur lding g.yo 
BO_TZ39_TI-034:1852	dpa' gtum khyi sogs kun kyang mun pa'i mdog	185	dpa thum khyi sogs kun kyang mun ba mdog 
BO_TZ39_TI-034:1853	/sna tshhogs rgyan gyis spras pas thugs\u0f8e	185	tshhogs rgyan gyis spras ba thugs\u0f8e 
BO_TZ39_TI-034:1854	dar nag g.yab dar 'dod yon dur khrod chas //	185	dar nag g.yab dar dod yon dur khrod cha 
BO_TZ39_TI-034:1855	nag po'i zhwa gos gri gug ral gri dang // mdung thung b+hany+dza bya rog rgyal mtshhan sogs //	185	nag po zhwa gos gri gug ral gri dang mdung thung b+hany+dza byed rog rgyal mtshhan sogs 
BO_TZ39_TI-034:1856	mthun pa'i dam rdzas tshhogs kyis thugs\u0f8e	185	mthun ba dam rdzas tshhogs kyis thugs\u0f8e 
BO_TZ39_TI-034:1857	sku gzugs sngags byang gri rgod snying nang du //	185	sku gzugs sngags byang gri rgod snying nang du 
BO_TZ39_TI-034:1858	srog 'khor bla rdo'i chas bcug smyug rgod mda'//	185	srog khor bla rdo cha jug smyug rgod 
BO_TZ39_TI-034:1859	stag gzig ras ma dar snas dpyangs pa sogs //	185	stag gzig ras ma dar snas dpyong ba sogs 
BO_TZ39_TI-034:1860	mi 'bral gsang ba'i rten gyis thugs\u0f8e	186	mi bral gsang ba rten gyis thugs\u0f8e 
BO_TZ39_TI-034:1861	rnam bkra'i spyan gzigs khor yug kun tu bres //	186	rnam bkra spyan gzigs khor yug kun tu bre 
BO_TZ39_TI-034:1862	gar 'cham phyag rgya'i rol gar brjid bag g.yo //	186	gar cham phyag rgya rol gar brjid bag g.yo 
BO_TZ39_TI-034:1863	yas stags mdos kyis snang srid ma 'dres 'char //	186	yas stags mdos kyis snang srid ma dre char 
BO_TZ39_TI-034:1864	brtan g.yo'i dngos kun tshhogs pas thugs\u0f8e	186	brtan g.yo dngos kun tshhogs ba thugs\u0f8e 
BO_TZ39_TI-034:1865	phung khams sbyang gzhi bskyed rdzogs lam gyis sbyong //	186	phung khams sbyong gzhi skyed rdzogs lam gyis sbyong 
BO_TZ39_TI-034:1866	bsnyen sgrub las kyi sbyor ba rtshe mor son //	186	snyen sgrub las kyi sbyor ba rtshe mor son 
BO_TZ39_TI-034:1867	chos kun ka nas dag pa'i bde chen gdangs //	186	chos kun ka nas dag ba bde chen gdang 
BO_TZ39_TI-034:1868	sgyu ma'i rol par shar bas thugs dam bskang //	186	sgyu ma rol ba char ba thugs dam skong 
BO_TZ39_TI-034:1869	zhes bskang ngo //	186	zhes skong ngo 
BO_TZ39_TI-034:1870	ma mo sngags kyi srung ma'i skong ba ni /	187	ma mo sngags kyi srung ma skong ba ni 
BO_TZ39_TI-034:1871	b+h+yoh ye shes ma mo khrag 'thung yum //	187	b+h+yoh ye shes ma mo khrag thung yum 
BO_TZ39_TI-034:1872	sngags srung rdo rje ral gcig ma //	187	sngags srung rdo rje ral gcig ma 
BO_TZ39_TI-034:1873	'khor bcas mthun pa'i dam rdzas kyis //	187	khor cha mthun ba dam rdzas kyis 
BO_TZ39_TI-034:1874	thugs dam bskang zhing nyams chag bshags /	187	thugs dam skong zhing nyams chag chags 
BO_TZ39_TI-034:1875	khrag zhag 'khrug pa'i ar+g+ham dang // dbang po lnga yi me tog dang // gsur chen spos kyi dud sprin dang // zhun chen sgron mes thugs dam bskang //	187	khrag zhag khrug ba ar+g+ham dang dbang po lnga yi me tog dang gsur chen spros kyi dud sprin dang zhun chen sgron mes thugs dam skong 
BO_TZ39_TI-034:1876	mkhris chen bdud rtshi'i dri chab dang // sha khrag rus pa'i zhal zas dang // rkang gling thod rnga'i rol mo sogs //	187	mkhris chen bdud rtshi dri chab dang sha khrag rus ba zhal zas dang rkang gling thod rnga rol mo sogs 
BO_TZ39_TI-034:1877	mthun pa'i rdzas kyis thugs dam bskang //	187	mthun ba rdzas kyis thugs dam skong 
BO_TZ39_TI-034:1878	sna tshhogs snying dang khrag sna 'bum //	187	sna tshhogs snying dang khrag sna bum 
BO_TZ39_TI-034:1879	btshos dang rjen sha dkar mngar bcud //	187	btshos dang rjen sha dkar mngar bcud 
BO_TZ39_TI-034:1880	myos byed dza gad 'bru sman dbyig	188	myos byed dza gad bru sman dbyig 
BO_TZ39_TI-034:1881	/'dod yon mchod pas thugs\u0f8e	188	yon mchod ba thugs\u0f8e 
BO_TZ39_TI-034:1882	bya nag khyi dang za le 'bri //	188	byed nag khyi dang za le bri 
BO_TZ39_TI-034:1883	tsha ra lug dang dre 'u rnams //	188	tsha ra lug dang dre u rnams 
BO_TZ39_TI-034:1884	mdzes sdug rnam bkra'i rgyan cha can //	188	mdzes sdug rnam bkra rgyan cha can 
BO_TZ39_TI-034:1885	'bum phrag mang pos thugs\u0f8e	188	bum phrag mang pos thugs\u0f8e 
BO_TZ39_TI-034:1886	sku gzugs sngags byang rtshe gsum mdung //	188	sku gzugs sngags byang rtshe gsum mdung 
BO_TZ39_TI-034:1887	sba lcag tshhigs gsum rang byung mtshhal //	188	sbed lcag tshhigs gsum rang byung mtshhal 
BO_TZ39_TI-034:1888	byang sems nal bu'i rgyal mtshhan snying //	188	byang sems nal bu rgyal mtshhan snying 
BO_TZ39_TI-034:1889	sha khrag snying snas thugs\u0f8e	188	sha khrag snying snas thugs\u0f8e 
BO_TZ39_TI-034:1890	gtor chen sman phud spyi blugs zhwa //	189	thor chen sman bud spyi blugs zhwa 
BO_TZ39_TI-034:1891	rma bya'i rgyal mtshhan le brgan gur //	189	rma byed rgyal mtshhan le brgan gur 
BO_TZ39_TI-034:1892	bam chen snel mo'i mgo lpags sogs //	189	bam chen snel mo mgo lpags sogs 
BO_TZ39_TI-034:1893	srog 'khor bla rdos thugs\u0f8e	189	srog khor bla rdos thugs\u0f8e 
BO_TZ39_TI-034:1894	rngam brjid thod mkhar dur khrod gnas //	189	rngam brjid thod mkhar dur khrod gnas 
BO_TZ39_TI-034:1895	dpal gyi chas gos rgyan phreng dang // sna tshhogs dkor nor spyan gzigs sogs //	189	dpal gyi cha gos rgyan phreng dang sna tshhogs dkor nor spyan gzigs sogs 
BO_TZ39_TI-034:1896	'dod yon mkho dgus thugs\u0f8e	189	dod yon mkho dgus thugs\u0f8e 
BO_TZ39_TI-034:1897	gzhan yang mthun pa'i dam tshhig rdzas //	189	gzhan yang mthun ba dam tshhig rdzas 
BO_TZ39_TI-034:1898	lha mi'i 'byor tshhogs mchod pa'i sprin //	189	lha mi byor tshhogs mchod ba sprin 
BO_TZ39_TI-034:1899	dngos bshams yid kyi rnam rol las //	189	dngos bshams yid kyi rnam rol las 
BO_TZ39_TI-034:1900	gang bzhed de der 'char bas bskang /	190	gang bzhed de der char ba skong 
BO_TZ39_TI-034:1901	khyad par khyod sku snang stong sku	190	khyad ba khyod sku snang stong sku 
BO_TZ39_TI-034:1902	/gsal brtan grags stong sngags su sbyar //	190	brtan grags stong sngags su sbyor 
BO_TZ39_TI-034:1903	bde stong thugs kyi dkyil 'khor du //	190	bde stong thugs kyi dkyil khor du 
BO_TZ39_TI-034:1904	rang rig 'du 'bral med par bskang //	190	rang rig du bral med ba skong 
BO_TZ39_TI-034:1905	ngo bo dus gsum rgyal kun yum //	190	ngo bo dus gsum rgyal kun yum 
BO_TZ39_TI-034:1906	rnam pa sngags srung khrag 'thung tshhul //	190	rnam ba sngags srung khrag thung tshhul 
BO_TZ39_TI-034:1907	gdul dka' 'dul ba'i mthu rtshal can //	190	gdul dka dul ba mthu rtshal can 
BO_TZ39_TI-034:1908	smug nag khros ma'i thugs dam bskang //	190	smug nag khro ma thugs dam skong 
BO_TZ39_TI-034:1909	ye shes ma mo'i thugs\u0f8e	190	ye shes ma mo thugs\u0f8e 
BO_TZ39_TI-034:1910	khrag 'thung yum gcig thugs\u0f8e	191	khrag thung yum gcig thugs\u0f8e 
BO_TZ39_TI-034:1911	sngags srung khros ma'i thugs\u0f8e	191	sngags srung khro ma thugs\u0f8e 
BO_TZ39_TI-034:1912	e ka dza ti'i thugs\u0f8e	191	e ka dza ti thugs\u0f8e 
BO_TZ39_TI-034:1913	sprul pa rnam gsum ging chen gsum //	191	sprul ba rnam gsum ging chen gsum 
BO_TZ39_TI-034:1914	pho nya ye shes 'jig rten dang // dam tshhig sha za'i mkha' 'gro ma //	191	pho nya ye shes jig rten dang dam tshhig sha za mkha gro ma 
BO_TZ39_TI-034:1915	'bum phrag 'khor bcas thugs\u0f8e	191	bum phrag khor cha thugs\u0f8e 
BO_TZ39_TI-034:1916	bshan pa srog sgrub gza' bdud dang // sgrol ging rdo rje legs pa rnams //	191	bshan ba srog sgrub gza bdud dang sgrol ging rdo rje legs ba rnams 
BO_TZ39_TI-034:1917	lcam dral bka' sdod pho nyar bcas //	191	lcam dral bka sdod pho nyar cha 
BO_TZ39_TI-034:1918	'khor dang bcas pa'i thugs dam bskang //	191	khor dang cha ba thugs dam skong 
BO_TZ39_TI-034:1919	dam can thugs dam dgyes bskang zhing //	191	dam can thugs dam dgyes skong zhing 
BO_TZ39_TI-034:1920	bdag cag nyams chag byang ba dang // zhi rgyas dbang drag phrin las bzhi'i //	192	bdag cag nyams chag byang ba dang zhi rgya dbang drag phrin las bzhi 
BO_TZ39_TI-034:1921	dngos grub chen po grub par mdzod //	192	dngos grub chen po grub ba mdzod 
BO_TZ39_TI-034:1922	ces bskang ngo //	192	ces skong ngo 
BO_TZ39_TI-034:1923	lha chen gyi skong ba ni /	192	lha chen gyi skong ba ni 
BO_TZ39_TI-034:1924	hrih rgyal ba kun gyi gsung gi rdo rje 'dzin //	192	hrih rgyal ba kun gyi gsung gi rdo rje dzin 
BO_TZ39_TI-034:1925	pad+ma gar dbang thugs rje'i rnam rol las //	192	pad+ma gar dbang thugs rje rnam rol las 
BO_TZ39_TI-034:1926	gdul dka' 'dul phyir 'jig rten mgon po'i skur //	192	gdul dka dul phyir jig rten mgon po skur 
BO_TZ39_TI-034:1927	yongs bzhengs lha chen lcam dral 'dir gshegs shig	192	yongs bzhengs lha chen lcam dral dir gshegs shig 
BO_TZ39_TI-034:1928	/chos nyid 'gyur med dbyings las bde chen gyi //	192	nyid gyur med dbyings las bde chen gyi 
BO_TZ39_TI-034:1929	rnam rol ma 'gags 'dod yon mchod pa'i sprin //	192	rnam rol ma gag dod yon mchod ba sprin 
BO_TZ39_TI-034:1930	dpag yas nam mkha'i khams kun yongs gang bas //	193	dpog yas nam mkha khams kun yongs gang ba 
BO_TZ39_TI-034:1931	lha chen lcam dral 'khor bcas thugs dam bskang //	193	lha chen lcam dral khor cha thugs dam skong 
BO_TZ39_TI-034:1932	le brgan dar gyi lhab lhub g.yab mo dang // dam rdzas sbyar ba'i spos kyi dud sprin gtibs //	193	le brgan dar gyi lhab lhub g.yab mo dang dam rdzas sbyor ba spros kyi dud sprin gtibs 
BO_TZ39_TI-034:1933	ting 'dzin sngags rgya gdung dbyangs rol mo'i sgras //	193	ting dzin sngags rgya gdung dbyangs rol mo sgras 
BO_TZ39_TI-034:1934	lha chen lcam dral 'khor bcas thugs\u0f8e	193	lha chen lcam dral khor cha thugs\u0f8e 
BO_TZ39_TI-034:1935	pad+ma ra ga'i khang bzang zla gam dbyibs //	193	pad+ma ra ga khang bzang zla gam dbyibs 
BO_TZ39_TI-034:1936	ngo mtshhar rgyan gyi khyad par du ma yis //	193	ngo mtshhar rgyan gyi khyad ba du ma yis 
BO_TZ39_TI-034:1937	rab mdzes pho brang gnas kyi rten mchog 'dis //	193	rab mdzes pho brang gnas kyi rten mchog dis 
BO_TZ39_TI-034:1938	lha chen lcam dral 'khor bcas thugs\u0f8e	193	lha chen lcam dral khor cha thugs\u0f8e 
BO_TZ39_TI-034:1939	mngar gsum sbyar ba'i skyems dang me tog spos //	193	mngar gsum sbyor ba skyem dang me tog spros 
BO_TZ39_TI-034:1940	mar me dri mchog zhal zas snyan brjid kyi //	194	mar me dri mchog zhal zas snyan brjid kyi 
BO_TZ39_TI-034:1941	rol mor bcas pa'i mchod rdzas sna tshhogs kyis //	194	rol mor cha ba mchod rdzas sna tshhogs kyis 
BO_TZ39_TI-034:1942	lha chen lcam dral 'khor bcas thugs\u0f8e	194	lha chen lcam dral khor cha thugs\u0f8e 
BO_TZ39_TI-034:1943	mdzes pa'i gzugs dang dbyangs snyan bzang po'i dri //	194	mdzes ba gzugs dang dbyangs snyan bzang po dri 
BO_TZ39_TI-034:1944	ro brgya'i bza' btung reg bya'i khyad par sogs //	194	ro brgya bza thung reg byed khyad ba sogs 
BO_TZ39_TI-034:1945	dbang po'i spyod yul 'dod yon rnam pa lngas //	194	dbang po spyod yul dod yon rnam ba lngas 
BO_TZ39_TI-034:1946	lha chen lcam dral 'khor bcas thugs\u0f8e	194	lha chen lcam dral khor cha thugs\u0f8e 
BO_TZ39_TI-034:1947	mnga' che'i 'byor pa rin chen sna bdun dang // bkra shis rtags rdzas brgyad dang 'jo sgeg gi	194	mnga che byor ba rin chen sna bdun dang bkra shis rtags rdzas brgyad dang jo sgeg gi 
BO_TZ39_TI-034:1948	/rnam 'gyur mtha' yas lha mo'i rol rtshed kyis //	194	gyur mtha yas lha mo rol rtshed kyis 
BO_TZ39_TI-034:1949	lha chen lcam dral 'khor bcas thugs\u0f8e	194	lha chen lcam dral khor cha thugs\u0f8e 
BO_TZ39_TI-034:1950	'bru bzang sman spod sna tshhogs mngar gsum gyis //	195	bru bzang sman spod sna tshhogs mngar gsum gyis 
BO_TZ39_TI-034:1951	sbrus pa'i bshos bu sha chen khur ba dang // la du myos byed zho mar gyis bran pas //	195	sbru ba bshos bu sha chen khur ba dang la du myos byed zho mar gyis bran ba 
BO_TZ39_TI-034:1952	lha chen lcam dral 'khor bcas thugs\u0f8e	195	lha chen lcam dral khor cha thugs\u0f8e 
BO_TZ39_TI-034:1953	mngar gsum myos byed sbyar ba'i btung ba dang // rang byung me tog til gyi sgron me sbar //	195	mngar gsum myos byed sbyor ba thung ba dang rang byung me tog til gyi sgron me sbor 
BO_TZ39_TI-034:1954	tshan+dan chab sogs khyad par dam rdzas kyis //	195	tshan+dan chab sogs khyad ba dam rdzas kyis 
BO_TZ39_TI-034:1955	lha chen lcam dral 'khor bcas thugs\u0f8e	195	lha chen lcam dral khor cha thugs\u0f8e 
BO_TZ39_TI-034:1956	rtsha brgyad stong sbyar bdud rtshi'i rgya mtshho dang // dmar chen rak+ta rba klong 'khrug pa'i dbus //	195	rtsha brgyad stong sbyor bdud rtshi rgya mtshho dang dmar chen rak+ta rba klong khrug ba dbus 
BO_TZ39_TI-034:1957	'dod dgu'i rten gtor lhun po ltar spungs pas //	195	dod dgu rten thor lhun po ltar spung ba 
BO_TZ39_TI-034:1958	lha chen lcam dral 'khor bcas thugs\u0f8e	195	lha chen lcam dral khor cha thugs\u0f8e 
BO_TZ39_TI-034:1959	seng ge stag gzig dom dang mkha' lding tshhogs //	195	seng ge stag gzig dom dang mkha lding tshhogs 
BO_TZ39_TI-034:1960	rta mchog glang chen ma he ba lang khyung //	196	rta mchog glang chen ma he ba lang khyung 
BO_TZ39_TI-034:1961	mdzes brjid mkho dgu'i srog chags sna tshhogs kyis //	196	mdzes brjid mkho dgu srog chags sna tshhogs kyis 
BO_TZ39_TI-034:1962	lha chen lcam dral 'khor bcas thugs\u0f8e	196	lha chen lcam dral khor cha thugs\u0f8e 
BO_TZ39_TI-034:1963	khyad par rgyu las bzo bos cho ga bzhin //	196	khyad ba rgyu las bzo bod cho ga bzhin 
BO_TZ39_TI-034:1964	bsgrubs pa'i dam tshhig mchog gi bris sku dang // glegs bam bgrang phreng sngags kyi phyag rgya yis //	196	sgrub ba dam tshhig mchog gi bri sku dang glegs bam bgrong phreng sngags kyi phyag rgya yis 
BO_TZ39_TI-034:1965	lha chen lcam dral 'khor bcas thugs\u0f8e	196	lha chen lcam dral khor cha thugs\u0f8e 
BO_TZ39_TI-034:1966	gzugs 'tshhong las byung lcags las byas pa yis //	196	gzugs tshhong las byung lcags las byed ba yis 
BO_TZ39_TI-034:1967	lcags kyu le brgan dar gyis brgyan pa dang // dbang sdud 'ching byed nyi zla'i zer can gyis //	196	lcags kyu le brgan dar gyis rgyan ba dang dbang sdud ching byed nyi zla zer can gyis 
BO_TZ39_TI-034:1968	lha chen lcam dral 'khor bcas thugs\u0f8e	196	lha chen lcam dral khor cha thugs\u0f8e 
BO_TZ39_TI-034:1969	yab yum srog 'khor bla rten phur bu dang // lha 'dre mi'i srog dam rdzas dkor char bcas //	196	yab yum srog khor bla rten phur bu dang lha dre mi srog dam rdzas dkor char cha 
BO_TZ39_TI-034:1970	srid mes snod du gtams pa'i gsang rten gyis //	197	srid mes snod du gtams ba gsang rten gyis 
BO_TZ39_TI-034:1971	lha chen lcam dral 'khor bcas thugs\u0f8e	197	lha chen lcam dral khor cha thugs\u0f8e 
BO_TZ39_TI-034:1972	snang stong sku yi phyag rgya gsal zhing brtan //	197	snang stong sku yi phyag rgya gsal zhing brtan 
BO_TZ39_TI-034:1973	bzlas brjod sngags kyis thugs dam gnad nas bskul //	197	bzlas rjod sngags kyis thugs dam gnad nas skul 
BO_TZ39_TI-034:1974	rig stong spros bral ka dag gzhir rdzogs pas //	197	rig stong spros bral ka dag gzhir rdzogs ba 
BO_TZ39_TI-034:1975	lha chen lcam dral 'khor bcas thugs\u0f8e	197	lha chen lcam dral khor cha thugs\u0f8e 
BO_TZ39_TI-034:1976	sems nyid gdod nas dag pa rig pa'i gshis //	197	sems nyid gdod nas dag ba rig ba gshis 
BO_TZ39_TI-034:1977	rtshal snang 'gag med 'char ba sgyu ma'i 'phrul //	197	rtshal snang gag med char ba sgyu ma phrul 
BO_TZ39_TI-034:1978	rang shar rang grol gnas lugs ji bzhin dbyings //	197	rang char rang grol gnas lugs ji bzhin dbyings 
BO_TZ39_TI-034:1979	lha chen lcam dral 'khor bcas thugs\u0f8e	197	lha chen lcam dral khor cha thugs\u0f8e 
BO_TZ39_TI-034:1980	stong nyid dbyings dang bde chen ye shes rtshal //	198	stong nyid dbyings dang bde chen ye shes rtshal 
BO_TZ39_TI-034:1981	gnyis med dbyings su thugs dam bskangs gyur nas //	198	gnyis med dbyings su thugs dam skong gyur nas 
BO_TZ39_TI-034:1982	mngon par 'dod pa'i phrin las ma lus pa //	198	mngon ba dod ba phrin las ma lus ba 
BO_TZ39_TI-034:1983	thogs pa med pa myur du 'grub par mdzod //	198	thogs ba med ba myur du grub ba mdzod 
BO_TZ39_TI-034:1984	ces bskang zhing /	198	ces skong zhing 
BO_TZ39_TI-034:1985	gza' bdud kyi skong ba ni /	198	gza bdud kyi skong ba ni 
BO_TZ39_TI-034:1986	hu~m/ phyi nang gsang ba'i mchod pa dang // dmar chen rgyan gyi gtor ma dang // zhal zas tshhogs kyi mchod pa dang // sha sna snying sna'i mchod pa yis //	198	phyi nang gsang ba mchod ba dang dmar chen rgyan gyi thor ma dang zhal zas tshhogs kyi mchod ba dang sha sna snying sna mchod ba yis 
BO_TZ39_TI-034:1987	gza' mchog chen po'i thugs dam bskang //	198	gza mchog chen po thugs dam skong 
BO_TZ39_TI-034:1988	bskangs pa'i dngos grub bstshal du gsol //	198	skong ba dngos grub bstshal du gsol 
BO_TZ39_TI-034:1989	'bru bzang lha bshos sha chen spos //	198	bru bzang lha bshos sha chen spros 
BO_TZ39_TI-034:1990	tshhil chen snang gsal rol mo'i tshhogs //	199	tshhil chen snang gsal rol mo tshhogs 
BO_TZ39_TI-034:1991	sku glud spyan gzigs mang po dang // dam rdzas rgyan gyi gtor ma yis //	199	sku glud spyan gzigs mang po dang dam rdzas rgyan gyi thor ma yis 
BO_TZ39_TI-034:1992	gza' bdud yab yum thugs dam bskang //	199	gza bdud yab yum thugs dam skong 
BO_TZ39_TI-034:1993	rak+ta dmar gyi ar+g+ham gyis //	199	rak+ta dmar gyi ar+g+ham gyis 
BO_TZ39_TI-034:1994	ljang sngon drag po'i thugs\u0f8e	199	ljang sngon drag po thugs\u0f8e 
BO_TZ39_TI-034:1995	sha chen ri rab brtshegs pa yis //	199	sha chen ri rab brtshegs ba yis 
BO_TZ39_TI-034:1996	bdud po rog ti'i thugs\u0f8e	199	bdud po rog ti thugs\u0f8e 
BO_TZ39_TI-034:1997	bsad khrag rba klong 'khrug pa yis /	199	bsad khrag rba klong khrug ba yis 
BO_TZ39_TI-034:1998	khyab 'jug chen po'i thugs\u0f8e	199	khyab jug chen po thugs\u0f8e 
BO_TZ39_TI-034:1999	spos dang snang gsal rol mo yis //	199	spros dang snang gsal rol mo yis 
